69.93671
70.88608
72.46835
72.46835
72.78481
73.73418
73.73418
74.36709
75
75
75.63291
75.94937
76.26582
77.21519
78.16456
78.48101
78.48101
78.79747
79.11392
79.11392
79.11392
79.43038
79.43038
80.06329
80.06329
80.6962
80.6962
80.6962
81.32911
81.32911
81.32911
81.64557
81.64557
82.59494
82.59494
82.59494
82.59494
82.91139
83.22785
83.22785
83.22785
83.86076
83.86076
83.86076
83.86076
84.17722
84.49367
84.49367
84.49367
84.81013
85.12658
85.12658
85.75949
85.75949
85.75949
86.07595
86.07595
86.39241
86.39241
86.39241
86.70886
87.97468
87.97468
87.97468
88.29114
88.60759
88.92405
88.92405
88.92405
88.92405
89.24051
89.24051
89.55696
89.87342
89.87342
90.18987
90.50633
90.50633
90.82278
91.13924
91.13924
91.4557
91.77215
92.08861
92.40506
92.40506
92.40506
92.72152
92.72152
93.35443
93.35443
93.67089
93.67089
93.98734
94.3038
94.3038
95.25316
95.56962
95.56962
95.88608
95.88608
96.20253
96.20253
97.46835
97.46835
97.78481
98.10127
98.73418
98.73418
99.68354
99.68354
99.68354
99.68354
100
54.83871
55.58313
56.82382
56.82382
57.07196
57.81638
57.81638
58.31266
58.80893
58.80893
59.30521
59.55335
59.80149
60.54591
61.29032
61.53846
61.53846
61.7866
62.03474
62.03474
62.03474
62.28288
62.28288
62.77916
62.77916
63.27543
63.27543
63.27543
63.77171
63.77171
63.77171
64.01985
64.01985
64.76427
64.76427
64.76427
64.76427
65.01241
65.26055
65.26055
65.26055
65.75682
65.75682
65.75682
65.75682
66.00496
66.2531
66.2531
66.2531
66.50124
66.74938
66.74938
67.24566
67.24566
67.24566
67.4938
67.4938
67.74194
67.74194
67.74194
67.99007
68.98263
68.98263
68.98263
69.23077
69.47891
69.72705
69.72705
69.72705
69.72705
69.97519
69.97519
70.22333
70.47146
70.47146
70.7196
70.96774
70.96774
71.21588
71.46402
71.46402
71.71216
71.9603
72.20844
72.45658
72.45658
72.45658
72.70471
72.70471
73.20099
73.20099
73.44913
73.44913
73.69727
73.94541
73.94541
74.68983
74.93797
74.93797
75.1861
75.1861
75.43424
75.43424
76.4268
76.4268
76.67494
76.92308
77.41935
77.41935
78.16377
78.16377
78.16377
78.16377
78.41191
78.66005
78.90819
79.65261
79.65261
80.14888
80.14888
80.39702
80.39702
80.64516
80.8933
80.8933
81.14144
81.63772
81.63772
81.88586
81.88586
82.134
82.134
82.63027
82.63027
83.12655
83.87097
84.11911
84.36725
85.85608
86.10422
86.6005
86.6005
86.6005
86.84864
86.84864
86.84864
87.34491
88.08933
88.08933
88.33747
88.58561
89.08189
89.33002
89.33002
89.33002
89.33002
89.57816
90.07444
90.07444
90.07444
90.07444
90.32258
90.32258
90.57072
91.067
91.067
91.067
91.31514
91.31514
91.81141
91.81141
92.05955
92.05955
92.30769
