54.21893
60.31927
66.02052
66.47662
66.93273
68.30103
68.41505
70.23945
70.58153
70.9236
71.03763
71.60775
71.72178
72.51995
73.2041
73.2041
73.66021
74.34436
74.80046
75.25656
75.37058
75.59863
75.71266
75.94071
76.05473
76.28278
76.51083
76.51083
76.62486
76.62486
76.73888
76.96693
76.96693
76.96693
76.96693
76.96693
76.96693
77.08096
77.42303
77.65108
77.65108
77.76511
78.10718
78.10718
78.22121
78.33523
78.44926
78.56328
78.56328
78.79133
78.90536
79.01938
79.24743
79.24743
79.36146
79.36146
79.47548
79.58951
79.58951
79.70353
79.81756
79.93158
80.04561
80.15964
80.15964
80.15964
80.27366
80.38769
80.50171
80.50171
80.61574
80.84379
80.95781
81.07184
81.07184
81.18586
81.18586
81.29989
81.29989
81.41391
81.52794
81.52794
81.75599
81.75599
82.09806
82.09806
82.09806
82.21209
82.32611
82.44014
82.44014
82.55416
82.66819
82.66819
82.78221
82.78221
82.78221
83.01026
83.01026
83.01026
83.12429
83.12429
83.12429
83.12429
83.23831
83.35234
83.35234
83.46636
83.46636
83.46636
83.46636
83.46636
83.80844
83.80844
83.80844
83.92246
84.03649
84.03649
84.03649
84.15051
84.15051
84.15051
84.15051
84.26454
84.37856
84.37856
84.37856
84.37856
84.37856
84.37856
84.49259
84.49259
84.49259
84.49259
84.60661
84.60661
84.60661
84.60661
84.60661
84.60661
84.72064
84.72064
84.72064
84.72064
84.83466
84.83466
84.83466
84.94869
84.94869
84.94869
84.94869
84.94869
85.06271
85.06271
85.06271
85.17674
85.29076
85.40479
85.40479
85.51881
85.51881
85.74686
85.86089
85.86089
85.86089
85.97491
85.97491
85.97491
86.08894
86.08894
86.08894
86.20296
86.20296
86.20296
86.20296
86.31699
86.43101
86.43101
86.43101
86.54504
86.65906
86.65906
86.77309
86.88712
86.88712
86.88712
86.88712
87.00114
87.11517
87.11517
87.11517
87.22919
87.22919
87.34322
87.34322
87.34322
87.34322
87.45724
87.45724
87.45724
87.57127
87.57127
87.68529
87.68529
87.68529
87.79932
87.79932
87.79932
87.79932
87.79932
87.79932
87.79932
87.91334
87.91334
87.91334
88.02737
88.02737
88.14139
88.14139
88.14139
88.14139
88.14139
88.14139
88.25542
88.25542
88.25542
88.25542
88.25542
88.36944
88.36944
88.36944
88.36944
88.36944
88.36944
88.48347
88.48347
88.59749
88.71152
88.71152
88.71152
88.71152
88.71152
88.82554
88.82554
88.93957
89.05359
89.05359
89.05359
89.05359
89.05359
89.05359
89.16762
89.16762
89.16762
89.16762
89.28164
89.39567
89.39567
89.39567
89.39567
89.39567
89.50969
89.50969
89.62372
89.73774
89.73774
89.73774
89.85177
89.85177
89.85177
89.85177
89.96579
90.07982
90.07982
90.19384
90.19384
90.19384
90.19384
90.19384
90.19384
90.19384
90.30787
90.30787
90.30787
90.42189
90.42189
90.42189
90.42189
