80.45685
94.58545
95.26227
98.98477
59.96217
70.4918
70.99622
73.77049
76.92308
77.55359
78.31021
78.56242
80.45397
81.08449
82.21942
83.98487
84.23707
84.36318
84.99369
85.37201
85.49811
86.00252
86.50694
86.75914
88.02018
88.65069
88.65069
89.15511
90.16393
90.41614
90.41614
90.66835
90.79445
90.79445
90.92055
90.92055
91.17276
91.17276
91.29887
91.55107
91.55107
91.67718
91.67718
91.80328
92.05549
92.4338
92.4338
92.4338
92.4338
92.5599
92.686
92.81211
92.93821
92.93821
93.06431
93.31652
93.31652
93.31652
93.44262
93.44262
93.56873
93.56873
93.56873
93.69483
93.69483
93.82093
93.82093
93.82093
93.82093
93.82093
93.94704
94.32535
94.32535
94.32535
94.32535
94.45145
94.45145
94.57755
94.57755
94.82976
94.82976
94.95586
94.95586
94.95586
95.08197
95.20807
95.20807
95.20807
95.58638
95.58638
95.58638
95.58638
95.71248
95.83859
95.96469
95.96469
96.09079
96.09079
96.09079
96.2169
96.343
96.4691
96.4691
96.4691
96.4691
96.59521
96.59521
96.72131
96.84741
97.09962
97.09962
97.22573
97.22573
97.22573
97.35183
97.35183
97.35183
97.47793
97.60404
97.60404
98.10845
98.10845
98.10845
98.10845
98.10845
98.36066
98.36066
98.36066
98.36066
98.48676
98.48676
98.73897
98.86507
98.86507
98.86507
99.11728
99.11728
99.24338
99.36948
99.36948
99.49559
99.49559
99.74779
99.74779
99.8739
99.8739
99.8739
99.8739
53.0692
62.38839
62.83482
65.29018
68.08036
68.63839
69.30804
69.53125
71.20536
71.76339
72.76786
74.33036
74.55357
74.66518
75.22321
75.55804
75.66964
76.11607
76.5625
76.78571
77.90179
78.45982
78.45982
78.90625
79.79911
80.02232
80.02232
80.24554
80.35714
80.35714
80.46875
80.46875
80.69196
80.69196
80.80357
81.02679
81.02679
81.13839
81.13839
81.25
81.47321
81.80804
81.80804
81.80804
81.80804
81.91964
82.03125
82.14286
82.25446
82.25446
82.36607
82.58929
82.58929
82.58929
82.70089
82.70089
82.8125
82.8125
82.8125
82.92411
82.92411
83.03571
83.03571
83.03571
83.03571
83.03571
83.14732
83.48214
83.48214
83.48214
83.48214
83.59375
83.59375
83.70536
83.70536
83.92857
83.92857
84.04018
84.04018
84.04018
84.15179
84.26339
84.26339
84.26339
84.59821
84.59821
84.59821
84.59821
84.70982
84.82143
84.93304
84.93304
85.04464
85.04464
85.04464
85.15625
85.26786
85.37946
85.37946
85.37946
85.37946
85.49107
85.49107
85.60268
85.71429
85.9375
85.9375
86.04911
86.04911
86.04911
86.16071
86.16071
86.16071
86.27232
86.38393
86.38393
86.83036
86.83036
86.83036
86.83036
86.83036
87.05357
87.05357
87.05357
87.05357
87.16518
87.16518
87.38839
87.5
87.5
87.5
87.72321
87.72321
87.83482
87.94643
87.94643
88.05804
88.05804
88.28125
88.28125
