79.67332
86.11615
86.2069
71.15073
76.90438
76.98541
93.67909
94.97569
95.78606
96.75851
97.40681
68.80878
74.37304
74.45141
90.59561
91.84953
92.63323
93.57367
94.20063
96.8652
97.02194
98.27586
98.90282
68.1677
73.68012
73.75776
89.75155
90.99379
91.77019
92.70186
93.32298
95.96273
96.11801
97.36025
97.98137
99.37888
100
60.88766
65.81137
65.88072
80.16644
81.27601
81.96949
82.80166
83.35645
85.71429
85.85298
86.96255
87.51734
88.7656
89.32039
89.73648
90.29126
91.26214
91.40083
92.09431
92.5104
93.06519
93.61997
94.03606
94.31345
94.86824
95.42302
95.70042
95.97781
96.2552
96.53259
96.67129
96.67129
97.50347
97.64216
97.91956
97.91956
98.47434
98.47434
98.89043
99.16782
99.30652
99.72261
99.8613
100
60.80332
65.72022
65.78947
80.0554
81.16343
81.85596
82.68698
83.241
85.59557
85.73407
86.84211
87.39612
88.64266
89.19668
89.61219
90.1662
91.13573
91.27424
91.96676
92.38227
92.93629
93.4903
93.90582
94.18283
94.73684
95.29086
95.56787
95.84488
96.12188
96.39889
96.5374
96.5374
97.36842
97.50693
97.78393
97.78393
98.33795
98.33795
98.75346
99.03047
99.16898
99.58449
99.72299
99.8615
100
100
54.39901
58.79802
58.85998
71.6233
72.61462
73.2342
73.9777
74.47336
76.57993
76.70384
77.69517
78.19083
79.30607
79.80173
80.17348
80.66914
81.53656
81.66047
82.28005
82.6518
83.14746
83.64312
84.01487
84.2627
84.75836
85.25403
85.50186
85.74969
85.99752
86.24535
86.36927
86.36927
87.11276
87.23668
87.48451
87.48451
87.98017
87.98017
88.35192
88.59975
88.72367
89.09542
89.21933
89.34325
89.46716
89.46716
89.71499
89.83891
89.96283
89.96283
89.96283
90.21066
90.21066
90.21066
90.33457
90.45849
90.45849
90.5824
90.5824
90.70632
90.95415
90.95415
90.95415
91.20198
91.3259
91.3259
91.44981
91.57373
91.57373
91.69765
91.82156
91.82156
91.94548
91.94548
92.06939
92.06939
92.19331
92.31722
92.31722
92.44114
92.44114
92.56506
92.56506
92.56506
92.81289
92.9368
92.9368
93.06072
93.06072
93.06072
93.06072
93.18463
93.18463
93.18463
93.43247
93.43247
93.55638
93.6803
93.6803
93.92813
94.05204
94.17596
94.17596
94.29988
94.29988
94.54771
94.67162
94.67162
94.79554
94.91945
95.2912
95.2912
95.41512
95.41512
95.41512
95.53903
95.66295
95.66295
95.78686
95.91078
96.0347
96.15861
96.28253
96.28253
96.40644
96.53036
96.53036
96.53036
96.53036
96.65428
96.77819
96.90211
96.90211
96.90211
97.02602
97.02602
97.14994
97.14994
97.14994
97.14994
97.27385
97.27385
97.39777
97.6456
97.6456
97.6456
97.6456
97.76952
97.89343
97.89343
98.01735
98.01735
98.14126
98.14126
98.26518
98.26518
98.3891
98.3891
98.3891
98.51301
98.51301
