99.79424
99.79424
99.79424
99.79424
99.79424
99.79424
99.79424
99.58932
99.58932
99.58932
99.58932
99.58932
99.58932
99.38525
99.38525
99.38525
99.38525
99.38525
99.38525
99.182
99.182
99.182
99.182
99.182
99.182
98.97959
98.97959
98.97959
98.97959
98.97959
98.778
98.778
98.778
98.778
98.778
98.778
98.778
98.57724
98.57724
98.57724
98.57724
98.57724
98.37728
98.37728
98.37728
98.37728
98.37728
98.37728
98.17814
98.17814
98.17814
98.17814
98.17814
98.17814
98.17814
97.9798
97.9798
97.78226
97.78226
97.78226
97.78226
97.78226
97.78226
97.78226
97.78226
97.58551
97.58551
97.58551
97.58551
97.38956
97.38956
97.38956
97.38956
97.38956
97.19439
97.19439
97.19439
97.19439
97
97
97
97
96.80639
96.80639
96.80639
96.80639
96.80639
96.80639
96.61355
96.61355
96.42147
96.42147
96.42147
96.42147
96.42147
96.42147
96.42147
96.23016
96.23016
96.23016
96.23016
96.23016
96.0396
96.0396
96.0396
96.0396
96.0396
96.0396
95.8498
95.8498
95.8498
95.8498
95.8498
95.8498
95.8498
95.8498
95.8498
95.66075
95.66075
95.66075
95.66075
95.47244
95.47244
95.47244
95.47244
95.47244
95.47244
95.47244
95.47244
95.28487
95.28487
95.28487
95.28487
95.28487
95.28487
95.28487
95.09804
95.09804
95.09804
95.09804
95.09804
95.09804
95.09804
95.09804
94.91194
94.72656
94.72656
94.72656
94.72656
94.72656
94.72656
94.72656
94.54191
94.54191
94.54191
94.54191
94.17476
94.17476
94.17476
94.17476
94.17476
94.17476
93.99225
93.99225
93.99225
93.99225
93.99225
93.99225
93.99225
93.81044
93.81044
93.81044
93.81044
93.81044
93.62934
93.62934
93.62934
93.62934
93.62934
93.62934
93.62934
93.44894
93.44894
93.44894
93.44894
93.26923
93.26923
93.26923
93.26923
93.26923
93.26923
93.26923
93.26923
93.09021
93.09021
93.09021
93.09021
93.09021
93.09021
93.09021
92.91188
92.91188
92.91188
92.91188
92.91188
92.91188
92.91188
92.73423
92.73423
92.55725
92.55725
92.55725
92.38095
92.38095
92.38095
92.38095
92.20532
92.20532
92.20532
92.03036
92.03036
92.03036
91.85606
91.85606
91.85606
91.68242
91.50943
91.50943
91.50943
91.3371
91.3371
91.3371
91.3371
91.3371
91.16541
91.16541
91.16541
91.16541
90.99437
90.99437
90.99437
90.99437
90.82397
90.82397
90.82397
90.82397
90.82397
90.82397
90.65421
90.65421
90.65421
90.48507
90.48507
90.48507
90.31657
90.31657
90.31657
90.31657
90.31657
90.1487
90.1487
90.1487
90.1487
90.1487
89.98145
89.98145
89.81481
89.81481
89.6488
89.6488
89.6488
89.6488
89.48339
89.48339
89.48339
89.48339
89.3186
89.3186
89.3186
89.3186
89.15441
89.15441
89.15441
89.15441
89.15441
88.99083
88.99083
88.99083
