100
100
100
100
100
99.8
99.8
99.8
99.8
99.8
99.6008
99.6008
99.6008
99.40239
99.40239
99.40239
99.40239
99.40239
99.20477
99.20477
99.20477
99.20477
99.00794
99.00794
99.00794
99.00794
99.00794
99.00794
98.81188
98.81188
98.81188
98.81188
98.81188
98.81188
98.6166
98.6166
98.6166
98.6166
98.6166
98.6166
98.6166
98.42209
98.42209
98.42209
98.42209
98.42209
98.42209
98.22835
98.22835
98.22835
98.22835
98.22835
98.22835
98.22835
98.22835
98.22835
98.22835
98.03536
98.03536
98.03536
98.03536
98.03536
98.03536
97.84314
97.84314
97.84314
97.84314
97.84314
97.84314
97.84314
97.65166
97.65166
97.65166
97.65166
97.65166
97.65166
97.65166
97.65166
97.65166
97.46094
97.46094
97.46094
97.27096
97.27096
97.27096
97.27096
97.27096
97.27096
97.08171
97.08171
97.08171
97.08171
96.8932
96.8932
96.8932
96.70543
96.70543
96.70543
96.70543
96.70543
96.70543
96.51838
96.51838
96.51838
96.51838
96.51838
96.51838
96.51838
96.33205
96.33205
96.33205
96.33205
96.14644
96.14644
96.14644
96.14644
96.14644
96.14644
95.96154
95.96154
95.96154
95.96154
95.96154
95.96154
95.77735
95.77735
95.59387
95.59387
95.59387
95.59387
95.59387
95.41109
95.41109
95.41109
95.41109
95.41109
95.41109
95.22901
95.22901
95.04762
95.04762
95.04762
95.04762
95.04762
95.04762
95.04762
94.86692
94.86692
94.68691
94.68691
94.68691
94.68691
94.68691
94.68691
94.68691
94.68691
94.50758
94.50758
94.50758
94.50758
94.50758
94.50758
94.32892
94.32892
94.32892
94.32892
94.32892
94.32892
94.15094
94.15094
93.97363
93.97363
93.79699
93.79699
93.79699
93.79699
93.79699
93.79699
93.79699
93.79699
93.79699
93.79699
93.62101
93.62101
93.62101
93.44569
93.44569
93.27103
93.27103
93.09701
93.09701
92.92365
92.92365
92.92365
92.92365
92.92365
92.92365
92.92365
92.92365
92.75093
92.75093
92.75093
92.75093
92.75093
92.57885
92.57885
92.57885
92.57885
92.57885
92.57885
92.40741
92.40741
92.40741
92.40741
92.40741
92.40741
92.40741
92.40741
92.40741
92.40741
92.2366
92.2366
92.2366
92.2366
92.06642
92.06642
91.89687
91.89687
91.89687
91.89687
91.89687
91.89687
91.72794
91.72794
91.72794
91.72794
91.72794
91.55963
91.55963
91.55963
91.55963
91.39194
91.39194
91.39194
91.39194
91.22486
91.22486
91.22486
91.05839
90.89253
90.89253
90.89253
90.89253
90.72727
90.72727
90.72727
90.56261
90.56261
90.39855
90.39855
90.23508
90.23508
90.23508
90.23508
90.0722
90.0722
89.90991
89.90991
89.90991
89.7482
89.7482
89.7482
89.7482
89.58707
89.58707
89.58707
89.58707
89.58707
89.58707
89.58707
89.42652
89.42652
89.42652
89.42652
89.42652
89.26655
89.26655
89.26655
