100
100
100
100
100
100
100
100
100
100
100
100
100
100
100
100
100
100
100
100
100
99.76247
99.76247
99.76247
99.76247
99.76247
99.76247
99.76247
99.76247
99.76247
99.76247
99.76247
99.76247
99.76247
99.76247
99.76247
99.76247
99.76247
99.52607
99.52607
99.52607
99.52607
99.52607
99.52607
99.52607
99.52607
99.52607
99.52607
99.52607
99.52607
99.52607
99.52607
99.52607
99.52607
99.29078
99.29078
99.29078
99.29078
99.29078
99.29078
99.29078
99.29078
99.29078
99.29078
99.29078
99.29078
99.29078
99.29078
99.0566
99.0566
99.0566
99.0566
99.0566
99.0566
99.0566
99.0566
99.0566
99.0566
99.0566
99.0566
99.0566
99.0566
99.0566
99.0566
99.0566
99.0566
98.82353
98.82353
98.82353
98.82353
98.82353
98.82353
98.82353
98.82353
98.82353
98.82353
98.82353
98.82353
98.82353
98.82353
98.82353
98.59155
98.59155
98.59155
98.59155
98.59155
98.59155
98.59155
98.59155
98.59155
98.59155
98.59155
98.59155
98.59155
98.59155
98.59155
98.59155
98.36066
98.36066
98.36066
98.36066
98.36066
98.36066
98.36066
98.36066
98.36066
98.36066
98.36066
98.36066
98.36066
98.36066
98.36066
98.36066
98.36066
98.13084
98.13084
98.13084
98.13084
98.13084
98.13084
98.13084
97.9021
97.9021
97.9021
97.9021
97.9021
97.9021
97.9021
97.9021
97.9021
97.9021
97.9021
97.9021
97.9021
97.67442
97.67442
97.67442
97.67442
97.67442
97.67442
97.67442
97.67442
97.67442
97.67442
97.67442
97.67442
97.4478
97.4478
97.4478
97.4478
97.4478
97.4478
97.4478
97.4478
97.4478
97.4478
97.4478
97.22222
97.22222
97.22222
97.22222
97.22222
97.22222
97.22222
97.22222
97.22222
97.22222
97.22222
97.22222
97.22222
96.99769
96.99769
96.99769
96.99769
96.99769
96.99769
96.99769
96.99769
96.99769
96.77419
96.77419
96.77419
96.77419
96.77419
96.77419
96.77419
96.77419
96.77419
96.77419
96.77419
96.77419
96.55172
96.55172
96.55172
96.55172
96.55172
96.55172
96.55172
96.55172
96.55172
96.55172
96.55172
96.55172
96.55172
96.55172
96.55172
96.55172
96.33028
96.33028
96.33028
96.33028
96.33028
96.33028
96.33028
96.33028
96.33028
96.33028
96.33028
96.33028
96.33028
96.33028
96.33028
96.10984
96.10984
96.10984
96.10984
96.10984
96.10984
96.10984
96.10984
96.10984
96.10984
96.10984
95.89041
95.89041
95.89041
95.89041
95.89041
95.89041
95.67198
95.67198
95.67198
95.67198
95.67198
95.67198
95.67198
95.67198
95.67198
95.67198
95.67198
95.67198
95.67198
95.67198
95.67198
95.67198
95.67198
95.67198
95.45455
95.45455
95.45455
95.45455
95.45455
95.45455
95.45455
95.45455
95.45455
95.45455
95.45455
