97.08266
99.3517
93.88715
96.0815
97.49216
99.37304
99.84326
83.07906
85.0208
86.26907
87.93343
88.34951
88.62691
89.32039
89.59778
90.01387
90.42996
92.37171
93.06519
93.61997
94.03606
94.45215
94.72954
94.86824
95.00693
95.42302
95.97781
96.1165
96.3939
96.53259
96.80999
96.94868
96.94868
97.22607
97.36477
97.64216
98.05825
98.19695
98.75173
99.02913
99.16782
99.44521
99.44521
82.96399
84.90305
86.14958
87.81163
88.22715
88.50416
89.19668
89.47368
89.8892
90.30471
92.24377
92.93629
93.4903
93.90582
94.32133
94.59834
94.73684
94.87535
95.29086
95.84488
95.98338
96.26039
96.39889
96.6759
96.8144
96.8144
97.09141
97.22992
97.50693
97.92244
98.06094
98.61496
98.89197
99.03047
99.30748
99.30748
100
74.22553
75.96035
77.07559
78.56258
78.93432
79.18216
79.80173
80.04957
80.42131
80.79306
82.52788
83.14746
83.64312
84.01487
84.38662
84.63445
84.75836
84.88228
85.25403
85.74969
85.87361
86.12144
86.24535
86.49318
86.6171
86.6171
86.86493
86.98885
87.23668
87.60843
87.73234
88.228
88.47584
88.59975
88.84758
88.84758
89.46716
89.96283
89.96283
90.21066
90.33457
90.33457
90.45849
90.83024
90.95415
91.20198
91.20198
91.3259
91.3259
91.44981
91.57373
91.82156
91.94548
91.94548
91.94548
92.31722
92.44114
92.44114
92.81289
93.06072
93.18463
93.30855
93.30855
93.30855
93.80421
93.80421
93.92813
93.92813
94.05204
94.17596
94.29988
94.67162
94.67162
94.79554
94.91945
95.04337
95.04337
95.16729
95.16729
95.2912
95.2912
95.41512
95.41512
95.53903
95.66295
95.66295
95.66295
95.78686
96.0347
96.0347
96.28253
96.28253
96.28253
96.40644
96.40644
96.53036
96.90211
96.90211
97.02602
97.02602
97.02602
97.14994
97.14994
97.14994
97.14994
97.14994
97.27385
97.39777
97.52169
97.52169
97.6456
97.6456
97.76952
97.89343
97.89343
98.01735
98.01735
98.14126
98.26518
98.26518
98.26518
98.51301
98.63693
98.63693
98.63693
98.76084
98.88476
98.88476
98.88476
99.00867
99.00867
99.13259
99.13259
99.25651
99.25651
99.38042
99.38042
99.50434
99.50434
99.50434
99.50434
99.62825
99.75217
99.75217
99.75217
99.75217
68.30103
69.89738
70.9236
72.2919
72.63398
72.86203
73.43216
73.66021
74.00228
74.34436
75.94071
76.51083
76.96693
77.30901
77.65108
77.87913
77.99316
78.10718
78.44926
78.90536
79.01938
79.24743
79.36146
79.58951
79.70353
79.70353
79.93158
80.04561
80.27366
80.61574
80.72976
81.18586
81.41391
81.52794
81.75599
81.75599
82.32611
82.78221
82.78221
83.01026
83.12429
83.12429
83.23831
83.58039
83.69441
83.92246
83.92246
84.03649
84.03649
84.15051
84.26454
84.49259
84.60661
84.60661
84.60661
84.94869
85.06271
85.06271
85.40479
85.63284
85.74686
85.86089
