90.47619
90.47619
97.8355
99.5671
75.45126
75.45126
81.58845
83.03249
84.11552
84.47653
85.92058
86.28159
86.6426
87.36462
87.72563
87.72563
87.72563
87.72563
88.80866
89.16968
89.16968
89.53069
90.61372
91.33574
91.69675
91.69675
91.69675
92.05776
92.77978
92.77978
93.14079
93.14079
93.50181
93.86282
94.22383
94.58484
94.94585
95.30686
95.66787
95.66787
95.66787
96.02888
96.02888
96.02888
97.11191
97.47292
97.83394
97.83394
97.83394
97.83394
98.19495
98.55596
98.91697
98.91697
98.91697
100
57.73481
57.73481
62.43094
63.53591
64.36464
64.64088
65.74586
66.0221
66.29834
66.85083
67.12707
67.12707
67.12707
67.12707
67.9558
68.23204
68.23204
68.50829
69.33702
69.8895
70.16575
70.16575
70.16575
70.44199
70.99448
70.99448
71.27072
71.27072
71.54696
71.8232
72.09945
72.37569
72.65193
72.92818
73.20442
73.20442
73.20442
73.48066
73.48066
73.48066
74.30939
74.58564
74.86188
74.86188
74.86188
74.86188
75.13812
75.41436
75.69061
75.69061
75.69061
76.51934
76.79558
77.07182
77.07182
77.34807
77.34807
77.90055
77.90055
77.90055
78.1768
78.1768
78.45304
78.45304
79.55801
79.55801
79.83425
79.83425
79.83425
79.83425
80.1105
80.66298
80.66298
80.93923
81.21547
81.21547
81.49171
81.49171
81.49171
81.76796
82.0442
82.0442
82.0442
82.32044
82.59669
82.59669
82.87293
82.87293
83.42541
83.42541
83.70166
83.9779
84.25414
84.53039
84.53039
84.80663
84.80663
85.35912
85.63536
85.9116
86.18785
86.18785
86.46409
86.46409
86.46409
86.74033
86.74033
86.74033
87.29282
87.29282
87.56906
88.12155
88.39779
88.67403
89.50276
89.77901
89.77901
89.77901
89.77901
90.05525
90.05525
90.05525
90.88398
90.88398
90.88398
90.88398
91.16022
91.71271
91.71271
91.71271
91.98895
91.98895
92.26519
92.54144
92.81768
93.92265
94.1989
94.1989
94.1989
94.47514
94.47514
94.47514
95.02762
95.02762
95.02762
95.58011
95.58011
95.85635
95.85635
96.68508
96.68508
96.96133
96.96133
97.23757
97.23757
97.79006
97.79006
98.0663
98.34254
98.61878
98.61878
98.61878
98.61878
98.89503
98.89503
98.89503
99.17127
99.17127
99.44751
99.44751
99.72376
100
100
100
100
54.28571
54.28571
58.7013
59.74026
60.51948
60.77922
61.81818
62.07792
62.33766
62.85714
63.11688
63.11688
63.11688
63.11688
63.8961
64.15584
64.15584
64.41558
65.19481
65.71429
65.97403
65.97403
65.97403
66.23377
66.75325
66.75325
67.01299
67.01299
67.27273
67.53247
67.79221
68.05195
68.31169
68.57143
68.83117
68.83117
68.83117
69.09091
69.09091
69.09091
69.87013
70.12987
70.38961
70.38961
70.38961
70.38961
70.64935
70.90909
71.16883
71.16883
71.16883
71.94805
72.20779
72.46753
72.46753
72.72727
72.72727
