83.75681
78.35314
98.81154
74.79741
94.32739
98.7034
72.33542
91.22257
95.45455
64.00832
80.72122
84.46602
90.56865
90.84605
90.84605
90.98474
91.26214
92.09431
92.92649
93.34258
93.61997
93.75867
93.75867
94.17476
94.17476
95.28433
95.83911
96.2552
96.53259
97.36477
97.64216
97.64216
98.19695
98.33564
98.61304
98.61304
98.75173
98.75173
99.16782
99.30652
99.58391
99.72261
99.8613
99.8613
99.8613
63.91967
80.60942
84.34903
90.44321
90.72022
90.72022
90.85873
91.13573
91.96676
92.79778
93.2133
93.4903
93.62881
93.62881
94.04432
94.04432
95.15235
95.70637
96.12188
96.39889
97.22992
97.50693
97.50693
98.06094
98.19945
98.47645
98.47645
98.61496
98.61496
99.03047
99.16898
99.44598
99.58449
99.72299
99.72299
99.72299
100
100
57.18711
72.11896
75.46468
80.91698
81.16481
81.16481
81.28872
81.53656
82.28005
83.02354
83.39529
83.64312
83.76704
83.76704
84.13879
84.13879
85.13011
85.62577
85.99752
86.24535
86.98885
87.23668
87.23668
87.73234
87.85626
88.10409
88.10409
88.228
88.228
88.59975
88.72367
88.9715
89.09542
89.21933
89.21933
89.21933
89.46716
89.46716
89.59108
89.59108
89.71499
89.83891
89.83891
89.83891
89.83891
89.96283
90.08674
90.33457
90.33457
90.45849
91.07807
91.07807
91.07807
91.20198
91.57373
91.69765
91.82156
92.06939
92.31722
92.44114
92.44114
92.56506
92.56506
92.56506
92.68897
92.68897
92.68897
92.81289
92.9368
92.9368
92.9368
93.06072
93.30855
93.43247
93.55638
93.55638
93.55638
93.55638
93.6803
93.6803
93.92813
93.92813
94.05204
94.17596
94.29988
94.42379
94.54771
94.54771
94.54771
94.67162
94.67162
94.67162
94.79554
94.91945
94.91945
94.91945
95.04337
95.16729
95.16729
95.2912
95.2912
95.2912
95.2912
95.2912
95.41512
95.41512
95.41512
95.41512
95.53903
95.53903
95.53903
95.53903
95.66295
95.66295
95.66295
95.66295
95.91078
96.0347
96.0347
96.0347
96.0347
96.0347
96.0347
96.15861
96.28253
96.28253
96.28253
96.28253
96.28253
96.40644
96.40644
96.40644
96.53036
96.65428
96.65428
96.65428
96.65428
96.77819
96.77819
96.77819
96.90211
97.02602
97.02602
97.02602
97.02602
97.14994
97.27385
97.39777
97.39777
97.39777
97.52169
97.6456
97.76952
97.76952
97.89343
97.89343
97.89343
97.89343
97.89343
98.01735
98.01735
98.01735
98.26518
98.3891
98.3891
98.3891
98.3891
98.3891
98.51301
98.51301
98.63693
98.63693
98.63693
98.76084
98.76084
98.76084
98.76084
98.76084
98.88476
98.88476
98.88476
98.88476
98.88476
98.88476
98.88476
99.00867
99.00867
99.13259
99.13259
99.13259
99.25651
99.25651
99.25651
99.38042
99.38042
99.38042
99.38042
99.38042
99.38042
99.38042
99.38042
99.50434
99.50434
99.62825
99.62825
