94.73684
84.60292
99.51378
81.81818
96.23824
72.39945
85.1595
90.70735
90.84605
92.5104
95.42302
96.94868
98.33564
99.02913
99.72261
99.72261
72.29917
85.04155
90.58172
90.72022
92.38227
95.29086
96.8144
98.19945
98.89197
99.58449
99.58449
64.68401
76.08426
81.04089
81.16481
82.6518
85.25403
86.6171
87.85626
88.47584
89.09542
89.09542
90.33457
90.5824
90.70632
90.95415
90.95415
91.07807
91.20198
91.20198
91.44981
91.69765
91.82156
92.9368
93.43247
93.6803
93.6803
94.05204
94.29988
94.42379
94.67162
94.91945
95.04337
95.16729
95.2912
95.2912
95.41512
95.53903
95.53903
95.53903
95.66295
95.91078
95.91078
96.0347
96.15861
96.15861
96.28253
96.40644
96.53036
96.53036
96.65428
96.65428
96.65428
96.90211
97.02602
97.02602
97.14994
97.6456
97.6456
97.6456
97.6456
97.76952
97.76952
97.89343
98.14126
98.14126
98.26518
98.51301
98.51301
98.51301
98.63693
98.63693
98.76084
99.00867
99.13259
99.13259
99.13259
99.13259
99.13259
99.25651
99.25651
99.38042
99.38042
99.38042
99.38042
99.38042
99.38042
99.38042
99.50434
99.50434
99.62825
99.62825
99.75217
99.87608
100
57.80731
67.99557
72.42525
72.53599
73.86489
76.19048
77.40864
78.51606
79.06977
79.62348
79.62348
80.7309
80.95238
81.06312
81.28461
81.28461
81.39535
81.50609
81.50609
81.72757
81.94906
82.0598
83.05648
83.49945
83.72093
83.72093
84.05316
84.27464
84.38538
84.60687
84.82835
84.93909
85.04983
85.16058
85.16058
85.27132
85.38206
85.38206
85.38206
85.4928
85.71429
85.71429
85.82503
85.93577
85.93577
86.04651
86.15725
86.268
86.268
86.37874
86.37874
86.37874
86.60022
86.71096
86.71096
86.82171
87.26467
87.26467
87.26467
87.26467
87.37542
87.37542
87.48616
87.70764
87.70764
87.81838
88.03987
88.03987
88.03987
88.15061
88.15061
88.26135
88.48283
88.59358
88.59358
88.59358
88.59358
88.59358
88.70432
88.70432
88.81506
88.81506
88.81506
88.81506
88.81506
88.81506
88.81506
88.9258
88.9258
89.03654
89.03654
89.14729
89.25803
89.36877
89.47951
89.47951
89.47951
89.47951
89.47951
89.59025
89.701
89.701
89.81174
89.81174
89.81174
89.81174
89.92248
90.03322
90.03322
90.03322
90.14396
90.14396
90.14396
90.25471
90.47619
90.47619
90.47619
90.58693
90.58693
90.69767
90.69767
90.69767
90.69767
90.69767
90.80842
90.80842
90.80842
90.91916
91.0299
91.0299
91.0299
91.0299
91.14064
91.14064
91.25138
91.25138
91.36213
91.36213
91.36213
91.47287
91.47287
91.58361
91.58361
91.58361
91.58361
91.69435
91.69435
91.69435
91.69435
91.80509
91.80509
91.80509
91.80509
91.91584
91.91584
91.91584
91.91584
92.02658
92.02658
92.02658
92.02658
92.02658
92.02658
92.13732
92.13732
92.24806
92.24806
