76.05304
97.19189
75.81649
96.88958
100
75
95.84615
98.92308
74.76994
95.55215
98.61963
74.42748
95.1145
98.16794
61.32075
78.36478
80.8805
84.90566
85.03145
85.15723
85.66038
85.66038
86.91824
87.04403
87.16981
87.42138
87.79874
87.79874
87.92453
88.05031
88.42767
88.93082
89.30818
89.55975
89.68553
90.44025
90.81761
90.9434
91.06918
91.19497
91.44654
91.44654
91.57233
91.8239
91.94969
92.07547
92.20126
92.32704
92.45283
92.57862
92.57862
92.7044
92.7044
92.83019
92.95597
93.33333
93.45912
93.83648
94.08805
94.21384
94.59119
94.71698
94.84277
95.34591
95.34591
95.4717
95.59748
95.97484
96.22642
96.22642
96.3522
96.3522
96.47799
96.98113
96.98113
97.10692
97.10692
97.35849
97.35849
97.48428
97.61006
97.61006
97.61006
97.73585
98.11321
98.11321
98.23899
98.36478
98.36478
98.36478
98.49057
98.49057
98.61635
98.61635
98.86792
98.86792
98.99371
98.99371
99.1195
99.1195
99.24528
99.24528
99.37107
99.49686
99.62264
99.74843
99.87421
100
57.42049
73.38045
75.73616
79.5053
79.62309
79.74087
80.21201
80.21201
81.38987
81.50766
81.62544
81.86101
82.21437
82.21437
82.33216
82.44994
82.8033
83.27444
83.6278
83.86337
83.98115
84.68787
85.04122
85.15901
85.2768
85.39458
85.63015
85.63015
85.74794
85.98351
86.1013
86.21908
86.33687
86.45465
86.57244
86.69022
86.69022
86.80801
86.80801
86.9258
87.04358
87.39694
87.51472
87.86808
88.10365
88.22144
88.57479
88.69258
88.81037
89.28151
89.28151
89.39929
89.51708
89.87044
90.10601
90.10601
90.22379
90.22379
90.34158
90.81272
90.81272
90.93051
90.93051
91.16608
91.16608
91.28386
91.40165
91.40165
91.40165
91.51943
91.87279
91.87279
91.99058
92.10836
92.10836
92.10836
92.22615
92.22615
92.34393
92.34393
92.57951
92.57951
92.69729
92.69729
92.81508
92.81508
92.93286
92.93286
93.05065
93.16843
93.28622
93.404
93.52179
93.63958
93.75736
93.75736
93.87515
93.87515
93.99293
93.99293
93.99293
94.11072
94.11072
94.2285
94.2285
94.2285
94.2285
94.34629
94.34629
94.46408
94.46408
94.46408
94.58186
94.58186
94.58186
94.69965
94.81743
94.93522
95.053
95.053
95.053
95.053
95.17079
95.28857
95.28857
95.28857
95.52415
95.64193
95.75972
95.75972
95.75972
95.8775
95.8775
95.8775
95.99529
95.99529
95.99529
96.11307
96.11307
96.11307
96.11307
96.23086
96.34865
96.34865
96.58422
96.58422
96.58422
96.702
96.81979
96.81979
96.93757
96.93757
96.93757
97.05536
97.05536
97.05536
97.05536
97.05536
97.05536
97.05536
97.05536
97.17314
97.17314
97.17314
97.29093
97.40872
97.40872
97.40872
97.40872
97.40872
97.5265
97.5265
97.5265
97.5265
97.5265
97.64429
97.64429
97.64429
97.64429
97.64429
