81.22744
83.3935
85.19856
85.92058
87.00361
90.25271
91.33574
92.05776
92.77978
93.14079
94.22383
94.94585
94.94585
94.94585
95.30686
95.30686
95.30686
95.66787
95.66787
95.66787
95.66787
96.02888
96.02888
96.38989
96.7509
96.7509
96.7509
96.7509
96.7509
97.11191
97.47292
97.47292
97.47292
97.47292
97.47292
97.47292
97.83394
98.19495
98.19495
98.19495
98.19495
98.19495
98.55596
98.55596
98.55596
98.91697
98.91697
98.91697
98.91697
99.27798
99.27798
99.27798
99.27798
99.27798
99.27798
99.63899
99.63899
100
100
73.77049
75.7377
77.37705
78.03279
79.01639
81.96721
82.95082
83.60656
84.2623
84.59016
85.57377
86.22951
86.22951
86.22951
86.55738
86.55738
86.55738
86.88525
86.88525
86.88525
86.88525
87.21311
87.21311
87.54098
87.86885
87.86885
87.86885
87.86885
87.86885
88.19672
88.52459
88.52459
88.52459
88.52459
88.52459
88.52459
88.85246
89.18033
89.18033
89.18033
89.18033
89.18033
89.5082
89.5082
89.5082
89.83607
89.83607
89.83607
89.83607
90.16393
90.16393
90.16393
90.16393
90.16393
90.16393
90.4918
90.4918
90.81967
90.81967
91.14754
91.14754
91.47541
91.47541
91.80328
91.80328
92.13115
92.13115
92.13115
92.13115
92.45902
92.45902
92.78689
92.78689
93.11475
93.11475
93.44262
93.44262
93.77049
93.77049
93.77049
93.77049
94.09836
94.09836
94.42623
94.42623
94.42623
94.7541
94.7541
94.7541
94.7541
95.08197
95.08197
95.08197
95.40984
95.40984
95.40984
95.40984
95.7377
95.7377
95.7377
95.7377
96.06557
96.06557
96.06557
96.06557
96.06557
96.39344
96.39344
96.39344
96.39344
96.72131
96.72131
96.72131
97.04918
97.04918
97.04918
97.04918
97.04918
97.04918
97.04918
97.70492
97.70492
97.70492
97.70492
97.70492
97.70492
97.70492
98.03279
98.03279
98.03279
98.03279
98.03279
98.36066
98.36066
98.36066
98.36066
98.68852
98.68852
98.68852
99.01639
99.01639
99.01639
99.01639
99.34426
99.34426
99.34426
99.67213
99.67213
100
72.81553
74.75728
76.3754
77.02265
77.99353
80.90615
81.87702
82.52427
83.17152
83.49515
84.46602
85.11327
85.11327
85.11327
85.43689
85.43689
85.43689
85.76052
85.76052
85.76052
85.76052
86.08414
86.08414
86.40777
86.73139
86.73139
86.73139
86.73139
86.73139
87.05502
87.37864
87.37864
87.37864
87.37864
87.37864
87.37864
87.70227
88.02589
88.02589
88.02589
88.02589
88.02589
88.34951
88.34951
88.34951
88.67314
88.67314
88.67314
88.67314
88.99676
88.99676
88.99676
88.99676
88.99676
88.99676
89.32039
89.32039
89.64401
89.64401
89.96764
89.96764
90.29126
90.29126
90.61489
90.61489
90.93851
90.93851
90.93851
90.93851
91.26214
91.26214
91.58576
91.58576
91.90939
91.90939
92.23301
92.23301
92.55663
92.55663
92.55663
