57.61155
59.12073
60.03937
63.05774
63.12336
63.58268
63.91076
64.23885
64.50131
64.63255
64.76378
64.76378
65.2231
65.41995
65.68241
66.53543
66.60105
66.66667
67.06037
67.12598
67.32283
67.32283
67.32283
67.45407
67.71654
67.71654
67.71654
67.84777
67.84777
68.11024
68.24147
68.24147
68.3727
68.63517
68.63517
68.89764
69.02887
69.29134
69.55381
69.68504
69.68504
69.81627
69.81627
69.81627
69.94751
69.94751
70.07874
70.34121
70.34121
70.34121
70.47244
70.47244
70.60367
70.60367
70.60367
70.73491
70.73491
70.99738
70.99738
71.12861
71.12861
71.12861
71.25984
71.39108
71.52231
71.52231
71.78478
71.78478
71.91601
71.91601
71.91601
72.04724
72.04724
72.17848
72.30971
72.30971
72.30971
72.30971
72.30971
72.44094
72.44094
72.44094
72.57218
72.57218
72.70341
72.70341
72.70341
72.70341
72.83465
72.83465
72.96588
72.96588
72.96588
72.96588
73.09711
73.09711
73.09711
73.09711
73.09711
73.22835
73.22835
73.22835
73.35958
73.35958
73.35958
73.35958
73.49081
73.49081
73.49081
73.49081
73.49081
73.62205
73.62205
73.75328
73.75328
73.88451
73.88451
73.88451
74.01575
74.14698
74.14698
74.14698
74.14698
74.27822
74.27822
74.27822
74.27822
74.27822
74.27822
74.40945
74.40945
74.40945
74.40945
74.40945
74.40945
74.40945
74.40945
74.54068
74.54068
74.54068
74.54068
74.67192
74.67192
74.80315
74.93438
74.93438
74.93438
74.93438
75.06562
75.06562
75.06562
75.19685
75.19685
75.19685
75.32808
75.32808
75.32808
75.32808
75.32808
75.32808
75.45932
75.59055
75.59055
75.59055
75.59055
75.72178
75.72178
75.72178
75.72178
75.85302
75.98425
75.98425
75.98425
75.98425
75.98425
75.98425
76.11549
76.11549
76.11549
76.11549
76.24672
76.24672
76.37795
76.50919
76.50919
76.50919
76.50919
76.50919
76.64042
76.64042
76.64042
76.64042
76.64042
76.77165
76.77165
76.77165
76.90289
76.90289
77.03412
77.03412
77.03412
77.03412
77.03412
77.03412
77.16535
77.16535
77.16535
77.16535
77.16535
77.16535
77.16535
77.29659
77.29659
77.29659
77.29659
77.42782
77.42782
77.55906
77.55906
77.55906
77.69029
77.69029
77.69029
77.69029
77.69029
77.69029
77.69029
77.69029
77.69029
77.69029
77.82152
77.82152
77.82152
77.82152
77.95276
77.95276
77.95276
77.95276
77.95276
77.95276
77.95276
77.95276
78.08399
78.08399
78.08399
78.08399
78.08399
78.21522
78.21522
78.21522
78.34646
78.34646
78.34646
78.34646
78.34646
78.34646
78.34646
78.34646
78.47769
78.47769
78.47769
78.47769
78.47769
78.47769
78.47769
78.60892
78.60892
78.60892
78.60892
78.60892
78.60892
78.74016
78.74016
78.74016
78.74016
78.74016
78.74016
78.74016
78.87139
78.87139
78.87139
78.87139
78.87139
78.87139
78.87139
79.00262
79.00262
79.00262
