99.74874
99.74874
99.74874
99.74874
99.74874
99.74874
99.74874
99.74874
99.74874
99.74874
99.74874
99.74874
99.74874
99.49875
99.49875
99.49875
99.49875
99.49875
99.49875
99.49875
99.49875
99.49875
99.49875
99.49875
99.25
99.25
99.25
99.25
99.25
99.25
99.25
99.25
99.25
99.25
99.25
99.25
99.25
99.25
99.25
99.25
99.25
99.00249
99.00249
99.00249
99.00249
99.00249
99.00249
99.00249
99.00249
99.00249
99.00249
99.00249
99.00249
99.00249
99.00249
99.00249
99.00249
99.00249
99.00249
99.00249
99.00249
99.00249
99.00249
99.00249
98.75622
98.75622
98.75622
98.75622
98.75622
98.75622
98.75622
98.75622
98.75622
98.75622
98.75622
98.75622
98.75622
98.75622
98.75622
98.51117
98.51117
98.51117
98.51117
98.51117
98.51117
98.51117
98.51117
98.51117
98.51117
98.51117
98.51117
98.51117
98.51117
98.51117
98.51117
98.51117
98.51117
98.26733
98.26733
98.26733
98.26733
98.26733
98.26733
98.26733
98.26733
98.26733
98.26733
98.26733
98.26733
98.26733
98.26733
98.26733
98.26733
98.26733
98.26733
98.26733
98.02469
98.02469
98.02469
98.02469
98.02469
98.02469
98.02469
98.02469
98.02469
98.02469
98.02469
98.02469
98.02469
98.02469
98.02469
98.02469
98.02469
98.02469
98.02469
98.02469
98.02469
98.02469
97.78325
97.78325
97.78325
97.78325
97.78325
97.78325
97.78325
97.78325
97.78325
97.78325
97.78325
97.78325
97.78325
97.78325
97.78325
97.78325
97.78325
97.78325
97.78325
97.78325
97.78325
97.78325
97.543
97.543
97.543
97.543
97.543
97.543
97.543
97.543
97.543
97.543
97.543
97.543
97.543
97.543
97.543
97.543
97.543
97.543
97.543
97.543
97.543
97.30392
97.30392
97.30392
97.30392
97.30392
97.30392
97.30392
97.30392
97.30392
97.30392
97.30392
97.30392
97.30392
97.30392
97.30392
97.30392
97.30392
97.30392
97.30392
97.30392
97.30392
97.06601
97.06601
97.06601
97.06601
97.06601
97.06601
97.06601
97.06601
97.06601
96.82927
96.82927
96.82927
96.82927
96.82927
96.82927
96.82927
96.82927
96.82927
96.82927
96.82927
96.82927
96.82927
96.82927
96.59367
96.59367
96.59367
96.59367
96.59367
96.59367
96.59367
96.59367
96.59367
96.59367
96.59367
96.59367
96.59367
96.59367
96.59367
96.35922
96.35922
96.35922
96.35922
96.35922
96.35922
96.35922
96.35922
96.35922
96.35922
96.35922
96.35922
96.35922
96.12591
96.12591
96.12591
96.12591
96.12591
96.12591
96.12591
96.12591
96.12591
96.12591
96.12591
96.12591
96.12591
96.12591
96.12591
96.12591
96.12591
96.12591
96.12591
96.12591
95.89372
95.89372
95.89372
95.89372
95.89372
95.89372
95.89372
95.89372
95.89372
95.89372
95.89372
95.89372
95.89372
95.89372
95.66265
