74.27491
74.40101
75.28373
76.41866
78.05801
78.68852
82.59773
82.59773
82.97604
83.48045
83.60656
83.73266
83.98487
84.11097
84.61538
85.2459
85.49811
85.49811
85.62421
86.00252
86.50694
87.13745
87.38966
87.51576
87.76797
88.14628
88.27238
88.27238
88.39849
88.9029
89.53342
89.65952
89.91173
90.16393
90.29004
90.66835
90.92055
91.04666
91.17276
91.17276
91.42497
91.42497
91.92938
92.05549
92.18159
92.18159
92.30769
92.4338
92.5599
92.686
92.81211
92.81211
93.19042
93.31652
93.31652
93.44262
93.56873
93.56873
93.56873
93.69483
93.69483
93.69483
93.82093
93.82093
93.94704
93.94704
93.94704
94.07314
94.07314
94.19924
94.32535
94.32535
94.32535
94.45145
94.70366
94.82976
95.08197
95.08197
95.20807
95.33417
95.33417
95.46028
95.46028
95.46028
95.46028
95.58638
95.58638
95.58638
95.83859
95.83859
95.96469
95.96469
95.96469
95.96469
96.09079
96.09079
96.09079
96.2169
96.343
96.343
96.343
96.4691
96.4691
96.4691
96.4691
96.59521
96.84741
96.84741
96.84741
96.97352
96.97352
97.09962
97.09962
97.35183
97.47793
97.60404
97.60404
97.85624
97.98235
97.98235
98.10845
98.23455
98.23455
98.23455
98.36066
98.48676
98.61286
98.61286
98.61286
98.73897
98.73897
98.73897
98.86507
98.86507
98.86507
98.86507
98.86507
98.99117
99.11728
99.11728
99.24338
99.24338
99.36948
99.36948
99.49559
99.62169
99.62169
99.74779
99.74779
99.74779
99.74779
99.74779
99.8739
99.8739
99.8739
100
100
100
65.15487
65.26549
66.03982
67.0354
68.47345
69.02655
72.45575
72.45575
72.78761
73.23009
73.34071
73.45133
73.67257
73.78319
74.22566
74.77876
75
75
75.11062
75.44248
75.88496
76.43805
76.65929
76.76991
76.99115
77.32301
77.43363
77.43363
77.54425
77.98673
78.53982
78.65044
78.87168
79.09292
79.20354
79.5354
79.75664
79.86726
79.97788
79.97788
80.19912
80.19912
80.64159
80.75221
80.86283
80.86283
80.97345
81.08407
81.19469
81.30531
81.41593
81.41593
81.74779
81.85841
81.85841
81.96903
82.07965
82.07965
82.07965
82.19027
82.19027
82.19027
82.30088
82.30088
82.4115
82.4115
82.4115
82.52212
82.52212
82.63274
82.74336
82.74336
82.74336
82.85398
83.07522
83.18584
83.40708
83.40708
83.5177
83.62832
83.62832
83.73894
83.73894
83.73894
83.73894
83.84956
83.84956
83.84956
84.0708
84.0708
84.18142
84.18142
84.18142
84.18142
84.29204
84.29204
84.29204
84.40265
84.51327
84.51327
84.51327
84.62389
84.62389
84.62389
84.62389
84.73451
84.95575
84.95575
84.95575
85.06637
85.06637
85.17699
85.17699
85.39823
85.50885
85.61947
85.61947
85.84071
85.95133
85.95133
86.06195
86.17257
86.17257
86.17257
86.28319
86.39381
86.50442
86.50442
86.50442
86.61504
