97.01493
54.73684
62.94737
65.47368
66.63158
70.42105
70.63158
71.78947
72.21053
72.52632
73.05263
73.26316
73.36842
73.78947
73.89474
74
74.10526
74.21053
74.63158
74.94737
75.68421
75.89474
76
76.10526
76.21053
76.42105
76.73684
76.84211
77.47368
77.68421
78
78
78.21053
78.42105
78.42105
78.73684
78.84211
78.94737
79.05263
79.36842
79.36842
79.57895
79.57895
79.57895
79.68421
79.68421
79.68421
80
80.73684
80.73684
80.94737
80.94737
80.94737
81.15789
81.26316
81.26316
81.36842
81.47368
81.47368
81.47368
81.47368
81.68421
81.89474
82
82
82
82
82.21053
82.21053
82.21053
82.31579
82.31579
82.31579
82.52632
82.63158
82.63158
82.63158
82.73684
82.84211
82.94737
82.94737
83.05263
83.05263
83.05263
83.05263
83.15789
83.15789
83.15789
83.15789
83.26316
83.26316
83.36842
83.47368
83.68421
83.68421
83.78947
83.78947
83.89474
83.89474
83.89474
84
84.10526
84.10526
84.21053
84.21053
84.31579
84.42105
84.42105
84.42105
84.63158
84.63158
84.73684
84.84211
84.84211
84.84211
85.05263
85.15789
85.36842
85.47368
85.68421
85.68421
85.68421
85.78947
85.78947
85.78947
85.78947
85.89474
85.89474
86
86.21053
86.31579
86.52632
86.52632
86.52632
86.63158
86.73684
86.84211
86.94737
86.94737
87.05263
87.05263
87.05263
87.15789
87.15789
87.26316
87.26316
87.36842
87.36842
87.36842
87.47368
87.47368
87.47368
87.47368
87.47368
87.47368
87.47368
87.47368
87.57895
87.57895
87.57895
87.57895
87.57895
87.57895
87.57895
87.57895
87.57895
87.68421
87.68421
87.68421
87.68421
87.78947
87.78947
87.78947
87.78947
87.89474
87.89474
87.89474
87.89474
88
88
88
88.10526
88.10526
88.10526
88.10526
88.21053
88.21053
88.31579
88.31579
88.31579
88.31579
88.42105
88.42105
88.42105
88.42105
88.42105
88.52632
88.52632
88.52632
88.52632
88.63158
88.63158
88.63158
88.63158
88.73684
88.73684
88.73684
88.84211
88.84211
88.84211
88.84211
88.94737
88.94737
88.94737
88.94737
88.94737
88.94737
88.94737
88.94737
88.94737
89.05263
89.05263
89.05263
89.05263
89.05263
89.15789
89.15789
89.15789
89.15789
89.15789
89.15789
89.15789
89.26316
89.26316
89.26316
89.26316
89.36842
89.36842
89.36842
89.47368
89.47368
89.47368
89.47368
89.57895
89.57895
89.57895
89.57895
89.68421
89.68421
89.68421
89.68421
89.68421
89.68421
89.68421
89.78947
89.78947
89.78947
89.78947
89.78947
89.89474
89.89474
89.89474
90
90
90
90
90.10526
90.10526
90.21053
90.21053
90.21053
90.21053
90.21053
90.21053
90.21053
90.31579
90.42105
90.42105
90.42105
90.42105
90.52632
90.52632
90.52632
90.52632
90.52632
90.52632
90.52632
90.52632
