75
78.16456
78.48101
79.43038
80.37975
80.37975
80.37975
80.37975
80.6962
81.32911
81.96203
82.27848
82.27848
82.59494
82.59494
82.59494
82.59494
82.91139
83.22785
84.17722
84.17722
84.17722
84.49367
84.81013
84.81013
85.12658
85.12658
85.12658
85.44304
85.75949
86.07595
86.39241
86.39241
86.39241
86.70886
86.70886
86.70886
87.02532
87.02532
87.34177
87.34177
87.34177
87.34177
87.34177
87.65823
87.65823
87.65823
87.65823
87.65823
87.65823
87.65823
87.65823
87.65823
87.97468
87.97468
88.29114
88.29114
88.29114
88.29114
88.29114
88.29114
88.60759
88.60759
88.60759
88.60759
88.60759
88.60759
89.24051
89.24051
89.24051
89.24051
89.24051
89.55696
89.55696
89.55696
89.55696
89.55696
89.55696
89.87342
89.87342
89.87342
89.87342
89.87342
89.87342
89.87342
90.18987
90.18987
90.18987
90.18987
90.18987
90.18987
90.18987
90.50633
90.50633
90.50633
90.82278
90.82278
90.82278
90.82278
90.82278
91.13924
91.13924
91.13924
91.13924
91.13924
91.13924
91.13924
91.4557
91.4557
91.4557
91.4557
91.4557
91.77215
91.77215
91.77215
91.77215
91.77215
92.08861
92.08861
92.08861
92.08861
92.08861
92.40506
92.40506
92.40506
92.40506
92.40506
92.72152
92.72152
92.72152
92.72152
92.72152
93.03797
93.03797
93.03797
93.03797
93.03797
93.03797
93.03797
93.03797
93.35443
93.35443
93.35443
93.35443
93.35443
93.35443
93.35443
93.35443
93.35443
93.67089
93.67089
93.67089
93.67089
93.67089
93.67089
93.67089
93.67089
93.67089
93.98734
93.98734
93.98734
93.98734
94.3038
94.3038
94.3038
94.3038
94.3038
94.3038
94.3038
94.3038
94.3038
94.62025
94.62025
94.62025
94.62025
94.62025
94.62025
94.62025
94.62025
94.93671
94.93671
94.93671
94.93671
94.93671
94.93671
95.25316
95.25316
95.25316
95.25316
95.25316
95.25316
95.25316
95.25316
95.25316
95.25316
95.25316
95.56962
95.56962
95.88608
95.88608
95.88608
95.88608
95.88608
95.88608
95.88608
95.88608
96.20253
96.20253
96.20253
96.20253
96.20253
96.20253
96.20253
96.51899
96.51899
96.51899
96.51899
96.51899
96.51899
96.51899
96.83544
96.83544
96.83544
96.83544
97.1519
97.1519
97.1519
97.1519
97.1519
97.1519
97.46835
97.46835
97.46835
97.46835
97.46835
97.46835
97.46835
97.46835
97.46835
97.46835
97.46835
97.46835
97.78481
97.78481
97.78481
97.78481
97.78481
97.78481
97.78481
98.10127
98.10127
98.10127
98.10127
98.10127
98.10127
98.10127
98.10127
98.41772
98.41772
98.41772
98.41772
98.41772
98.41772
98.41772
98.73418
98.73418
98.73418
98.73418
98.73418
98.73418
99.05063
99.05063
99.05063
99.05063
99.05063
99.05063
99.36709
99.36709
99.36709
99.36709
99.36709
99.36709
99.68354
99.68354
99.68354
100
100
100
