51.72697
54.11184
54.93421
55.18092
55.42763
56.08553
56.90789
57.31908
58.05921
59.12829
59.70395
60.03289
60.11513
60.11513
60.27961
60.60855
61.01974
61.26645
61.51316
61.59539
61.84211
61.84211
61.92434
62.08882
62.41776
62.41776
62.66447
62.74671
62.91118
62.99342
63.07566
63.07566
63.07566
63.24013
63.24013
63.24013
63.73355
63.81579
63.98026
64.14474
64.14474
64.22697
64.30921
64.30921
64.39145
64.39145
64.55592
64.55592
64.63816
64.63816
64.80263
64.88487
64.88487
64.96711
65.13158
65.21382
65.21382
65.46053
65.625
65.70724
65.78947
65.87171
65.87171
65.95395
65.95395
66.03618
66.03618
66.03618
66.11842
66.20066
66.20066
66.20066
66.28289
66.36513
66.36513
66.36513
66.36513
66.36513
66.44737
66.44737
66.44737
66.44737
66.44737
66.52961
66.52961
66.61184
66.61184
66.61184
66.77632
66.85855
66.85855
66.94079
66.94079
67.02303
67.1875
67.26974
67.26974
67.26974
67.26974
67.35197
67.43421
67.43421
67.43421
67.51645
67.51645
67.51645
67.51645
67.68092
67.68092
67.68092
67.68092
67.68092
67.76316
67.76316
67.84539
67.84539
67.84539
67.84539
67.84539
68.00987
68.00987
68.00987
68.00987
68.00987
68.09211
68.09211
68.17434
68.17434
68.17434
68.17434
68.17434
68.25658
68.33882
68.42105
68.42105
68.42105
68.50329
68.50329
68.50329
68.58553
68.66776
68.66776
68.66776
68.83224
68.91447
68.91447
68.91447
68.99671
69.07895
69.07895
69.07895
69.16118
69.16118
69.16118
69.24342
69.24342
69.32566
69.32566
69.32566
69.40789
69.49013
69.49013
69.57237
69.57237
69.57237
69.65461
69.65461
69.73684
69.73684
69.81908
69.81908
69.90132
69.98355
69.98355
69.98355
70.06579
70.14803
70.14803
70.14803
70.14803
70.23026
70.23026
70.23026
70.23026
70.23026
70.23026
70.3125
70.3125
70.39474
70.39474
70.47697
70.47697
70.47697
70.64145
70.64145
70.64145
70.64145
70.64145
70.72368
70.80592
70.80592
70.80592
70.80592
70.80592
70.80592
70.88816
70.88816
70.88816
70.88816
70.88816
70.97039
70.97039
70.97039
70.97039
70.97039
70.97039
70.97039
70.97039
71.05263
71.05263
71.05263
71.05263
71.05263
71.05263
71.13487
71.13487
71.13487
71.21711
71.21711
71.21711
71.21711
71.21711
71.29934
71.29934
71.29934
71.29934
71.38158
71.38158
71.38158
71.38158
71.38158
71.46382
71.46382
71.54605
71.54605
71.62829
71.71053
71.71053
71.71053
71.79276
71.79276
71.79276
71.79276
71.79276
71.79276
71.79276
71.79276
71.875
71.875
71.875
71.875
71.875
71.95724
71.95724
71.95724
71.95724
71.95724
71.95724
71.95724
72.03947
72.03947
72.03947
72.03947
72.03947
72.12171
72.12171
72.20395
72.20395
72.20395
72.20395
72.20395
72.20395
72.28618
72.28618
72.28618
72.36842
72.36842
72.36842
