100
100
100
100
100
100
100
100
100
100
100
100
100
100
100
100
100
100
99.74555
99.74555
99.74555
99.74555
99.74555
99.74555
99.74555
99.74555
99.74555
99.74555
99.74555
99.74555
99.74555
99.74555
99.74555
99.49239
99.49239
99.49239
99.49239
99.49239
99.49239
99.49239
99.49239
99.49239
99.49239
99.49239
99.49239
99.49239
99.49239
99.49239
99.49239
99.49239
99.49239
99.49239
99.49239
99.49239
99.49239
99.24051
99.24051
99.24051
99.24051
99.24051
99.24051
99.24051
99.24051
99.24051
99.24051
99.24051
99.24051
98.9899
98.9899
98.9899
98.9899
98.9899
98.9899
98.9899
98.9899
98.9899
98.9899
98.9899
98.9899
98.9899
98.9899
98.74055
98.74055
98.74055
98.74055
98.74055
98.74055
98.74055
98.74055
98.74055
98.74055
98.74055
98.74055
98.74055
98.74055
98.74055
98.74055
98.74055
98.74055
98.74055
98.49246
98.49246
98.49246
98.49246
98.49246
98.49246
98.49246
98.49246
98.49246
98.49246
98.49246
98.49246
98.49246
98.49246
98.49246
98.49246
98.49246
98.49246
98.49246
98.49246
98.49246
98.49246
98.49246
98.49246
98.49246
98.49246
98.24561
98.24561
98.24561
98.24561
98.24561
98.24561
98.24561
98.24561
98.24561
98.24561
98.24561
98.24561
98.24561
98.24561
98.24561
98.24561
98.24561
98.24561
98
98
98
98
98
98
98
98
98
98
98
98
98
98
98
98
98
98
98
98
98
98
97.75561
97.75561
97.75561
97.75561
97.75561
97.75561
97.75561
97.75561
97.75561
97.75561
97.75561
97.75561
97.75561
97.75561
97.75561
97.75561
97.75561
97.75561
97.51244
97.51244
97.51244
97.51244
97.51244
97.51244
97.51244
97.51244
97.51244
97.51244
97.51244
97.51244
97.51244
97.51244
97.51244
97.51244
97.51244
97.51244
97.51244
97.51244
97.27047
97.27047
97.27047
97.27047
97.27047
97.27047
97.27047
97.27047
97.27047
97.27047
97.27047
97.27047
97.27047
97.27047
97.27047
97.27047
97.27047
97.27047
97.27047
97.0297
97.0297
97.0297
97.0297
97.0297
97.0297
97.0297
97.0297
97.0297
97.0297
97.0297
97.0297
97.0297
97.0297
96.79012
96.79012
96.79012
96.79012
96.79012
96.79012
96.79012
96.79012
96.79012
96.79012
96.79012
96.79012
96.79012
96.79012
96.79012
96.79012
96.79012
96.79012
96.79012
96.79012
96.55172
96.55172
96.55172
96.55172
96.55172
96.55172
96.55172
96.55172
96.55172
96.55172
96.55172
96.55172
96.3145
96.3145
96.3145
96.3145
96.3145
96.3145
96.3145
96.3145
96.3145
96.07843
96.07843
96.07843
96.07843
96.07843
96.07843
96.07843
96.07843
96.07843
96.07843
