91.64882
77.67695
91.37931
69.36791
81.60454
99.18963
67.08464
78.9185
95.92476
59.362
69.83356
84.88211
89.45908
95.28433
96.3939
99.72261
99.8613
100
59.27978
69.73684
84.76454
89.33518
95.15235
96.26039
99.58449
99.72299
99.8615
53.03594
62.39157
75.83643
79.92565
85.13011
86.12144
89.09542
89.21933
89.34325
89.71499
90.21066
90.33457
90.45849
90.70632
90.83024
90.95415
91.44981
91.69765
91.69765
91.69765
91.82156
92.06939
92.31722
92.44114
92.56506
92.68897
93.18463
93.30855
93.30855
93.6803
93.6803
93.6803
93.80421
94.67162
94.67162
94.67162
94.79554
94.79554
94.79554
95.16729
95.16729
95.41512
95.53903
95.53903
95.66295
95.78686
95.78686
95.78686
95.78686
95.91078
95.91078
96.0347
96.0347
96.15861
96.15861
96.15861
96.40644
96.65428
96.90211
97.02602
97.14994
97.27385
97.27385
97.39777
97.52169
97.6456
97.6456
97.76952
97.89343
97.89343
98.01735
98.14126
98.14126
98.14126
98.14126
98.14126
98.26518
98.26518
98.3891
98.63693
98.76084
98.88476
98.88476
98.88476
98.88476
98.88476
99.00867
99.13259
99.38042
99.38042
99.38042
99.50434
99.75217
99.75217
99.87608
100
100
100
50.65089
59.5858
72.42604
76.33136
81.30178
82.24852
85.08876
85.2071
85.32544
85.68047
86.15385
86.27219
86.39053
86.62722
86.74556
86.86391
87.33728
87.57396
87.57396
87.57396
87.69231
87.92899
88.16568
88.28402
88.40237
88.52071
88.99408
89.11243
89.11243
89.46746
89.46746
89.46746
89.5858
90.4142
90.4142
90.4142
90.53254
90.53254
90.53254
90.88757
90.88757
91.12426
91.2426
91.2426
91.36095
91.47929
91.47929
91.47929
91.47929
91.59763
91.59763
91.71598
91.71598
91.83432
91.83432
91.83432
92.07101
92.30769
92.54438
92.66272
92.78107
92.89941
92.89941
93.01775
93.13609
93.25444
93.25444
93.37278
93.49112
93.49112
93.60947
93.72781
93.72781
93.72781
93.72781
93.72781
93.84615
93.84615
93.9645
94.20118
94.31953
94.43787
94.43787
94.43787
94.43787
94.43787
94.55621
94.67456
94.91124
94.91124
94.91124
95.02959
95.26627
95.26627
95.38462
95.50296
95.50296
95.50296
95.6213
95.73964
95.97633
96.09467
96.09467
96.09467
96.21302
96.21302
96.4497
96.4497
96.4497
96.4497
96.56805
96.56805
96.68639
96.68639
96.80473
96.80473
96.80473
96.80473
96.92308
97.04142
97.04142
97.04142
97.15976
97.15976
97.27811
97.27811
97.27811
97.27811
97.39645
97.51479
97.51479
97.51479
97.75148
97.86982
97.86982
97.86982
97.98817
97.98817
97.98817
98.10651
98.10651
98.10651
98.10651
98.22485
98.22485
98.22485
98.22485
98.22485
98.3432
98.3432
98.46154
98.46154
98.46154
98.46154
98.46154
98.57988
98.57988
98.69822
98.69822
98.69822
98.81657
98.81657
98.81657
