52.39207
68.26138
68.26138
72.34539
73.74562
74.09568
74.44574
74.91249
76.4294
77.24621
77.82964
77.82964
77.82964
77.94632
78.52975
78.76313
78.9965
79.11319
79.22987
79.57993
79.57993
79.8133
79.92999
80.04667
80.16336
80.28005
80.51342
80.74679
81.21354
81.33022
81.68028
81.68028
81.79697
82.61377
82.73046
82.84714
82.96383
83.08051
83.1972
83.43057
83.66394
83.78063
84.13069
84.36406
84.36406
84.36406
84.36406
84.71412
84.71412
84.71412
84.71412
85.18086
85.18086
85.29755
85.29755
85.29755
85.41424
85.41424
85.53092
85.64761
85.64761
85.99767
85.99767
86.23104
86.23104
86.34772
86.5811
86.69778
86.81447
87.04784
87.16453
87.28121
87.28121
87.28121
87.3979
87.3979
87.3979
87.3979
87.51459
87.63127
87.74796
87.74796
87.86464
87.86464
88.2147
88.2147
88.56476
88.68145
88.79813
88.79813
88.91482
89.03151
89.14819
89.26488
89.26488
89.26488
89.26488
89.38156
89.49825
89.49825
89.61494
89.61494
89.73162
89.73162
89.73162
89.96499
90.08168
90.08168
90.08168
90.08168
90.19837
90.31505
90.31505
90.43174
90.43174
90.54842
90.54842
90.66511
90.66511
90.66511
90.7818
90.7818
90.89848
90.89848
91.01517
91.01517
91.01517
91.13186
91.13186
91.13186
91.13186
91.13186
91.24854
91.36523
91.48191
91.48191
91.48191
91.83197
91.94866
91.94866
91.94866
91.94866
91.94866
91.94866
92.06534
92.06534
92.06534
92.06534
92.06534
92.06534
92.29872
92.29872
92.4154
92.4154
92.4154
92.53209
92.53209
92.53209
92.64877
92.64877
92.64877
92.64877
92.64877
92.76546
92.76546
92.76546
92.99883
92.99883
93.11552
93.11552
93.11552
93.23221
93.23221
93.34889
93.34889
93.34889
93.34889
93.46558
93.46558
93.46558
93.58226
93.58226
93.58226
93.58226
93.69895
93.69895
93.81564
93.81564
93.81564
93.81564
93.93232
93.93232
93.93232
94.16569
94.16569
94.16569
94.16569
94.16569
94.28238
94.28238
94.28238
94.28238
94.39907
94.39907
94.51575
94.51575
94.51575
94.51575
94.51575
94.63244
94.63244
94.63244
94.74912
94.74912
94.86581
94.86581
94.86581
94.86581
94.86581
94.86581
94.9825
94.9825
94.9825
95.09918
95.21587
95.21587
95.21587
95.21587
95.33256
95.33256
95.33256
95.33256
95.44924
95.44924
95.44924
95.44924
95.56593
95.56593
95.56593
95.56593
95.56593
95.68261
95.68261
95.68261
95.68261
95.7993
95.7993
95.91599
95.91599
95.91599
96.03267
96.03267
96.03267
96.03267
96.14936
96.14936
96.14936
96.14936
96.26604
96.26604
96.26604
96.26604
96.26604
96.26604
96.26604
96.26604
96.38273
96.49942
96.49942
96.49942
96.6161
96.6161
96.6161
96.73279
96.73279
96.73279
96.73279
96.84947
96.84947
96.84947
96.84947
96.84947
97.08285
97.08285
97.08285
97.19953
97.19953
97.19953
