74.72924
76.17329
76.5343
77.61733
77.97834
77.97834
78.33935
78.70036
79.42238
79.42238
80.1444
80.1444
80.50542
80.86643
80.86643
80.86643
80.86643
80.86643
80.86643
81.22744
81.22744
81.22744
81.22744
81.58845
81.58845
81.94946
82.31047
82.67148
82.67148
83.03249
83.75451
83.75451
83.75451
83.75451
83.75451
83.75451
84.11552
84.11552
84.11552
84.11552
84.11552
84.11552
84.11552
84.47653
84.47653
84.47653
84.47653
84.47653
84.83755
84.83755
85.19856
85.19856
85.19856
85.19856
85.19856
85.19856
85.19856
85.55957
85.55957
85.55957
85.92058
85.92058
85.92058
86.28159
86.28159
86.28159
86.28159
86.28159
86.28159
86.28159
86.28159
86.6426
86.6426
86.6426
86.6426
86.6426
86.6426
86.6426
87.00361
87.00361
87.00361
87.00361
87.36462
87.36462
87.36462
87.36462
87.72563
87.72563
87.72563
87.72563
87.72563
88.08664
88.08664
88.08664
88.08664
88.08664
88.08664
88.08664
88.08664
88.44765
88.44765
88.44765
88.44765
88.80866
88.80866
88.80866
88.80866
89.16968
89.16968
89.16968
89.16968
89.16968
89.16968
89.16968
89.16968
89.16968
89.16968
89.16968
89.16968
89.16968
89.53069
89.53069
89.53069
89.8917
89.8917
89.8917
89.8917
89.8917
89.8917
90.25271
90.25271
90.25271
90.25271
90.25271
90.25271
90.25271
90.61372
90.61372
90.61372
90.61372
90.61372
90.61372
90.97473
90.97473
90.97473
90.97473
90.97473
90.97473
91.33574
91.33574
91.33574
91.33574
91.33574
91.33574
91.33574
91.33574
91.69675
91.69675
91.69675
91.69675
91.69675
91.69675
91.69675
91.69675
91.69675
91.69675
92.05776
92.05776
92.05776
92.05776
92.05776
92.05776
92.05776
92.05776
92.05776
92.05776
92.05776
92.05776
92.41877
92.41877
92.41877
92.41877
92.41877
92.41877
92.77978
92.77978
92.77978
92.77978
92.77978
92.77978
92.77978
93.14079
93.14079
93.14079
93.14079
93.14079
93.14079
93.14079
93.14079
93.50181
93.50181
93.50181
93.50181
93.50181
93.50181
93.86282
93.86282
93.86282
93.86282
93.86282
93.86282
94.22383
94.22383
94.22383
94.22383
94.22383
94.22383
94.22383
94.22383
94.58484
94.58484
94.58484
94.58484
94.58484
94.58484
94.58484
94.58484
94.58484
94.58484
94.58484
94.58484
94.58484
94.58484
94.58484
94.58484
94.94585
94.94585
94.94585
94.94585
94.94585
94.94585
95.30686
95.30686
95.30686
95.30686
95.30686
95.30686
95.30686
95.30686
95.30686
95.30686
95.30686
95.66787
95.66787
95.66787
95.66787
95.66787
95.66787
95.66787
95.66787
95.66787
95.66787
95.66787
96.02888
96.02888
96.02888
96.02888
96.02888
96.38989
96.38989
96.38989
96.38989
96.38989
96.38989
96.38989
96.38989
96.38989
96.38989
96.38989
96.7509
96.7509
96.7509
96.7509
96.7509
96.7509
96.7509
96.7509
96.7509
