78.7878787878788
82.0346320346321
82.6839826839828
88.0952380952382
88.3116883116883
88.961038961039
89.3939393939393
91.7748917748918
91.9913419913419
92.2077922077921
94.8051948051949
95.4545454545454
95.8874458874459
95.8874458874459
96.1038961038961
96.969696969697
97.6190476190477
98.051948051948
99.134199134199
68.5499058380414
71.3747645951036
71.9397363465161
76.647834274953
76.8361581920904
77.4011299435029
77.7777777777777
79.84934086629
80.0376647834274
80.2259887005649
82.4858757062148
83.0508474576271
83.4274952919021
83.4274952919021
83.6158192090395
84.3691148775895
84.9340866290019
85.3107344632768
86.2523540489641
87.3822975517891
88.135593220339
88.3239171374764
88.7005649717515
89.0772128060263
89.4538606403014
90.0188323917138
91.7137476459511
92.8436911487758
93.2203389830509
93.4086629001883
93.4086629001883
94.1619585687382
94.5386064030133
94.5386064030133
94.7269303201507
94.9152542372881
96.2335216572505
96.7984934086628
97.1751412429379
97.1751412429379
97.1751412429379
67.910447761194
70.7089552238807
71.268656716418
75.9328358208956
76.1194029850746
76.679104477612
77.0522388059701
79.1044776119403
79.2910447761193
79.4776119402984
81.7164179104479
82.276119402985
82.6492537313433
82.6492537313433
82.8358208955224
83.5820895522388
84.1417910447762
84.5149253731343
85.4477611940298
86.5671641791045
87.3134328358209
87.4999999999999
87.8731343283583
88.2462686567164
88.6194029850747
89.179104477612
90.8582089552239
91.9776119402985
92.3507462686568
92.5373134328358
92.5373134328358
93.2835820895522
93.6567164179105
93.6567164179105
93.8432835820896
94.0298507462687
95.3358208955224
95.8955223880596
96.2686567164179
96.2686567164179
96.2686567164179
99.2537313432836
99.6268656716419
66.7889908256881
69.5412844036698
70.0917431192661
74.6788990825689
74.8623853211009
75.4128440366973
75.7798165137614
77.7981651376147
77.9816513761467
78.1651376146788
80.3669724770643
80.9174311926605
81.2844036697248
81.2844036697248
81.4678899082569
82.2018348623853
82.7522935779817
83.1192660550458
84.0366972477063
85.1376146788991
85.8715596330275
86.0550458715596
86.4220183486239
86.788990825688
87.1559633027524
87.7064220183487
89.3577981651377
90.4587155963302
90.8256880733945
91.0091743119266
91.0091743119266
91.743119266055
92.1100917431194
92.1100917431194
92.2935779816514
92.4770642201835
93.7614678899083
94.3119266055045
94.6788990825688
94.6788990825688
94.6788990825688
97.6146788990826
97.9816513761469
98.5321100917431
99.2660550458715
99.6330275229358
99.8165137614679
66.3023679417122
69.0346083788707
69.5810564663025
74.1347905282332
74.3169398907104
74.8633879781421
75.2276867030965
77.2313296903461
77.4134790528233
77.5956284153005
79.7814207650274
80.327868852459
80.6921675774135
80.6921675774135
80.8743169398907
81.6029143897996
82.1493624772314
82.5136612021857
83.4244080145719
84.5173041894353
85.2459016393443
85.4280510018214
85.792349726776
86.1566484517304
86.5209471766849
87.0673952641167
88.7067395264117
89.799635701275
90.1639344262296
90.3460837887067
90.3460837887067
91.0746812386157
91.4389799635702
91.4389799635702
91.6211293260474
91.8032786885246
93.0783242258653
93.6247723132968
93.9890710382514
93.9890710382514
93.9890710382514
96.9034608378871
97.2677595628416
97.8142076502732
98.5428051001821
98.9071038251367
99.0892531876138
64.6536412078153
67.3179396092363
67.8507992895205
72.2912966252221
72.4689165186501
73.0017761989343
73.3570159857904
75.3108348134991
75.4884547069271
75.6660746003551
77.7975133214921
78.3303730017761
78.6856127886324
78.6856127886324
78.8632326820604
79.5737122557726
80.1065719360569
80.4618117229129
81.3499111900532
82.4156305506217
83.1261101243339
83.3037300177619
83.6589698046182
84.0142095914742
84.3694493783304
84.9023090586147
86.5008880994672
87.5666074600355
87.9218472468917
88.0994671403197
88.0994671403197
88.809946714032
89.1651865008882
89.1651865008882
89.3428063943162
89.5204262877442
90.7637655417407
91.2966252220248
91.651865008881
91.651865008881
91.651865008881
94.49378330373
94.8490230905862
95.3818827708703
96.0923623445826
96.4476021314388
96.6252220248668
98.0461811722913
98.5790408525755
99.4671403197158
61.590524534687
64.1285956006769
64.6362098138749
68.8663282571912
69.0355329949239
69.5431472081219
69.8815566835871
71.7428087986464
71.912013536379
72.0812182741116
74.1116751269036
74.6192893401015
74.9576988155669
74.9576988155669
75.1269035532995
75.8037225042301
76.3113367174281
76.6497461928934
77.4957698815566
78.5109983079526
79.1878172588833
79.3570219966159
79.6954314720813
80.0338409475465
80.3722504230119
80.8798646362099
82.4027072758038
83.4179357021996
83.756345177665
83.9255499153976
83.9255499153976
84.6023688663283
84.9407783417937
84.9407783417937
85.1099830795263
85.2791878172589
86.4636209813875
86.9712351945853
87.3096446700508
87.3096446700508
87.3096446700508
