76.86025
79.67332
99.45554
72.39316
75.04274
93.67521
95.04274
96.75214
98.2906
98.2906
100
68.63857
71.15073
88.81686
90.11345
91.7342
93.19287
93.19287
94.81361
99.02755
99.3517
66.37931
68.80878
85.89342
87.14734
88.71473
90.12539
90.12539
91.69279
95.76803
96.0815
97.17868
97.49216
98.11912
98.27586
98.27586
58.73786
60.88766
76.00555
77.11512
78.50208
79.75035
79.75035
81.13731
84.74341
85.0208
85.99168
86.26907
86.82386
86.96255
86.96255
88.9043
90.29126
90.42996
90.42996
91.26214
91.67822
92.6491
93.06519
93.61997
94.31345
94.86824
94.86824
95.00693
95.00693
95.14563
95.42302
95.83911
96.53259
96.94868
97.22607
97.22607
97.50347
97.64216
97.64216
98.19695
98.19695
98.33564
98.47434
98.47434
98.61304
98.61304
98.75173
98.75173
98.89043
99.02913
99.44521
99.44521
99.72261
99.8613
100
58.65651
60.80332
75.90028
77.00831
78.39335
79.63989
79.63989
81.02493
84.62604
84.90305
85.87258
86.14958
86.7036
86.84211
86.84211
88.78116
90.1662
90.30471
90.30471
91.13573
91.55125
92.52078
92.93629
93.4903
94.18283
94.73684
94.73684
94.87535
94.87535
95.01385
95.29086
95.70637
96.39889
96.8144
97.09141
97.09141
97.36842
97.50693
97.50693
98.06094
98.06094
98.19945
98.33795
98.33795
98.47645
98.47645
98.61496
98.61496
98.75346
98.89197
99.30748
99.30748
99.58449
99.72299
99.8615
100
100
100
55.72368
57.76316
72.10526
73.15789
74.47368
75.65789
75.65789
76.97368
80.39474
80.65789
81.57895
81.84211
82.36842
82.5
82.5
84.34211
85.65789
85.78947
85.78947
86.57895
86.97368
87.89474
88.28947
88.81579
89.47368
90
90
90.13158
90.13158
90.26316
90.52632
90.92105
91.57895
91.97368
92.23684
92.23684
92.5
92.63158
92.63158
93.15789
93.15789
93.28947
93.42105
93.42105
93.55263
93.55263
93.68421
93.68421
93.81579
93.94737
94.34211
94.34211
94.60526
94.73684
94.86842
95
95
95
95.13158
95.13158
95.26316
95.39474
95.39474
95.39474
95.52632
95.65789
95.65789
95.78947
96.44737
96.57895
96.71053
96.71053
96.84211
96.84211
96.84211
96.97368
96.97368
96.97368
97.10526
97.23684
97.36842
97.5
97.5
97.76316
97.89474
97.89474
97.89474
98.15789
98.28947
98.28947
98.55263
98.68421
98.68421
98.81579
98.81579
98.94737
99.21053
99.34211
99.60526
99.60526
99.73684
99.73684
99.86842
100
55.65046
57.68725
72.01051
73.06176
74.37582
75.55848
75.55848
76.87254
80.28909
80.55191
81.47175
81.73456
82.26018
82.39159
82.39159
84.23127
85.54534
85.67674
85.67674
86.46518
86.8594
87.77924
88.17346
88.69908
89.35611
89.88173
89.88173
90.01314
90.01314
90.14455
90.40736
90.80158
91.45861
91.85283
92.11564
