98.22485
99.05325
82.09693
82.78932
87.83383
88.4273
88.52621
89.61424
91.59248
91.79031
93.3729
93.76855
93.76855
94.65875
95.0544
95.15331
95.54896
96.04352
96.04352
96.53808
96.73591
96.83482
97.42829
97.82394
97.92285
98.61523
98.81306
98.91197
99.01088
99.30762
99.60435
99.90109
81.93485
82.62586
87.66041
88.25271
88.35143
89.43731
91.41165
91.60908
93.18855
93.58342
93.58342
94.47187
94.86673
94.96545
95.36032
95.8539
95.8539
96.34748
96.54492
96.64363
97.23593
97.6308
97.72952
98.42053
98.61797
98.71668
98.8154
99.11155
99.4077
99.70385
99.80257
99.90128
81.29285
81.97845
86.97356
87.56121
87.65916
88.73653
90.6954
90.89128
92.45837
92.85015
92.85015
93.73164
94.12341
94.22135
94.61312
95.10284
95.10284
95.59256
95.78844
95.88639
96.47405
96.86582
96.96376
97.64936
97.84525
97.94319
98.04114
98.33497
98.6288
98.92262
99.02057
99.11851
99.3144
99.51028
99.80411
99.80411
78.89734
79.56274
84.41065
84.98099
85.07605
86.12167
88.02281
88.21293
89.73384
90.11407
90.11407
90.96958
91.34981
91.44487
91.8251
92.30038
92.30038
92.77567
92.96578
93.06084
93.63118
94.01141
94.10646
94.77186
94.96198
95.05703
95.15209
95.43726
95.72243
96.0076
96.10266
96.19772
96.38783
96.57795
96.86312
96.86312
97.24335
97.3384
97.3384
97.3384
97.52852
97.52852
97.71863
97.90875
97.90875
98.09886
98.28897
98.28897
98.47909
98.6692
98.6692
98.6692
98.85932
98.85932
98.85932
99.23954
99.23954
99.42966
99.61977
99.61977
99.80989
99.80989
100
100
100
78.44991
79.11153
83.93195
84.49905
84.59357
85.63327
87.52363
87.71267
89.22495
89.60302
89.60302
90.45369
90.83176
90.92628
91.30435
91.77694
91.77694
92.24953
92.43856
92.53308
93.10019
93.47826
93.57278
94.2344
94.42344
94.51796
94.61248
94.89603
95.17958
95.46314
95.55766
95.65217
95.84121
96.03025
96.3138
96.3138
96.69187
96.78639
96.78639
96.78639
96.97543
96.97543
97.16446
97.3535
97.3535
97.54253
97.73157
97.73157
97.9206
98.10964
98.10964
98.10964
98.29868
98.29868
98.29868
98.67675
98.67675
98.86578
99.05482
99.05482
99.24386
99.24386
99.43289
99.43289
99.43289
99.62193
99.81096
99.81096
99.81096
100
100
100
100
75.3176
75.95281
80.58076
81.12523
81.21597
82.21416
84.02904
84.21053
85.66243
86.02541
86.02541
86.84211
87.20508
87.29583
87.6588
88.11252
88.11252
88.56624
88.74773
88.83848
89.38294
89.74592
89.83666
90.47187
90.65336
90.7441
90.83485
91.10708
91.37931
91.65154
91.74229
91.83303
92.01452
92.19601
92.46824
92.46824
92.83122
92.92196
92.92196
92.92196
93.10345
93.10345
93.28494
93.46642
93.46642
93.64791
93.8294
93.8294
94.01089
94.19238
