100
98.69048
98.22275
75.22686
67.1799
93.19287
96.11021
99.83793
65.37855
90.69401
93.53312
97.16088
97.63407
98.26498
99.05363
99.52681
100
64.96865
90.12539
92.94671
96.55172
97.02194
97.6489
98.4326
98.90282
99.37304
57.4896
79.75035
82.24688
85.43689
85.85298
86.40777
87.10125
87.51734
87.93343
88.9043
89.18169
89.18169
89.59778
89.59778
89.87517
90.84605
91.67822
92.78779
93.06519
93.61997
94.59085
94.86824
95.14563
95.14563
95.42302
96.53259
96.53259
96.67129
97.22607
97.50347
97.50347
97.78086
97.78086
98.05825
98.05825
98.05825
98.33564
98.33564
98.61304
99.30652
99.58391
100
57.40997
79.63989
82.13296
85.31856
85.73407
86.28809
86.98061
87.39612
87.81163
88.78116
89.05817
89.05817
89.47368
89.47368
89.75069
90.72022
91.55125
92.65928
92.93629
93.4903
94.45983
94.73684
95.01385
95.01385
95.29086
96.39889
96.39889
96.5374
97.09141
97.36842
97.36842
97.64543
97.64543
97.92244
97.92244
97.92244
98.19945
98.19945
98.47645
99.16898
99.44598
99.8615
51.36307
71.25155
73.48203
76.33209
76.70384
77.1995
77.81908
78.19083
78.56258
79.42999
79.67782
79.67782
80.04957
80.04957
80.2974
81.16481
81.9083
82.89963
83.14746
83.64312
84.51053
84.75836
85.0062
85.0062
85.25403
86.24535
86.24535
86.36927
86.86493
87.11276
87.11276
87.36059
87.36059
87.60843
87.60843
87.60843
87.85626
87.85626
88.10409
88.72367
88.9715
89.34325
89.59108
89.59108
89.71499
89.71499
89.71499
89.96283
90.08674
90.08674
90.21066
90.21066
90.33457
90.45849
90.45849
90.45849
90.5824
90.5824
90.70632
91.07807
91.07807
91.07807
91.07807
91.20198
91.44981
91.69765
91.69765
91.94548
91.94548
92.19331
92.19331
92.31722
92.31722
92.44114
92.44114
93.06072
93.18463
93.18463
93.30855
93.30855
93.43247
93.43247
93.43247
93.55638
93.55638
93.92813
94.05204
94.29988
94.29988
94.29988
94.42379
94.54771
94.54771
94.67162
94.67162
94.67162
94.67162
94.79554
94.79554
94.91945
94.91945
94.91945
94.91945
94.91945
94.91945
95.04337
95.16729
95.16729
95.16729
95.16729
95.2912
95.2912
95.41512
95.41512
95.41512
95.53903
95.66295
95.66295
95.78686
95.78686
95.91078
95.91078
96.0347
96.0347
96.0347
96.0347
96.15861
96.15861
96.15861
96.15861
96.28253
96.28253
96.28253
96.40644
96.53036
96.53036
96.53036
96.53036
96.53036
96.65428
96.65428
96.65428
96.65428
96.65428
96.77819
96.77819
96.77819
96.77819
96.77819
96.90211
96.90211
97.02602
97.02602
97.14994
97.14994
97.27385
97.27385
97.39777
97.39777
97.39777
97.39777
97.52169
97.52169
97.6456
97.6456
97.6456
97.6456
97.6456
97.6456
97.6456
97.6456
97.76952
97.76952
97.89343
97.89343
97.89343
98.01735
98.01735
