0
0
0
0
0
96.8595041322313
0.330578512396694
0
0
0
0
0
33.4093500570125
36.0889395667047
36.3740022805017
36.5450399087799
36.6020524515393
38.654503990878
38.7685290763968
40.1368301026226
40.3648802736602
40.8209806157355
43.0444697833524
43.7856328392246
43.9566704675029
44.2987457240593
44.4697833523375
45.6670467502851
46.0661345496009
46.7502850627138
47.0353477765108
50.5131128848347
50.8551881413911
52.9646522234892
55.0171037628278
61.0034207525657
66.0205245153935
88.8255416191564
0.114025085518814
0
0
0
0
0
31.7443120260021
34.2903575297941
34.5612134344529
34.7237269772481
34.7778981581798
36.7280606717227
36.8364030335861
38.136511375948
38.353196099675
38.7865655471289
40.899241603467
41.6034669555796
41.7659804983749
42.0910075839653
42.2535211267606
43.3911159263272
43.7703141928494
44.4203683640303
44.691224268689
47.9956663055255
48.3206933911159
50.3250270855905
52.2751895991333
57.9631635969666
62.7302275189601
84.3986998916578
0.108342361863489
0
0
0
0
0
24.2549668874172
26.2003311258278
26.4072847682119
26.5314569536424
26.5728476821192
28.0629139072848
28.1456953642384
29.1390728476821
29.3046357615894
29.635761589404
31.25
31.7880794701987
31.9122516556291
32.1605960264901
32.2847682119205
33.1539735099338
33.4437086092715
33.9403973509934
34.1473509933775
36.6721854304636
36.9205298013245
38.4519867549669
39.9420529801324
44.2880794701988
47.9304635761591
64.4867549668875
78.8079470198676
83.6092715231786
95.364238410596
99.6688741721854
0.0827814569536424
0
0
0
0
0
24.1749174917492
26.1138613861386
26.3201320132013
26.4438943894389
26.4851485148515
27.970297029703
28.0528052805281
29.042904290429
29.2079207920792
29.5379537953795
31.1468646864687
31.6831683168317
31.8069306930693
32.0544554455445
32.1782178217822
33.0445544554455
33.3333333333333
33.8283828382838
34.0346534653465
36.5511551155116
36.7986798679868
38.3250825082508
39.8102310231023
44.1419141914193
47.7722772277229
64.2739273927394
78.5478547854785
83.3333333333331
95.049504950495
99.3399339933993
0.0825082508250825
0
0
0
0
0
24.1350906095552
26.0708401976936
26.2767710049424
26.4003294892916
26.4415156507413
27.9242174629325
28.006589785832
28.995057660626
29.159802306425
29.4892915980231
31.0955518945634
31.6309719934102
31.7545304777595
32.001647446458
32.1252059308072
32.990115321252
33.2784184514003
33.7726523887974
33.9785831960461
36.4909390444811
36.7380560131796
38.2619439868204
39.7446457990115
44.0691927512357
47.6935749588139
64.1680395387151
78.4184514003295
83.1960461285006
94.8929159802306
99.176276771005
0.0823723228995058
0
0
0
0
0
23.5530546623794
25.4421221864952
25.6430868167203
25.7636655948553
25.8038585209003
27.2508038585209
27.3311897106109
28.2958199356913
28.4565916398714
28.7781350482315
30.3456591639872
30.8681672025724
30.9887459807074
31.2299035369775
31.3504823151125
32.1945337620579
32.475884244373
32.9581993569132
33.1591639871383
35.6109324758843
35.8520900321543
37.3392282958199
38.7861736334405
43.0064308681673
46.5434083601287
62.6205787781352
76.5273311897106
81.1897106109323
92.604501607717
96.7845659163987
99.51768488746
0.0803858520900322
0
0
0
0
0
23.5152487961476
25.4012841091493
25.6019261637239
25.7223113964687
25.7624398073836
27.2070626003211
27.2873194221509
28.2504012841091
28.4109149277689
28.7319422150883
30.2969502407705
30.8186195826645
30.9390048154093
31.1797752808989
31.3001605136437
32.1428571428571
32.4237560192616
32.9052969502408
33.1059390048154
35.553772070626
35.7945425361156
37.2792937399679
38.7239165329053
42.9373996789728
46.4686998394865
62.5200642054576
76.4044943820225
81.0593900481539
92.4558587479936
96.6292134831461
99.3579454253614
0.0802568218298555
0
0
0
0
0
23.4025559105431
25.2795527156549
25.4792332268371
25.5990415335463
25.6389776357827
27.076677316294
27.1565495207668
28.1150159744409
28.2747603833866
28.594249201278
30.1517571884984
30.6709265175719
30.7907348242812
31.0303514376997
31.1501597444089
31.9888178913738
32.2683706070287
32.7476038338658
32.9472843450479
35.3833865814697
35.6230031948882
37.1006389776358
38.538338658147
42.7316293929714
46.2460063897765
62.2204472843452
76.038338658147
80.6709265175717
92.0127795527157
96.1661341853035
