80.75881
79.67914
77.80679
59.71944
79.15832
81.76353
57.64023
76.40232
78.91683
56.12053
74.38795
76.83616
55.18519
73.14815
75.55556
52.0979
69.05594
71.32867
51.20275
67.86942
70.10309
50.85324
67.40614
69.62457
48.5342
64.33225
66.44951
48.14216
63.8126
65.91276
47.83307
63.40289
65.48957
47.1519
62.5
64.55696
46.41745
61.52648
63.5514
45.77573
60.67588
62.67281
44.5441
59.04335
60.98655
44.21365
58.60534
60.53412
43.88807
58.17378
60.08837
43.31395
57.41279
59.30233
43.06358
57.08092
58.95954
42.75466
56.67145
58.53659
41.9128
55.55556
57.38397
39.10761
51.83727
53.54331
38.6511
51.23217
52.91829
38.40206
50.90206
52.57732
37.96178
50.31847
51.97452
37.53149
49.74811
51.38539
37.29662
49.4368
51.06383
37.11083
49.19054
50.80946
36.25304
48.05353
49.63504
35.86041
47.53309
49.09747
35.64593
47.2488
48.80383
33.78685
44.78458
46.2585
33.63431
44.58239
46.04966
32.78328
43.45435
44.88449
31.80363
42.15582
43.54322
31.63482
41.93206
43.3121
31.04167
41.14583
42.5
29.74052
39.42116
40.71856
29.33071
38.87795
40.15748
28.54406
37.83525
39.08046
28.327
37.54753
38.78327
27.95497
37.05441
38.27392
27.14026
35.9745
37.15847
26.55971
35.20499
36.36364
26.46536
35.07993
36.23446
26.32509
34.89399
36.0424
26.23239
34.77113
35.91549
26.04895
34.52797
35.66434
25.91304
34.34783
35.47826
25.29711
33.53141
34.63497
25.21151
33.41794
34.51777
25.12648
33.30523
34.40135
24.54695
32.53707
33.60791
24.2671
32.16612
33.22476
24.07108
31.9063
32.95638
23.91653
31.70144
32.74478
23.72611
31.44904
32.48408
23.65079
31.34921
32.38095
23.57595
31.25
32.27848
23.20872
30.76324
31.7757
22.81776
30.24502
31.24043
22.64438
30.0152
31.00304
22.57576
29.92424
30.90909
22.33883
29.61019
30.58471
22.27205
29.52167
30.49327
22.04142
29.21598
30.17751
21.94404
29.08689
30.04418
21.81552
28.91654
29.86823
21.65698
28.7064
29.65116
21.5942
28.62319
29.56522
21.10482
27.9745
28.89518
21.01551
27.85614
28.77292
20.89762
27.69986
28.6115
20.69444
27.43056
28.33333
20.63712
27.35457
28.25485
20.35519
26.98087
27.86885
20.24457
26.83424
27.71739
19.97319
26.47453
27.34584
19.63109
26.02108
26.87747
19.50262
25.85079
26.70157
19.4517
25.78329
26.63185
19.27555
25.54981
26.39069
19.20103
25.45103
26.28866
18.98089
25.15924
25.98726
18.81313
24.93687
25.75758
18.55542
24.59527
25.40473
18.39506
24.38272
25.18519
18.19292
24.11477
24.90842
18.12652
24.02676
24.81752
17.97346
23.82388
24.60796
17.88715
23.70948
24.4898
17.5915
23.31759
24.08501
17.48826
23.18075
23.94366
17.40654
23.07243
23.83178
17.30546
22.93844
23.69338
17.1659
22.75346
23.5023
