30.5333333333333
30.4
30.8
28.5
29.1666666666667
27.7333333333333
29.9
29.1
29.1
28.6
29.2333333333333
28.0333333333333
30.9
34.7333333333333
31.6333333333333
32.2666666666667
32.4666666666667
31.4333333333333
28.6
27.1333333333333
28
26.6666666666667
26.7666666666667
28.3333333333333
29.4666666666667
31.7666666666667
31.1
32.6666666666667
32.1333333333333
31.2333333333333
33.6
33.6666666666667
33.0333333333333
33.3
31.2
32.2666666666667
32.2666666666667
33.7
31.9
32.5333333333333
31.6333333333333
31.3666666666667
31.7
31.4666666666667
30.8333333333333
30.1666666666667
28.8333333333333
29.3666666666667
28.5666666666667
31.5333333333333
29.6666666666667
28.8666666666667
28.0666666666667
29.3333333333333
29.6666666666667
29.0333333333333
28.9333333333333
28.8
28.2666666666667
28.5
28.8
28.9333333333333
29.1333333333333
29.7
27.3666666666667
26.2666666666667
28.7333333333333
31.1333333333333
31.4666666666667
30.9666666666667
28.6
28.1333333333333
27.4666666666667
27.0333333333333
28.8
26.7
25.5
26.6333333333333
27.3
25.6333333333333
27.2
26.8666666666667
26.9666666666667
26.6666666666667
28.3666666666667
33.9666666666667
29.1333333333333
30.0666666666667
26.1666666666667
28.3666666666667
26.2
26.5333333333333
27.2
26.9333333333333
25.3333333333333
26.5666666666667
27.6666666666667
26.1666666666667
25.5
27.0666666666667
26.4
26.7
25.8
25.2666666666667
25.4666666666667
26.4333333333333
25.2333333333333
25.1
25.5
28.1666666666667
27.7333333333333
27.5666666666667
27.2666666666667
24.9333333333333
26.4
27.0666666666667
25.7333333333333
26.9666666666667
25.7666666666667
26.7666666666667
25.9
25.6
26.4333333333333
26.7333333333333
26.3666666666667
26.3
26.1
27
26.8666666666667
26.0333333333333
26.5666666666667
26.4
25.3333333333333
25.1
27
26.4666666666667
26.6
26.9333333333333
27.2666666666667
28.8666666666667
29.5
29.5666666666667
28.1333333333333
29.2
29.8
28.1666666666667
28.2666666666667
29.2666666666667
29.6666666666667
30.5
29.5
28.9333333333333
30.1666666666667
28.6
29.5666666666667
28.6333333333333
28.4666666666667
29.6666666666667
28.1333333333333
27.7666666666667
26.4333333333333
25.0333333333333
26.2
27.5
27.5666666666667
26.5666666666667
27.7
25.9333333333333
26.2333333333333
28.9666666666667
27.6666666666667
28.2333333333333
30.0333333333333
29.3333333333333
28.0333333333333
27.8666666666667
28.1333333333333
27.4666666666667
29.2666666666667
26.9333333333333
26.6333333333333
29.6666666666667
27.6
29.4666666666667
27.6333333333333
29.1666666666667
27.3
27.6
28.9333333333333
27.5666666666667
27.3
26.8666666666667
28.0666666666667
31.1
28.2666666666667
28.5666666666667
28.4666666666667
26.9666666666667
28.7666666666667
30.2
27.3
28.3
26.4
27.4666666666667
28.6
29.7
29.1333333333333
28.2
27.2333333333333
28.1
27.3
27.6333333333333
28.2333333333333
27.9666666666667
27.1666666666667
28.3
27.3666666666667
29.3333333333333
28.1
27.4666666666667
27.8
28.2666666666667
27.9666666666667
28.1
27.6
28.1
28.0333333333333
26.8
28.3
29.0666666666667
27.4
29.0666666666667
25.8333333333333
28
27.5666666666667
26.4
27.9666666666667
27.9666666666667
30.3666666666667
29
29.5333333333333
28.7666666666667
29.1
27.9666666666667
27.2
27.6
26.8666666666667
25.3333333333333
28.1666666666667
28.9
28.9
27.2666666666667
28.8
28.9
29.0666666666667
29.1
29.3
30.1666666666667
28.1
27.8333333333333
28.1
26.8
27.2666666666667
27.5
29.5333333333333
29.4333333333333
29.9
32.5333333333333
30.2666666666667
28.7666666666667
29.8333333333333
28.9666666666667
30.8333333333333
30.4333333333333
32.3333333333333
29
29.0333333333333
31.7
31.2333333333333
30.0666666666667
30.6
28.9666666666667
30.2
29.0333333333333
29.4
30.0333333333333
29.2333333333333
30.4333333333333
