85.139318885449
63.3640552995392
55.668016194332
54.6719681908549
54.4015825914936
53.921568627451
52.6819923371648
51.1152416356878
50.7380073800739
49.0196078431373
48.5865724381626
48.4154929577465
47.4956822107082
47.0890410958905
45.6810631229236
45.4545454545455
44.7882736156352
44.1412520064206
42.2427035330262
42.1133231240429
40.5007363770251
40.0874635568514
39.8550724637682
39.7398843930636
39.3419170243205
39.1737891737892
37.9310344827587
37.568306010929
36.6666666666667
35.9007832898173
35.7607282184656
34.8542458808619
32.8947368421053
32.8162291169451
31.3568985176739
31.1791383219955
30.3197353914003
30.0218340611354
29.4117647058824
29.3489861259339
28.6458333333334
27.693856998993
27.5275275275276
27.4451097804391
27.2547076313182
26.8817204301076
26.85546875
24.4661921708185
23.4241908006815
22.6897689768977
21.964856230032
21.585557299843
21.1538461538462
21.0889570552147
20.5530642750374
17.0173267326733
15.2777777777778
13.8469284994965
12.4097472924188
8.27316486161252
8.15539739027284
7.93879907621248
7.53837719298246
6.20487364620939
4.31846733668342
3.44438877755511
3.38336614173229
3.05284191829485
2.97876949740035
2.90820642978004
2.89351851851852
86.0681114551084
64.0552995391705
56.2753036437247
55.2683896620278
54.9950544015826
54.5098039215686
53.2567049808429
51.6728624535316
51.2915129151292
49.554367201426
49.1166077738516
48.943661971831
48.013816925734
47.6027397260274
46.1794019933555
45.9504132231405
45.2768729641694
44.6227929373997
42.7035330261137
42.572741194487
40.9425625920471
40.5247813411079
40.2898550724638
40.1734104046243
39.7711015736767
39.6011396011396
38.3448275862069
37.9781420765027
37.0666666666667
36.2924281984334
36.1508452535761
35.234474017744
33.2535885167464
33.1742243436754
31.6989737742303
31.5192743764172
30.6504961411246
30.3493449781659
29.7326203208556
29.6691568836713
28.9583333333333
27.9959718026183
27.8278278278278
27.7445109780439
27.5520317145689
27.1749755620723
27.1484375
24.7330960854093
23.679727427598
22.9372937293729
22.2044728434505
21.8210361067504
21.3846153846154
21.319018404908
20.7772795216741
17.2029702970297
15.4444444444444
13.9979859013092
12.5451263537906
8.36341756919374
8.24436536180308
8.02540415704388
7.62061403508772
6.27256317689531
4.36557788944724
3.48196392785571
3.42027559055118
3.08614564831261
3.01126516464471
2.93993231810491
2.92508417508417
86.9969040247677
64.7465437788018
56.8825910931174
55.8648111332007
55.5885262116715
55.0980392156862
53.831417624521
52.2304832713754
51.8450184501845
50.0891265597147
49.6466431095406
49.4718309859154
48.5319516407599
48.1164383561643
46.6777408637873
46.4462809917355
45.7654723127035
45.1043338683788
43.1643625192012
43.032159264931
41.3843888070692
40.9620991253644
40.7246376811594
40.6069364161849
40.2002861230329
40.02849002849
38.7586206896551
38.3879781420765
37.4666666666666
36.6840731070496
36.5409622886866
35.6147021546261
33.6124401913875
33.5322195704057
32.0410490307867
31.859410430839
30.9812568908489
30.6768558951965
30.0534759358288
29.9893276414087
29.2708333333333
28.2980866062437
28.1281281281281
28.0439121756487
27.8493557978196
27.4682306940371
27.44140625
25
23.9352640545145
23.1848184818482
22.444089456869
22.0565149136578
21.6153846153846
21.5490797546012
21.0014947683109
17.3886138613861
15.6111111111111
14.1490433031218
12.6805054151624
8.45367027677496
8.33333333333333
8.11200923787528
7.70285087719297
6.34025270758122
4.41268844221105
3.51953907815631
3.45718503937008
3.11944937833037
3.04376083188908
2.97165820642978
2.95664983164983
87.6160990712075
65.2073732718895
57.2874493927126
56.2624254473162
55.9841740850644
55.4901960784314
54.2145593869732
52.6022304832714
52.2140221402215
50.445632798574
50.0000000000001
49.8239436619719
48.8773747841106
48.4589041095891
47.0099667774087
46.7768595041323
46.0912052117264
45.4253611556983
43.4715821812596
43.3384379785605
41.678939617084
41.2536443148689
41.0144927536232
40.8959537572255
40.4864091559371
40.3133903133904
39.0344827586207
38.6612021857924
37.7333333333334
36.9451697127938
36.8010403120937
35.8681875792142
33.8516746411484
33.7708830548926
32.2690992018244
32.0861678004535
31.2017640573319
30.8951965065502
30.2673796791444
30.2027748132338
29.4791666666667
28.4994964753273
28.3283283283284
28.2435129740519
28.0475718533201
27.663734115347
27.63671875
25.1779359430605
24.1056218057922
23.3498349834984
22.6038338658147
22.2135007849294
21.7692307692308
21.7024539877301
21.1509715994021
17.5123762376238
15.7222222222222
14.2497482376637
12.7707581227437
8.5138387484958
8.39264531435351
8.16974595842957
7.7576754385965
6.38537906137185
4.44409547738694
3.54458917835672
3.48179133858268
3.14165186500888
3.065424610052
2.99280879864636
2.97769360269361
