89.171974522293
86.5979381443299
79.0960451977401
72.1649484536082
71.0659898477157
70.4697986577181
68.9655172413793
66.4556962025316
63.1578947368421
62.780269058296
62.3145400593472
61.493411420205
61.046511627907
60.2582496413199
59.8290598290598
57.6131687242798
55.8510638297872
55.4821664464993
54.1237113402062
53.5031847133758
52.5657071339174
51.4075887392901
50.2392344497608
48.3870967741936
47.4040632054176
47.1380471380471
45.7018498367791
45.5037919826652
44.5859872611465
43.75
43.1211498973306
41.7495029821074
41.5430267062315
41.3385826771654
39.5480225988701
39.3996247654784
38.2513661202186
37.4331550802139
36.7132867132867
36.2694300518135
35.958904109589
35.4131534569983
35.1170568561873
34.8837209302326
34.7107438016529
34.4827586206897
34.3137254901961
33.8164251207729
32.8638497652582
32.7102803738318
32.5077399380805
32.0121951219512
31.4842578710645
31.390134529148
31.0650887573964
30.8370044052863
30.2158273381295
30.0429184549356
29.7450424929178
29.45301542777
29.2479108635098
28.9655172413793
28.8858321870702
28.8065843621399
28.6885245901639
28.6103542234332
28.5326086956522
28
27.5590551181102
27.4869109947644
27.4151436031332
27.3081924577373
26.8542199488491
26.6836086404066
26.3819095477387
26.2172284644195
26.1519302615193
26.0545905707196
25.990099009901
25.7668711656442
25.703794369645
25.6410256410256
25.4237288135593
25.3317249698432
25.2707581227437
25.0596658711217
24.6478873239437
24.4470314318976
24.1935483870968
24.0549828178694
23.5690235690236
23.4375
23.3853006681514
23.2558139534884
23.0263157894737
22.9759299781182
22.8509249183896
22.8013029315961
22.7518959913326
22.5806451612903
22.4598930481283
22.2457627118644
21.875
21.8068535825545
21.7166494312306
21.671826625387
21.6049382716049
21.2981744421907
21.2550607287449
21.021021021021
20.9580838323353
20.8747514910537
20.812685827552
20.5882352941176
20.5278592375367
20.5078125
20.3488372093023
20.3094777562863
20.0764818355641
19.9619771863118
19.9240986717268
19.7368421052632
19.5530726256983
19.5167286245353
19.4805194805195
19.4085027726433
19.3726937269373
18.9873417721519
18.9530685920578
18.75
18.716577540107
18.6832740213523
18.6170212765957
18.5512367491166
18.5185185185185
18.3566433566434
18.2608695652174
18.1347150259067
18.0722891566265
18.0412371134021
17.9180887372014
17.6767676767677
17.5879396984925
17.5585284280936
17.5292153589316
17.5
17.3267326732673
17.1009771986971
17.0454545454545
16.8269230769231
16.7731629392971
16.7464114832536
16.6666666666667
16.6402535657686
16.6139240506329
16.5354330708661
16.2790697674419
16.2538699690402
16.0060975609756
15.9332321699545
15.9090909090909
15.8850226928896
15.8610271903323
14.9359886201991
14.6648044692737
10.5740181268882
8.91341256366723
7.97872340425532
6.31768953068592
5.61497326203209
3.52822580645161
2.70897832817337
2.08664546899841
1.59090909090909
1.37867647058824
1.25
1.00651840490798
96.0451977401131
87.6288659793815
86.2944162436549
85.5704697986578
83.7438423645321
80.6962025316457
76.6917293233084
76.2331838565023
75.6676557863502
74.670571010249
74.1279069767443
73.1707317073171
72.6495726495727
69.9588477366256
67.8191489361703
67.3712021136064
65.7216494845361
64.9681528662421
63.8297872340426
62.4235006119952
61.0047846889953
58.7557603686637
57.5620767494357
57.2390572390573
55.4951033732318
55.2546045503792
54.1401273885351
53.1250000000001
52.3613963039015
50.6958250497018
50.4451038575668
50.1968503937008
48.0225988700565
47.8424015009381
46.448087431694
45.4545454545455
44.5804195804196
44.0414507772021
43.6643835616439
43.0016863406409
42.6421404682275
42.358803986711
42.1487603305786
41.871921182266
41.6666666666667
41.0628019323672
39.906103286385
39.7196261682243
39.4736842105264
38.8719512195122
38.2308845577212
38.1165919282512
37.7218934911243
37.4449339207049
36.6906474820144
36.480686695279
36.1189801699717
35.7643758765779
35.5153203342619
35.1724137931035
35.0756533700138
34.9794238683128
34.8360655737705
34.741144414169
34.6467391304348
34
33.4645669291339
33.3769633507854
33.289817232376
33.1599479843954
32.6086956521739
32.4015247776366
32.035175879397
31.8352059925094
31.7559153175592
31.6377171215881
31.5594059405941
31.2883435582822
31.2117503059976
31.1355311355312
30.8716707021792
30.7599517490953
30.6859205776174
30.4295942720764
29.9295774647888
29.6856810244471
29.3778801843318
29.2096219931272
28.6195286195287
28.4598214285715
28.3964365256125
28.2392026578073
27.9605263157895
27.8993435448578
27.7475516866159
27.6872964169381
27.6273022751896
27.4193548387097
27.2727272727273
27.0127118644068
26.5625
26.4797507788162
26.3702171664943
26.3157894736842
26.2345679012346
25.8620689655173
25.8097165991903
25.5255255255255
25.4491017964072
