65.321375186846
61.0335195530726
57.7278731836195
54.6933667083854
53.7515375153751
53.4883720930232
52.5872442839951
52.0238095238095
51.7159763313609
51.1709601873536
50.6373117033603
49.8289623717217
48.5555555555555
48.2872928176795
47.5516866158868
45.0980392156862
44.8665297741273
44.4557477110885
44.2307692307692
43.4393638170974
43.2245301681503
42.8431372549019
42.67578125
42.4271844660194
42.1001926782273
41.6984732824427
41.5399239543726
41.3043478260869
41.1487758945386
40.7649253731343
39.945155393053
39.799635701275
38.8099467140319
38.6042402826855
38.1993006993007
37.7374784110535
37.4143835616438
37.0967741935484
36.9712351945854
36.8465430016863
36.6610738255033
35.996705107084
35.7026143790849
35.586319218241
33.8235294117647
33.2066869300912
33.0060422960725
32.7586206896551
32.660687593423
32.5148809523809
32.179675994109
31.9912152269399
31.7587209302325
31.2589413447782
31.1253561253561
30.6451612903226
30.4317548746518
30.3472222222222
29.9725651577503
29.8497267759563
29.5669824086603
29.1333333333333
29.0558510638298
28.9403973509934
28.2664941785252
28.1572164948453
27.9411764705882
27.2104607721046
27.0420792079208
26.8757687576876
26.6788766788767
26.5815085158151
26.4527845036319
26.1363636363636
25.9193357058126
25.6455399061033
25.4365541327124
25.3774680603949
25.2309468822171
25.1728110599078
25.028636884307
24.9144811858609
24.8577929465301
24.7732426303855
24.7171945701357
24.468085106383
24.1971207087486
24.1436464088398
23.9583333333333
23.853711790393
23.494623655914
23.4190782422294
23.3689839572192
22.9758149316509
22.6424870466321
22.5956566701137
22.5490196078431
22.4794238683127
22.4332648870636
22.3872950819672
22.2278738555442
22.1153846153846
22.0040281973817
21.7629482071713
21.5695952615992
21.505905511811
21.3587487781036
21.337890625
20.8095238095238
20.7699619771863
20.4971857410882
20.4588014981273
20.3445065176909
20.1940850277264
19.9725776965265
19.9361313868613
19.755877034358
19.7202166064982
19.6846846846847
19.6492805755396
19.5089285714286
19.4741532976827
19.3705673758865
19.3021201413427
19.2341549295774
19.2003514938488
19
18.9670138888889
18.9341421143847
18.901384083045
18.4543918918919
18.4232715008432
18.3305369127517
18.1478405315614
18.0578512396694
17.9392446633826
17.8805237315876
17.8513071895425
17.8221859706362
17.7931596091205
17.7353896103896
17.5925925925926
17.564308681672
17.5080128205128
17.4520766773163
17.4242424242424
17.3137876386688
17.0970266040688
16.9906687402799
16.937984496124
16.8856259659969
16.7561349693251
16.7048929663608
15.9256559766764
13.5210396039604
12.4572405929304
10.7529527559055
9.10416666666666
8.6023622047244
8.02129221732745
6.86243718592964
6.144544431946
5.91820151679306
5.84224598930481
4.63709677419355
4.46282679738562
4.28767660910518
4.08258594917787
4.01064610866373
3.91296561604584
3.87961647727272
3.84683098591549
3.64166666666666
3.53331177231565
3.47929936305732
3.21702002355712
3.15386836027713
3.1357634902411
2.25350660066006
2.03218005952381
2.01419616519174
1.97344653179191
1.90729748603352
1.73964968152866
1.21066046099291
1.18543836805555
69.8056801195815
65.2234636871509
61.6908850726553
58.4480600750939
57.4415744157442
57.1603427172583
56.1973525872443
55.5952380952381
55.2662721893491
54.6838407494146
54.1135573580533
53.2497149372862
51.8888888888889
51.6022099447514
50.8161044613711
48.1940144478844
47.946611909651
47.5076297049848
47.2672064777328
46.4214711729623
46.1918892185955
45.7843137254902
45.60546875
45.3398058252427
44.990366088632
44.5610687022901
44.3916349809886
44.1398865784499
43.9736346516008
43.5634328358209
42.6873857404022
42.5318761384335
41.474245115453
41.2544169611308
40.8216783216783
40.3281519861831
39.9828767123288
39.6434634974533
39.5093062605753
39.3760539629005
39.1778523489933
38.4678747940692
38.1535947712419
38.0293159609121
36.1455108359133
35.4863221884499
35.2719033232629
35.0074962518741
34.9028400597908
34.7470238095238
34.3888070692195
34.1874084919473
33.9389534883721
33.4048640915594
33.2621082621083
32.7489481065919
32.5208913649025
32.4305555555556
32.0301783264746
31.8989071038252
31.596752368065
31.1333333333334
31.0505319148936
30.9271523178808
30.2069857697284
30.090206185567
29.8593350383632
29.0784557907846
28.8985148514852
28.7207872078721
28.5103785103785
28.4063260340633
28.2687651331719
27.9306220095694
27.6986951364176
27.406103286385
27.1827706635623
27.1196283391406
26.9630484988453
26.9009216589862
26.7468499427262
26.6248574686431
26.5642775881684
26.4739229024943
26.4140271493213
26.1478163493841
25.8582502768549
25.8011049723757
25.6030701754386
25.4912663755459
25.1075268817204
25.02679528403
24.9732620320856
24.553101997897
24.1968911917099
24.1468459152017
24.0970072239422
24.022633744856
23.9733059548255
23.9241803278689
23.7538148524924
23.6336032388664
