0
0
0
0
0
29.60289
30.32491
30.86643
31.40794
31.76895
32.31047
32.49097
32.85199
33.03249
33.213
33.213
33.3935
33.3935
33.3935
33.57401
33.75451
33.93502
34.11552
34.11552
34.29603
34.47653
34.65704
34.65704
34.83755
35.01805
35.01805
35.19856
35.19856
35.19856
35.19856
35.37906
35.37906
35.37906
35.37906
35.37906
35.55957
35.55957
35.55957
35.55957
35.74007
35.74007
35.92058
35.92058
35.92058
36.10108
36.10108
36.10108
36.28159
36.28159
36.28159
36.46209
36.46209
36.46209
36.46209
36.46209
36.6426
36.6426
36.6426
36.6426
36.6426
36.6426
36.6426
36.6426
36.8231
36.8231
36.8231
36.8231
36.8231
36.8231
36.8231
36.8231
37.00361
37.00361
37.00361
37.00361
37.00361
37.18412
37.18412
37.18412
37.18412
37.36462
37.36462
37.36462
37.36462
37.36462
37.54513
37.54513
37.54513
37.54513
37.54513
37.54513
37.72563
37.72563
37.72563
37.72563
37.72563
37.72563
37.72563
37.72563
37.90614
37.90614
37.90614
37.90614
37.90614
38.08664
38.08664
38.08664
38.08664
38.08664
38.08664
38.26715
38.26715
38.26715
38.26715
38.26715
38.26715
38.26715
38.26715
38.44765
38.62816
38.62816
38.62816
38.62816
38.62816
38.80866
38.80866
38.80866
38.80866
38.80866
38.80866
38.98917
38.98917
38.98917
38.98917
38.98917
38.98917
38.98917
39.16968
39.16968
39.16968
39.16968
39.16968
39.16968
39.35018
39.35018
39.35018
39.35018
39.35018
39.35018
39.53069
39.53069
39.53069
39.53069
39.53069
39.53069
39.53069
39.53069
39.53069
39.53069
39.53069
39.71119
39.71119
39.71119
39.71119
39.71119
39.71119
39.8917
39.8917
39.8917
39.8917
39.8917
39.8917
39.8917
40.0722
40.0722
40.0722
40.0722
40.0722
40.0722
40.0722
40.0722
40.0722
40.0722
40.0722
40.25271
40.25271
40.25271
40.25271
40.25271
40.25271
40.25271
40.43321
40.43321
40.43321
40.43321
40.43321
40.43321
40.43321
40.61372
40.61372
40.61372
40.61372
40.61372
40.61372
40.79422
40.79422
40.79422
40.79422
40.79422
40.79422
40.79422
40.79422
40.79422
40.79422
40.79422
40.97473
40.97473
40.97473
40.97473
40.97473
40.97473
40.97473
40.97473
40.97473
40.97473
40.97473
40.97473
40.97473
40.97473
41.15523
41.15523
41.15523
41.15523
41.15523
41.33574
41.33574
41.33574
41.33574
41.33574
41.33574
41.33574
41.51625
41.51625
41.51625
41.51625
41.51625
41.51625
41.69675
41.69675
41.69675
41.69675
41.69675
41.69675
41.69675
41.69675
41.69675
41.69675
41.87726
41.87726
41.87726
41.87726
41.87726
42.05776
42.05776
42.05776
42.05776
42.05776
42.05776
42.05776
42.05776
42.05776
42.23827
42.23827
42.23827
42.23827
42.41877
42.41877
42.41877
42.41877
42.41877
42.41877
42.41877
42.41877
