0
0
67.870036101083
0
0
10.1841820151679
18.5807150595883
20.0433369447454
20.3683640303359
22.9144095341279
25.7313109425786
31.5817984832069
32.0693391115926
33.7486457204767
33.9111592632719
34.9404117009751
35.0487540628386
36.9447453954496
36.9447453954496
37.8656554712893
37.9739978331528
38.1906825568797
38.4615384615385
38.6240520043337
38.8407367280607
39.5449620801733
39.5449620801733
40.0325027085591
40.3575297941495
40.8450704225352
40.899241603467
41.0617551462622
41.4409534127844
41.5492957746479
41.8201516793066
41.9284940411701
42.0910075839653
42.0910075839653
42.4160346695558
42.5243770314193
42.6327193932828
42.6868905742145
42.8494041170098
42.8494041170098
43.0660888407367
43.1202600216685
43.6078006500542
43.7161430119177
44.0411700975081
44.1495124593716
44.1495124593716
44.3120260021668
44.5828819068256
44.9620801733478
44.9620801733478
45.2329360780065
45.7746478873239
45.8829902491874
45.8829902491874
46.6955579631636
46.7497291440954
47.0205850487541
47.237269772481
47.453954496208
47.5622968580715
47.7248104008667
47.7789815817985
48.1040086673889
48.1581798483207
48.3206933911159
48.3206933911159
48.3748645720477
48.5373781148429
48.9165763813651
49.8374864572048
50.216684723727
50.433369447454
50.6500541711809
50.6500541711809
51.7334777898158
52.7085590465872
58.6132177681472
62.0801733477788
62.7302275189601
63.9219934994586
65.4387865655471
70.7475622968579
73.2394366197183
74.5395449620802
76.4897074756227
77.3564463705306
81.6901408450701
86.3488624052003
92.8494041170096
95.1245937161433
96.2080173347779
99.1332611050922
0
0
8.96946564885496
16.3645038167939
17.6526717557252
17.9389312977099
20.1812977099237
22.662213740458
27.8148854961832
28.2442748091603
29.7232824427481
29.8664122137404
30.7729007633588
30.868320610687
32.5381679389313
32.5381679389313
33.3492366412214
33.4446564885496
33.6354961832061
33.8740458015267
34.0171755725191
34.2080152671756
34.8282442748091
34.8282442748091
35.2576335877863
35.543893129771
35.9732824427481
36.0209923664122
36.1641221374046
36.4980916030534
36.5935114503817
36.8320610687023
36.9274809160306
37.0706106870229
37.0706106870229
37.3568702290076
37.4522900763359
37.5477099236641
37.5954198473282
37.7385496183206
37.7385496183206
37.9293893129771
37.9770992366412
38.4064885496183
38.5019083969466
38.7881679389313
38.8835877862596
38.8835877862596
39.0267175572519
39.2652671755725
39.5992366412214
39.5992366412214
39.837786259542
40.3148854961832
40.4103053435115
40.4103053435115
41.1259541984733
41.1736641221374
41.412213740458
41.6030534351145
41.793893129771
41.8893129770993
42.0324427480916
42.0801526717557
42.3664122137405
42.4141221374046
42.5572519083969
42.5572519083969
42.6049618320611
42.7480916030534
43.0820610687023
43.8931297709924
44.2270992366412
44.4179389312977
44.6087786259542
44.6087786259542
45.5629770992367
46.4217557251908
51.62213740458
54.6755725190838
55.2480916030536
56.2977099236644
57.6335877862595
62.3091603053434
64.5038167938931
65.6488549618321
67.3664122137402
68.1297709923662
71.9465648854959
76.0496183206106
81.7748091603052
83.7786259541987
84.7328244274809
87.3091603053437
88.7404580152669
90.5534351145037
90.6488549618323
91.3167938931296
92.1755725190842
95.8015267175573
96.4694656488551
97.9007633587784
97.9007633587784
98.6641221374043
0
0
8.60805860805861
15.7051282051282
16.9413919413919
17.2161172161172
19.3681318681319
21.7490842490843
26.6941391941392
27.1062271062271
28.525641025641
28.6630036630036
29.532967032967
29.6245421245421
31.2271062271062
31.2271062271062
32.0054945054945
32.0970695970696
32.2802197802198
32.5091575091575
32.6465201465201
32.8296703296703
33.4249084249084
33.4249084249084
33.8369963369964
34.1117216117216
34.5238095238095
34.5695970695971
34.7069597069597
35.0274725274725
35.1190476190476
35.3479853479854
35.4395604395605
35.5769230769231
35.5769230769231
35.8516483516484
35.9432234432234
36.0347985347985
36.0805860805861
36.2179487179487
36.2179487179487
36.4010989010989
36.4468864468864
36.8589743589744
36.9505494505495
37.2252747252747
37.3168498168498
37.3168498168498
37.4542124542124
37.6831501831502
38.003663003663
38.003663003663
38.2326007326007
38.6904761904762
38.7820512820513
38.7820512820513
39.4688644688645
39.514652014652
39.7435897435897
39.9267399267399
40.1098901098901
40.2014652014652
40.3388278388278
40.3846153846154
40.6593406593407
40.7051282051282
40.8424908424908
40.8424908424908
40.8882783882784
41.025641025641
41.3461538461539
42.1245421245421
42.445054945055
42.6282051282051
42.8113553113553
42.8113553113553
43.7271062271062
44.551282051282
49.5421245421244
52.4725274725274
53.0219780219781
54.0293040293043
55.3113553113553
59.7985347985347
61.9047619047619
63.003663003663
64.6520146520144
