97.1428571428571
95.1048951048951
94.0092165898618
90.2654867256637
88.3116883116883
85.7142857142857
84.1237113402062
83.4355828220859
81.7635270541082
81.1133200795229
80.3149606299213
77.5665399239544
72.9874776386404
70.7105719237435
68.4563758389262
65.4895666131621
64.968152866242
62.6728110599078
61.8181818181818
60.5341246290801
60.0883652430044
59.7364568081991
57.7903682719547
56.6666666666667
53.8969616908851
53.5433070866142
52.5773195876289
51.3853904282116
51.063829787234
50.4950495049505
50.1845018450184
48.5714285714286
47.4970896391153
47.2769409038239
47.0046082949309
46.7353951890034
46.5222348916762
46.0496613995485
45.5357142857143
45.0828729281768
43.9655172413793
43.5432230522946
43.312101910828
42.6778242677824
42.1052631578947
41.5055951169888
41.2955465587045
40.9227683049147
40.7185628742515
40.5566600397614
40.1574803149606
39.84375
39.6116504854369
38.9312977099237
38.5633270321361
38.4180790960452
38.2739212007505
37.1584699453552
36.8231046931408
35.9154929577465
35.2331606217617
34.8122866894198
33.7190082644628
33.6079077429984
33.4975369458128
32.5878594249201
32.484076433121
31.924882629108
31.7757009345794
31.6770186335404
31.5789473684211
31.3364055299539
30.9090909090909
30.8157099697885
30.4932735426009
30.2670623145401
29.6511627906977
29.0598290598291
28.9772727272727
27.9835390946502
27.8688524590164
27.5303643724696
27.4562584118439
27.2
27.1276595744681
26.7015706806283
26.3906856403622
26.0869565217391
25.9212198221093
25.6281407035176
25.531914893617
24.8175182481752
24.6079613992762
24.4897959183673
24.4019138755981
24.3436754176611
24.2857142857143
24.1992882562278
24.0850059031877
24.0282685512367
23.943661971831
23.8317757009346
23.5565819861432
23.3676975945017
23.3142857142857
23.1292517006803
23.0769230769231
23.0248306997743
22.7678571428571
22.6666666666667
22.3684210526316
22.2707423580786
22.1498371335505
22.1018418201517
22.0302375809935
21.9354838709677
21.7716115261473
21.7252396166134
21.656050955414
21.6101694915254
21.5644820295983
21.139896373057
20.9016393442623
20.8375893769152
20.6477732793522
20.4613841524574
20.3187250996016
20.1780415430267
20.0787401574803
19.8443579766537
19.8058252427184
19.7292069632495
19.3548387096774
19.2816635160681
19.1729323308271
19.1011235955056
18.9239332096475
18.0851063829787
17.9261862917399
17.8947368421053
17.6165803108808
17.5257731958763
17
16.8595041322314
16.7763157894737
16.7487684729064
16.6939443535188
16.6666666666667
16.6123778501629
16.5853658536585
16.4781906300485
16.4251207729469
8.65874363327674
8.5
8.18619582664527
7.36994219653179
7.12290502793296
6.86406460296097
6.59767141009056
6.4070351758794
6.22710622710623
5.66666666666667
5.52546045503792
4.29292929292929
3.77777777777778
2.81456953642384
2.27678571428571
2.18696397941681
1.73233695652174
1.64941785252264
1.08603066439523
1.07868020304569
0.480769230769231
97.1428571428571
95.1048951048951
94.0092165898618
90.2654867256637
88.3116883116883
85.7142857142857
84.1237113402062
83.4355828220859
81.7635270541082
81.1133200795229
80.3149606299213
77.5665399239544
72.9874776386404
70.7105719237435
68.4563758389262
65.4895666131621
64.968152866242
62.6728110599078
61.8181818181818
60.5341246290801
60.0883652430044
59.7364568081991
57.7903682719547
56.6666666666667
53.8969616908851
53.5433070866142
52.5773195876289
51.3853904282116
51.063829787234
50.4950495049505
50.1845018450184
48.5714285714286
47.4970896391153
47.2769409038239
47.0046082949309
46.7353951890034
46.5222348916762
46.0496613995485
45.5357142857143
45.0828729281768
43.9655172413793
43.5432230522946
43.312101910828
42.6778242677824
42.1052631578947
41.5055951169888
41.2955465587045
40.9227683049147
40.7185628742515
40.5566600397614
40.1574803149606
39.84375
39.6116504854369
38.9312977099237
38.5633270321361
38.4180790960452
38.2739212007505
37.1584699453552
36.8231046931408
35.9154929577465
35.2331606217617
34.8122866894198
33.7190082644628
33.6079077429984
33.4975369458128
32.5878594249201
32.484076433121
31.924882629108
31.7757009345794
31.6770186335404
31.5789473684211
31.3364055299539
30.9090909090909
30.8157099697885
30.4932735426009
30.2670623145401
29.6511627906977
29.0598290598291
28.9772727272727
27.9835390946502
27.8688524590164
27.5303643724696
27.4562584118439
27.2
27.1276595744681
26.7015706806283
26.3906856403622
26.0869565217391
25.9212198221093
25.6281407035176
25.531914893617
24.8175182481752
24.6079613992762
24.4897959183673
24.4019138755981
24.3436754176611
24.2857142857143
