46.5
38.5166666666667
44.8666666666667
38.7
44.3666666666667
35.9166666666667
45.0166666666667
33.8333333333333
37.3333333333333
36.7333333333333
43.7166666666667
37.6
48.4333333333333
37.5
44.1333333333333
37.5333333333333
44.4833333333333
34
38.2333333333333
37.2833333333333
43.4333333333333
36.1333333333333
45.9833333333333
38.4666666666667
48.5333333333333
40.7
48.5333333333333
42.4
48.65
35.3666666666667
44.9166666666667
40.3666666666667
47.7833333333333
39.9166666666667
48.6666666666667
40.35
50.1166666666667
41.25
49.6
41.2
48.1833333333333
35.3333333333333
44.0166666666667
40.35
46.7833333333333
39.4166666666667
47.9
38.9666666666667
48.5166666666667
41.1
48.6
40.0833333333333
47.7166666666667
34.95
42.05
35.9333333333333
42.3166666666667
37.35
43.1833333333333
37
48.6166666666667
38
44.2666666666667
37.8666666666667
45.85
35.5333333333333
44.9166666666667
39.1833333333333
46.8333333333333
39.7666666666667
48.65
38.7
48.8166666666667
41.2166666666667
47.7333333333333
41.8166666666667
48.1
35.1166666666667
44.0166666666667
40.9
47.3666666666667
40.3166666666667
48.45
39.5333333333333
49.2833333333333
41.3666666666667
49.0833333333333
40.7
48.05
34.5333333333333
43.1666666666667
37.95
46.5666666666667
38.6333333333333
47.4666666666667
38.9666666666667
49.9333333333333
41.8166666666667
47.8166666666667
41.35
48.6
35.2
43.1833333333333
39.8
47.2666666666667
39.2666666666667
48.5
39.1
51.4166666666667
40.0833333333333
46.5666666666667
40.8833333333333
47.5166666666667
33.9
40.1666666666667
39.4833333333333
47.0833333333333
39.5833333333333
48.9833333333333
39.3666666666667
49.5
40.4666666666667
46.8
40.1
48.1833333333333
33.7166666666667
42.4
39.9666666666667
46.5166666666667
39.8666666666667
46.35
40.3
49.8833333333333
41.7333333333333
49.5833333333333
41.4666666666667
49.05
34.5833333333333
40.7166666666667
38.9666666666667
48
39.5833333333333
48.1166666666667
39.5
49.7333333333333
42.05
50.3333333333333
41
50.0666666666667
50.65
49.6
40.0833333333333
44.55
35.8333333333333
43.25
38.0333333333333
50.7166666666667
37.3333333333333
45.4666666666667
37.9833333333333
45.7166666666667
34.7
43.05
36.9833333333333
44.4666666666667
36.8
45.3666666666667
38.9666666666667
47.2333333333333
37.2166666666667
44.0666666666667
36.8666666666667
46.0333333333333
35.55
40.0333333333333
35.3333333333333
40.7166666666667
33.55
40.7
35.8666666666667
43.8
38.35
44.45
37.3666666666667
43.8166666666667
33.9
38.75
36.6666666666667
43
35.0666666666667
42.9
36.4333333333333
43.9666666666667
36.4
44.2166666666667
36.5166666666667
46.1666666666667
34.3666666666667
40.3333333333333
37.4833333333333
44.9333333333333
37.7
45.9
38.6166666666667
50.2166666666667
39.55
45.35
38.4
45.1
35.0166666666667
38.95
37.5333333333333
44.7166666666667
37.3166666666667
45.8333333333333
37.6166666666667
47.0333333333333
38.85
46.5166666666667
38.9666666666667
44.75
34.7333333333333
39.5
34.45
41.5166666666667
33.9333333333333
39.0833333333333
32.9833333333333
39.5333333333333
33.05
39.2166666666667
33.7
37.95
35.3
39.5166666666667
34.9666666666667
40.6833333333333
33.0166666666667
39.1
34.6
40.6666666666667
32.3
39.2833333333333
31.3
37.9666666666667
35.2833333333333
38.75
33.1166666666667
39.2
34.0833333333333
40.6333333333333
35.3333333333333
46.4
34.15
40.4166666666667
34.6333333333333
40.2333333333333
34.2
42.35
33.5166666666667
40.4
32.4166666666667
40.0333333333333
34.5833333333333
40.5166666666667
34.3166666666667
39.6166666666667
33.4833333333333
40.5666666666667
35.0833333333333
39.1666666666667
32.1833333333333
40
35.9166666666667
38.2333333333333
34.3666666666667
40.7333333333333
31.9833333333333
36.6166666666667
35.3333333333333
42.8666666666667
35.65
38.1
34.6833333333333
41.2666666666667
35.4166666666667
41.35
35.75
