92.6553672316384
88.8086642599278
83.248730964467
82.5503355704698
80.7881773399015
80.1302931596091
75
73.984962406015
72.0351390922401
71.5116279069768
70.5882352941177
70.0854700854701
68.7150837988827
67.8620689655172
67.4897119341564
66.5764546684709
65.4255319148936
64.9933949801849
63.4020618556701
63.0769230769231
62.6751592356688
61.5769712140175
60.2203182374541
58.8516746411483
56.6820276497696
56.1003420752566
55.5304740406321
53.5364526659412
53.3044420368364
50.5133470225873
50.0508646998983
49.7975708502024
49.1017964071856
48.9065606361829
48.4251968503937
47.1264367816092
46.5028355387524
46.3276836158192
46.1538461538462
44.8087431693989
44.5652173913043
44.4043321299639
43.8502673796791
43.4628975265018
43.006993006993
42.6343154246101
42.4870466321244
41.4839797639123
41.2751677852349
41.1371237458194
40.6611570247934
39.6135265700483
38.740157480315
38.4976525821596
38.3177570093458
38.0804953560372
37.5
36.8815592203898
36.6071428571429
36.3905325443787
35.8600583090379
35.7558139534884
35.6521739130435
35.5491329479769
35.1931330472103
34.9431818181818
34.6967559943583
34.1666666666667
34.0720221606648
33.4239130434783
33.2882273342355
33.1090174966353
32.8
32.7127659574468
32.2834645669291
32.1148825065274
31.9895968790637
31.4578005115089
31.2579415501906
30.9045226130653
30.7116104868914
30.5210918114144
30.4455445544554
30.1840490797546
30.110159118727
30.03663003663
29.7820823244552
29.4258373205742
29.3556085918854
28.6379511059371
28.3410138248848
28.1786941580756
27.9863481228669
27.6094276094276
27.4553571428571
27.3942093541203
26.9146608315098
26.7682263329706
26.7100977198697
26.6522210184182
26.4516129032258
26.3101604278075
26.0593220338983
25.625
25.5451713395639
25.4395036194416
25.3869969040248
25.3086419753086
24.9492900608519
24.8987854251012
24.6246246246246
24.5508982035928
24.5019920318725
24.4532803180915
24.380574826561
24.284304047384
24.1176470588235
24.0469208211144
23.8372093023256
23.7911025145068
23.384030418251
23.3396584440228
23.0769230769231
22.9050279329609
22.8624535315985
22.8200371057514
22.735674676525
22.6937269372694
22.2423146473779
22.2021660649819
21.9642857142857
21.9251336898396
21.8861209964413
21.7314487632509
21.6931216931217
21.6168717047452
21.5034965034965
21.3913043478261
21.2435233160622
21.1703958691911
21.1340206185567
20.9897610921502
20.7419898819562
20.7070707070707
20.6030150753769
20.5685618729097
20.5
20.3305785123967
20.2970297029703
20.0325732899023
20
19.9675324675325
19.7431781701445
19.7115384615385
19.6485623003195
19.6172248803828
19.5238095238095
19.4928684627575
19.0402476780186
18.75
18.6646433990895
18.6363636363636
18.6081694402421
18.5800604229607
17.7745664739884
17.4964438122333
17.1787709497207
16.1417322834646
14.4028103044496
11.101083032491
6.83333333333333
5.07425742574257
4.63102409638554
1.38763537906137
1.18087557603687
93.9736346516008
90.072202166065
84.4331641285956
83.7248322147651
81.9376026272578
81.270358306189
76.0670731707317
75.0375939849624
73.0600292825769
72.5290697674419
71.5925394548064
71.0826210826211
69.6927374301676
68.8275862068966
68.4499314128944
67.5236806495264
66.3563829787234
65.9180977542933
64.3041237113402
63.974358974359
63.5668789808918
62.4530663329162
61.077111383109
59.688995215311
57.4884792626728
56.8985176738883
56.3205417607224
54.2981501632209
54.0628385698809
51.2320328542095
50.7629704984741
50.506072874494
49.8003992015968
49.6023856858847
49.1141732283465
47.7969348659004
47.1644612476371
46.9868173258004
46.8105065666042
45.4462659380692
45.1992753623189
45.0361010830325
44.4741532976827
44.0812720848057
43.6188811188811
43.2409012131716
43.0915371329879
42.0741989881956
41.8624161073826
41.7224080267559
41.2396694214876
40.1771336553945
39.2913385826772
39.0453834115806
38.8629283489097
38.6222910216718
38.0335365853659
37.4062968515742
37.1279761904762
36.9082840236687
36.3702623906706
36.2645348837209
36.1594202898551
36.0549132947977
35.6938483547926
35.4403409090909
35.1904090267983
34.6527777777778
34.5567867036011
33.8994565217392
33.7618403247632
33.5800807537012
33.2666666666667
33.1781914893617
32.742782152231
32.5718015665797
32.444733420026
31.9053708439898
31.7026683608641
31.3442211055277
31.1485642946317
30.9553349875931
30.8787128712871
30.6134969325154
30.5385556915545
30.4639804639805
30.2058111380145
29.8444976076555
29.7732696897375
29.0454016298021
28.7442396313364
28.5796105383734
28.3845278725825
28.0022446689114
27.8459821428572
27.7839643652561
27.2975929978118
27.1490750816105
27.0901194353963
27.0314192849404
26.8279569892473
26.6844919786096
26.4300847457627
25.9895833333333
25.9086188992731
25.8014477766288
25.7481940144479
25.6687242798354
25.3042596348885
