84.8906560636183
80.4143126177025
77.0758122743683
76.3864042933811
75.8436944937834
75.1760563380282
74.0034662045061
72.2504230118444
67.0329670329671
66.5109034267913
65.0914634146342
63.353115727003
60.8262108262109
60.056258790436
59.6368715083799
57.0855614973262
56.0367454068242
55.7441253263708
55.3826199740597
55.0257731958763
54.3949044585988
52.5215252152522
51.6949152542373
51.3838748495789
50.8333333333334
50
48.9117983963345
48.6887115165337
48.1941309255079
47.9236812570146
47.4444444444445
47.182320441989
46.4635473340588
42.8284854563691
41.8627450980392
41.1368015414258
40.0562851782364
39.8320895522388
39.3911439114391
39.1743119266055
39.0310786106033
38.8888888888889
38.5379061371841
38.0570409982175
37.0017331022531
35.7023411371238
35.0574712643678
34.6590909090909
34.4911147011309
33.9968152866242
33.8888888888889
33.2554517133957
32.7956989247312
32.6952526799388
32.3484848484849
32.1052631578948
32.0089955022489
31.5828402366864
31.4432989690722
31.1224489795919
30.8526011560694
30.5436337625179
29.7353760445683
28.8903924221922
28.8124156545209
28.1291172595521
27.8720626631854
27.7633289986996
27.3717948717949
27.3017902813299
27.1974522292994
26.9570707070707
26.8891687657431
26.821608040201
26.720901126408
26.1963190184049
25.8474576271187
25.3262158956109
25.2662721893491
25.0586854460094
24.8544819557625
24.4558991981673
24.4
24.1515837104073
23.5911602209945
23.4100877192983
23.3588621444201
23.1813246471227
23.1310942578548
23.0561555075594
23.0064655172414
22.9569892473118
22.8342245989305
22.6165254237288
22.568710359408
21.9650205761317
21.8079673135853
21.763506625892
21.5656565656566
21.3713713713714
20.9313725490196
20.7281553398058
20.687984496124
20.6479690522244
20.6081081081081
20.2561669829222
20.179584120983
20.1035781544256
20.0657894736842
19.9160447761194
19.8051948051948
19.6955719557196
19.6231617647059
19.5512820512821
19.4444444444445
19.3738656987296
19.2689530685921
19.0625
18.9609236234458
18.927304964539
18.7609841827768
18.7280701754386
18.0626057529611
17.7916666666667
17.7620632279534
17.0255183413078
10.0517890772128
7.22259810554804
5.70855614973262
4.67381786339755
2.40861913357401
1.18505772646537
88.6679920477138
83.9924670433146
80.505415162455
79.7853309481217
79.2184724689166
78.5211267605635
77.2963604852687
75.4653130287649
70.0156985871272
69.4704049844238
67.9878048780489
66.1721068249259
63.5327635327636
62.7285513361463
62.2905027932962
59.6256684491979
58.5301837270342
58.22454308094
57.8469520103762
57.4742268041238
56.8152866242039
54.8585485854859
53.995157384988
53.67027677497
53.0952380952382
52.224824355972
51.0882016036656
50.8551881413912
50.3386004514673
50.0561167227835
49.5555555555556
49.2817679558012
48.5310119695322
44.7342026078235
43.7254901960785
42.9672447013488
41.8386491557224
41.6044776119403
41.1439114391144
40.9174311926606
40.7678244972578
40.6193078324226
40.2527075812275
39.7504456327986
38.6481802426344
37.2909698996656
36.6174055829229
36.2012987012987
36.0258481421648
35.5095541401274
35.3968253968254
34.7352024922119
34.2549923195085
34.1500765696784
33.7878787878788
33.5338345864662
33.4332833583209
32.9881656804734
32.8424153166422
32.5072886297376
32.2254335260116
31.9027181688126
31.0584958217271
30.1759133964818
30.0944669365722
29.3807641633729
29.11227154047
28.998699609883
28.5897435897436
28.5166240409207
28.4076433121019
28.1565656565657
28.0856423173804
28.0150753768845
27.909887359199
27.3619631901841
26.997578692494
26.4531435349941
26.3905325443787
26.1737089201878
25.9604190919674
25.5441008018328
25.4857142857143
25.2262443438914
24.6408839779006
24.4517543859649
24.3982494529541
24.2128121606949
24.160346695558
24.0820734341253
24.0301724137931
23.9784946236559
23.8502673796792
23.6228813559322
23.5729386892178
22.9423868312757
22.7783452502554
22.7319062181448
22.5252525252526
22.3223223223223
21.8627450980392
21.6504854368932
21.608527131783
21.5667311411993
21.5250965250965
21.157495256167
21.0775047258979
20.9981167608287
20.9586466165414
20.8022388059702
20.6864564007421
20.5719557195572
20.4963235294118
20.4212454212454
20.3096539162113
20.2359346642468
20.1263537906137
19.9107142857143
19.8046181172292
19.7695035460993
19.5957820738137
19.561403508772
18.8663282571912
18.5833333333334
18.5524126455907
17.7830940988836
10.4990583804143
7.54397834912044
5.96256684491979
4.88178633975482
2.51579422382672
1.23778863232682
19.4520547945206
19.2411924119241
18.9839572192514
18.7335092348285
18.5378590078329
17.2749391727494
14.1153081510934
13.3709981167608
12.8158844765343
12.701252236136
12.6110124333925
12.5
