99.067599067599
97.9262672811059
87.6288659793814
86.9120654396727
86.0323886639676
85.1703406813627
84.4930417495029
83.6614173228346
76.0286225402504
73.6568457538994
71.3087248322147
70.2479338842975
68.2182985553772
67.6751592356687
65.7894736842105
65.284178187404
64.3939393939393
63.0563798219584
62.5920471281296
62.225475841874
60.1983002832861
59.7749648382559
55.7742782152231
55.4830287206266
54.7680412371134
54.4871794871794
53.5264483627204
52.9265255292652
52.2755227552275
49.7658079625292
49.476135040745
49.2468134414832
48.963133640553
47.4330357142857
45.5519828510182
45.3575240128068
44.6898002103049
43.859649122807
43.6344969199178
43.23499491353
42.0375865479723
41.8307086614173
41.6666666666666
41.50390625
41.2621359223301
40.5534351145038
40.1701323251418
40.0188323917137
39.8686679174484
39.3518518518518
38.9908256880734
38.4963768115942
38.3574007220216
37.4119718309859
36.7012089810017
36.2627986348123
35.0082372322899
34.8932676518883
33.9456869009584
33.8375796178344
33.2550860719875
33.0996884735202
32.9968944099379
32.8947368421052
32.642089093702
32.1969696969697
32.0996978851964
31.5281899109792
30.8866279069767
30.2706552706553
29.5138888888889
29.1495198902606
29.0300546448087
28.600269179004
28.3333333333333
28.2579787234042
27.8141361256544
27.490297542044
27.1739130434782
27.0012706480305
26.8308080808081
26.595744680851
25.9462759462759
25.8515815085158
25.6332931242461
25.5102040816326
25.4186602870813
25.3579952267303
25.297619047619
25.2075919335706
25.1479289940828
25.0885478158205
25.0294464075383
24.9413145539906
24.5381062355658
24.3413516609393
24.2857142857143
24.0929705215419
24.0384615384615
23.9841986455982
23.7165178571428
23.6111111111111
23.5326688815061
23.1986899563319
23.0227518959913
22.9481641468682
22.8494623655914
22.6787620064034
22.6304579339723
22.5583864118896
22.510593220339
22.4630021141649
22.020725388601
21.70582226762
21.5080971659919
21.2075848303393
21.1653386454183
20.9153543307086
20.751953125
20.6712062256809
20.631067961165
20.5512572533849
20.1612903225806
20.0850661625709
19.9718045112782
19.8227611940298
19.7124304267161
19.6395563770795
19.4954128440367
18.9056939501779
18.8386524822695
18.6731107205624
18.640350877193
18.6077057793345
18.5104529616725
18.4461805555555
18.3506044905009
18.2246998284734
17.9476351351351
17.7083333333333
17.6788685524126
17.4466338259442
17.3327895595432
17.2764227642276
17.2483766233766
17.2204213938412
17.109500805153
16.3461538461538
14.8393854748603
12.4414519906323
11.8055555555555
10.9649122807017
10.4576771653543
9.80166051660516
9.38604240282685
2.79017857142857
2.35901420959147
2.34651060070671
1.56988770685579
1.5195938215103
1.44361413043478
93.4020618556701
92.6380368098159
91.7004048582995
90.7815631262525
90.0596421471172
89.1732283464566
81.0375670840787
78.5095320623916
76.0067114093959
74.8760330578512
72.7126805778491
72.1337579617834
70.1238390092879
69.5852534562212
68.6363636363636
67.2106824925816
66.7157584683357
66.325036603221
64.1643059490085
63.7130801687763
59.4488188976378
59.1383812010444
58.3762886597938
58.076923076923
57.0528967254408
56.4134495641345
55.7195571955719
53.0444964871194
52.7357392316647
52.4913093858632
52.1889400921659
50.5580357142857
48.5530546623794
48.3457844183564
47.6340694006309
46.7492260061919
46.5092402464065
46.0834181078331
44.807121661721
44.5866141732283
44.4117647058823
44.23828125
43.9805825242718
43.2251908396946
42.8166351606805
42.6553672316384
42.4953095684803
41.9444444444444
41.5596330275229
41.0326086956522
40.884476534296
39.8767605633803
39.1191709844559
38.6518771331058
37.3146622734761
37.192118226601
36.1821086261981
36.0668789808917
35.4460093896713
35.2803738317757
35.1708074534161
35.0619195046439
34.7926267281106
34.3181818181818
34.214501510574
33.6053412462908
32.921511627907
32.2649572649572
31.4583333333333
31.0699588477366
30.9426229508197
30.4845222072678
30.2
30.1196808510638
29.6465968586387
29.3014230271669
28.9641943734015
28.7801778907243
28.5984848484848
28.3479349186483
27.6556776556776
27.5547445255474
27.3220747889023
27.1908763505402
27.0933014354067
27.0286396181384
26.9642857142857
26.8683274021352
26.8047337278106
26.741440377804
26.678445229682
26.5845070422535
26.1547344110854
25.9450171821306
25.8857142857143
25.6802721088435
25.6221719457013
25.5643340857788
25.2790178571428
25.1666666666667
25.0830564784053
24.7270742358078
24.5395449620802
24.4600431965443
24.3548387096774
24.1728922091782
24.1214057507987
