0
0
0
17.05776
18.86282
19.04332
19.58484
20.12635
20.75812
20.93863
21.38989
21.5704
21.84116
22.02166
22.02166
22.11191
22.11191
22.11191
22.38267
22.47292
22.47292
22.56318
22.65343
22.83394
22.83394
22.92419
22.92419
22.92419
23.01444
23.10469
23.2852
23.2852
23.37545
23.4657
23.4657
23.82671
23.91697
23.91697
23.91697
24.00722
24.00722
24.00722
24.09747
24.09747
24.09747
24.09747
24.18773
24.18773
24.27798
24.27798
24.36823
24.36823
24.36823
24.45848
24.54874
24.63899
24.63899
24.63899
24.63899
24.72924
24.72924
24.72924
24.81949
24.81949
24.81949
24.90975
24.90975
25.09025
25.18051
25.18051
25.27076
25.36101
25.36101
25.45126
25.45126
25.45126
25.54152
25.54152
25.54152
25.54152
25.54152
25.63177
25.63177
25.72202
25.72202
25.90253
25.99278
25.99278
25.99278
26.08303
26.08303
26.08303
26.17329
26.26354
26.26354
26.26354
26.26354
26.26354
26.26354
26.26354
26.26354
26.35379
26.44404
26.5343
26.5343
26.62455
26.7148
26.80505
26.80505
26.80505
26.89531
26.89531
26.89531
26.89531
26.89531
26.98556
26.98556
26.98556
26.98556
27.07581
27.07581
27.16606
27.16606
27.25632
27.25632
27.43682
27.52708
27.52708
27.52708
27.70758
27.79783
27.79783
27.79783
27.79783
27.88809
27.88809
27.97834
27.97834
28.06859
28.15884
28.2491
28.2491
28.4296
28.4296
28.51986
28.61011
28.70036
28.70036
28.97112
28.97112
28.97112
29.06137
29.06137
29.06137
29.15162
29.24188
29.24188
29.33213
29.42238
29.42238
29.51264
29.51264
29.69314
29.78339
29.9639
30.1444
30.1444
30.1444
30.23466
30.41516
30.77617
30.77617
30.86643
31.13718
31.13718
31.22744
31.31769
31.31769
31.40794
31.40794
31.49819
31.49819
31.49819
31.58845
31.94946
31.94946
32.31047
32.40072
32.49097
32.49097
32.67148
32.76173
33.03249
33.12274
33.213
33.30325
33.66426
33.75451
33.75451
33.93502
34.02527
34.02527
34.11552
34.11552
34.20578
34.29603
34.47653
34.65704
34.9278
35.01805
35.37906
35.37906
35.46931
35.55957
35.74007
35.74007
36.10108
36.55235
36.6426
37.00361
37.18412
37.36462
37.45487
37.54513
38.08664
38.1769
38.26715
38.3574
38.3574
38.89892
38.98917
39.16968
39.16968
39.25993
39.25993
39.44043
39.44043
39.53069
39.62094
40.0722
40.16245
40.16245
40.25271
40.43321
40.43321
40.52347
40.70397
40.97473
40.97473
41.06498
41.15523
41.24549
41.51625
41.6065
41.69675
41.69675
41.69675
41.787
41.787
41.87726
41.96751
41.96751
42.05776
42.14801
42.23827
42.41877
42.68953
43.05054
43.14079
43.50181
43.77256
43.77256
43.77256
43.86282
43.86282
43.95307
44.22383
44.49458
44.49458
44.58484
44.94585
44.94585
45.39711
45.48736
45.57762
45.84838
45.84838
45.93863
