30.8562197092084
29.3394777265745
26.8635724331927
25.2311756935271
23.1234866828087
21.8785796105384
21.4365881032548
21.2222222222222
21.1049723756906
21.012101210121
20.6933911159264
20.5818965517242
20.4715969989282
19.979079497908
19.8958333333334
19.7110423116615
19.6098562628337
19.5097037793667
19.331983805668
19.2346424974824
19.1574724172518
18.986083499006
18.8921859545005
18.65234375
18.5436893203884
18.2950191570881
18.2251908396947
17.6851851851852
17.619926199262
17.5229357798165
16.7543859649123
16.4939550949914
16.2969283276451
16.213921901528
16.1590524534687
16.1045531197302
16.0234899328859
15.9698996655519
15.9166666666667
15.6814449917898
15.4281098546042
15.2070063694268
15.0393700787402
14.9921507064364
14.9452269170579
14.5579268292683
14.469696969697
14.1691394658754
13.8808139534884
13.0108991825613
12.7333333333333
12.5823451910409
12.3067010309279
12.2435897435898
12.1039290240811
12.0580808080808
11.9974874371859
11.717791411043
11.4234449760766
11.2485276796231
11.1175785797439
10.7424071991001
9.57873620862589
8.77757352941178
8.58812949640289
8.36252189141858
7.76422764227643
4.92776057791538
2.15478339350181
71.0823909531502
67.5883256528418
61.8846694796062
58.1241743725231
53.2687651331719
50.4009163802978
49.3827160493827
48.8888888888889
48.6187845303867
48.4048404840484
47.670639219935
47.4137931034483
47.1596998928189
46.0251046025105
45.8333333333333
45.4076367389061
45.1745379876797
44.9438202247191
44.5344129554656
44.3101711983887
44.1323971915747
43.7375745526839
43.5212660731949
42.96875
42.7184466019417
42.1455938697318
41.9847328244275
40.7407407407407
40.590405904059
40.3669724770642
38.5964912280702
37.9965457685665
37.542662116041
37.3514431239389
37.2250423011844
37.0994940978078
36.9127516778523
36.7892976588629
36.6666666666667
36.1247947454844
35.5411954765751
35.031847133758
34.6456692913386
34.5368916797488
34.4287949921753
33.5365853658537
33.3333333333333
32.6409495548961
31.9767441860465
29.9727520435967
29.3333333333333
28.9855072463768
28.3505154639175
28.2051282051282
27.8833967046895
27.7777777777778
27.6381909547739
26.9938650306748
26.3157894736842
25.9128386336867
25.6111757857974
24.7469066366704
22.0661985957874
20.2205882352941
19.7841726618705
19.2644483362522
17.8861788617886
11.3519091847265
4.96389891696751
75.6058158319871
71.889400921659
65.8227848101266
61.8229854689564
56.6585956416465
53.6082474226804
52.5252525252525
52
51.7127071823204
51.4851485148515
50.7042253521127
50.4310344827586
50.1607717041801
48.9539748953975
48.75
48.297213622291
48.0492813141684
47.8038815117467
47.3684210526316
47.1299093655589
46.9408224674022
46.5208747514911
46.2908011869436
45.703125
45.4368932038835
44.8275862068966
44.6564885496183
43.3333333333333
43.1734317343173
42.9357798165138
41.0526315789474
40.4145077720207
39.9317406143345
39.7283531409168
39.5939086294416
39.460370994941
39.261744966443
39.1304347826087
39
38.423645320197
37.8029079159935
37.2611464968153
36.8503937007874
36.734693877551
36.6197183098592
35.6707317073171
35.4545454545455
34.7181008902077
34.0116279069767
31.8801089918256
31.2
30.8300395256917
30.1546391752577
30
29.6577946768061
29.5454545454545
29.3969849246231
28.7116564417178
27.9904306220096
27.5618374558304
27.2409778812573
26.3217097862767
23.4704112337011
21.5073529411765
21.0431654676259
20.4903677758319
19.0243902439024
12.0743034055728
5.27978339350181
77.059773828756
73.2718894009216
67.0886075949367
63.0118890356671
57.7481840193704
54.6391752577319
53.5353535353535
53
52.707182320442
52.4752475247524
51.679306608884
51.4008620689655
51.1254019292604
49.8953974895397
49.6875
49.2260061919504
48.9733059548254
48.7231869254341
48.2793522267206
48.036253776435
47.8435305917753
47.4155069582505
47.1810089020771
46.58203125
46.3106796116505
45.6896551724138
45.5152671755725
44.1666666666666
44.0036900369003
43.7614678899082
41.8421052631579
41.1917098445596
40.6996587030716
40.4923599320883
40.3553299492386
40.2192242833052
40.0167785234899
39.8829431438127
39.75
39.1625615763547
38.529886914378
37.9777070063694
37.5590551181102
37.4411302982731
37.3239436619718
36.3567073170732
36.1363636363636
35.3857566765578
34.6656976744186
32.4931880108992
31.8
31.4229249011858
30.7345360824742
30.5769230769231
30.2281368821293
30.1136363636363
29.9623115577889
29.2638036809816
28.5287081339713
28.0918727915194
27.7648428405122
26.8278965129359
23.9217652958876
21.9209558823529
21.4478417266187
20.8844133099825
19.390243902439
12.3065015479876
5.38131768953068
80.7754442649434
76.8049155145929
70.323488045007
66.0501981505945
60.5326876513317
57.2737686139748
56.1167227833894
55.5555555555556
55.2486187845304
55.005500550055
54.1711809317443
53.8793103448276
