0
0
0
0
0
0
0
0
0
0
0
0
0
0
0
20.45728
21.29964
23.58604
23.94705
24.90975
25.03008
25.63177
25.63177
25.99278
26.11312
26.11312
26.11312
26.23345
26.23345
26.35379
26.47413
26.47413
26.47413
26.47413
26.47413
26.47413
26.59446
26.59446
26.59446
26.59446
26.7148
26.83514
26.83514
26.83514
26.95548
27.07581
27.07581
27.07581
27.07581
27.07581
27.07581
27.07581
27.07581
27.07581
27.19615
27.19615
27.19615
27.19615
27.31649
27.31649
27.31649
27.31649
27.31649
27.31649
27.43682
27.43682
27.43682
27.43682
27.55716
27.55716
27.55716
27.55716
27.55716
27.6775
27.6775
27.6775
27.79783
27.79783
27.79783
27.79783
27.91817
27.91817
27.91817
27.91817
27.91817
28.03851
28.03851
28.03851
28.03851
28.03851
28.15884
28.15884
28.15884
28.15884
28.27918
28.27918
28.27918
28.27918
28.27918
28.27918
28.27918
28.27918
28.39952
28.39952
28.39952
28.51986
28.51986
28.64019
28.64019
28.64019
28.64019
28.64019
28.64019
28.76053
28.76053
28.76053
28.76053
28.88087
28.88087
28.88087
29.0012
29.0012
29.0012
29.0012
29.0012
29.0012
29.0012
29.12154
29.12154
29.12154
29.12154
29.12154
29.24188
29.24188
29.24188
29.24188
29.24188
29.24188
29.24188
29.24188
29.24188
29.24188
29.24188
29.24188
29.24188
29.24188
29.36221
29.36221
29.36221
29.48255
29.48255
29.48255
29.48255
29.48255
29.48255
29.48255
29.48255
29.60289
29.60289
29.60289
29.60289
29.60289
29.60289
29.60289
29.60289
29.60289
29.60289
29.60289
29.60289
29.60289
29.72323
29.72323
29.72323
29.72323
29.72323
29.72323
29.72323
29.72323
29.72323
29.72323
29.84356
29.84356
29.84356
29.84356
29.84356
29.84356
29.84356
29.9639
29.9639
29.9639
29.9639
29.9639
29.9639
29.9639
29.9639
29.9639
29.9639
29.9639
29.9639
30.08424
30.08424
30.08424
30.08424
30.08424
30.08424
30.20457
30.20457
30.20457
30.20457
30.20457
30.20457
30.20457
30.20457
30.20457
30.20457
30.20457
30.20457
30.20457
30.32491
30.32491
30.32491
30.32491
30.32491
30.32491
30.32491
30.44525
30.44525
30.44525
30.44525
30.44525
30.44525
30.44525
30.44525
30.56558
30.56558
30.56558
30.56558
30.56558
30.56558
30.56558
30.56558
30.56558
30.56558
30.68592
30.68592
30.68592
30.68592
30.68592
30.68592
30.68592
30.68592
30.68592
30.68592
30.68592
30.68592
30.80626
30.80626
30.80626
30.80626
30.80626
30.80626
30.80626
30.80626
30.92659
30.92659
30.92659
30.92659
30.92659
30.92659
30.92659
30.92659
31.04693
31.04693
31.04693
31.04693
31.04693
31.04693
31.04693
31.16727
31.16727
31.16727
31.16727
31.16727
31.16727
31.16727
31.16727
31.16727
31.16727
