0
0
0
0
0
0
0
0
0
0
0
23.80952
31.60173
35.28139
36.79654
37.01299
37.01299
37.66234
37.66234
37.66234
37.87879
38.09524
38.52814
38.74459
38.96104
38.96104
38.96104
39.17749
39.17749
39.39394
39.39394
39.39394
39.39394
39.61039
39.61039
39.61039
39.61039
39.61039
39.82684
39.82684
39.82684
39.82684
39.82684
40.04329
40.04329
40.04329
40.04329
40.04329
40.25974
40.25974
40.47619
40.47619
40.47619
40.47619
40.47619
40.47619
40.47619
40.69264
40.69264
40.69264
40.69264
40.69264
40.69264
40.69264
40.90909
40.90909
40.90909
40.90909
40.90909
40.90909
40.90909
40.90909
41.12554
41.12554
41.12554
41.12554
41.12554
41.12554
41.34199
41.34199
41.34199
41.34199
41.34199
41.55844
41.55844
41.55844
41.55844
41.55844
41.55844
41.55844
41.55844
41.55844
41.77489
41.77489
41.77489
41.77489
41.77489
41.77489
41.77489
41.77489
41.77489
41.99134
41.99134
41.99134
41.99134
41.99134
41.99134
41.99134
41.99134
41.99134
41.99134
42.20779
42.20779
42.20779
42.20779
42.20779
42.20779
42.20779
42.20779
42.20779
42.20779
42.20779
42.20779
42.20779
42.42424
42.42424
42.42424
42.42424
42.42424
42.42424
42.42424
42.42424
42.42424
42.42424
42.42424
42.42424
42.42424
42.42424
42.42424
42.64069
42.64069
42.64069
42.64069
42.64069
42.64069
42.64069
42.64069
42.64069
42.64069
42.64069
42.64069
42.85714
42.85714
42.85714
42.85714
42.85714
42.85714
42.85714
42.85714
42.85714
42.85714
42.85714
42.85714
42.85714
42.85714
42.85714
42.85714
42.85714
43.07359
43.07359
43.07359
43.07359
43.07359
43.07359
43.07359
43.07359
43.29004
43.29004
43.29004
43.29004
43.29004
43.29004
43.29004
43.29004
43.29004
43.29004
43.50649
43.50649
43.50649
43.50649
43.50649
43.50649
43.50649
43.50649
43.50649
43.50649
43.50649
43.50649
43.72294
43.72294
43.72294
43.72294
43.72294
43.72294
43.72294
43.72294
43.72294
43.72294
43.93939
43.93939
43.93939
43.93939
43.93939
43.93939
43.93939
43.93939
43.93939
43.93939
43.93939
43.93939
44.15584
44.15584
44.15584
44.15584
44.15584
44.15584
44.15584
44.15584
44.15584
44.15584
44.15584
44.15584
44.15584
44.15584
44.15584
44.37229
44.37229
44.37229
44.37229
44.37229
44.37229
44.37229
44.37229
44.37229
44.37229
44.37229
44.37229
44.37229
44.37229
44.37229
44.37229
44.37229
44.37229
44.37229
44.58874
44.58874
44.58874
44.58874
44.58874
44.58874
44.58874
44.58874
44.58874
44.58874
44.58874
44.58874
44.58874
44.58874
44.58874
44.58874
44.58874
44.58874
44.58874
44.58874
44.58874
44.58874
44.80519
44.80519
44.80519
44.80519
44.80519
44.80519
44.80519
44.80519
44.80519
44.80519
44.80519
44.80519
