0
0
71.2121212121211
80.08658008658
0
19.7954271961492
22.2623345367027
28.0385078219013
32.3706377858002
32.5511432009627
33.453670276775
34.8375451263538
37.6654632972322
38.3273164861612
38.4476534296029
39.5306859205776
40.2527075812274
41.3357400722022
41.395908543923
42.3586040914561
42.9602888086642
43.0806257521059
43.3212996389892
43.6221419975933
43.8026474127557
43.8628158844765
44.2839951865223
44.5848375451263
44.8255114320096
44.9458483754513
45.0060168471721
45.1263537906138
45.2466907340554
45.6678700361011
45.9085439229844
46.028880866426
46.1492178098676
46.2695547533093
46.8110709987966
47.0517448856799
47.2924187725631
47.352587244284
48.2551143200962
48.7364620938628
49.0373044524669
49.2178098676293
49.4584837545127
49.6389891696751
49.6389891696751
50.1203369434416
50.3610108303249
50.6016847172082
50.9025270758123
51.2033694344164
51.5643802647413
51.9253910950662
52.0457280385078
53.0685920577617
54.0914560770157
55.8363417569194
56.3176895306859
58.3634175691937
60.4091456077016
60.9506618531889
60.9506618531889
61.0108303249098
67.1480144404335
72.0818291215405
75.6919374247892
79.9037304452467
82.791817087846
90.2527075812278
93.38146811071
94.3441636582431
0
17.0113753877973
19.1313340227507
24.095139607032
27.817993795243
27.9731127197518
28.7487073422958
29.9379524301965
32.3681489141675
32.9369183040331
33.0403309203723
33.971044467425
34.5915201654602
35.5222337125129
35.5739400206825
36.4012409513961
36.918304033092
37.0217166494312
37.2285418821096
37.4870734229576
37.6421923474664
37.693898655636
38.0558428128232
38.3143743536711
38.5211995863495
38.6246122026887
38.6763185108583
38.7797311271976
38.8831437435367
39.2450879007239
39.4519131334023
39.5553257497415
39.6587383660807
39.7621509824198
40.2275077559462
40.4343329886246
40.641158221303
40.6928645294726
41.4684591520165
41.8821096173733
42.1406411582213
42.2957600827301
42.5025853154085
42.6577042399173
42.6577042399173
43.071354705274
43.2781799379524
43.4850051706308
43.7435367114788
44.0020682523268
44.3123061013443
44.622543950362
44.7259565667011
45.6049638055843
46.4839710444674
47.9834539813857
48.3971044467425
50.1551189245088
51.9131334022751
52.3784901758014
52.3784901758014
52.4301964839711
57.7042399172702
61.944157187177
65.0465356773525
68.6659772492244
71.147880041365
77.5594622543953
80.2481902792141
81.0754912099276
87.0734229576006
90.3826266804547
91.9338159255428
97.4146845915204
0
15.6965648854962
17.6526717557252
22.2328244274809
25.6679389312977
25.8110687022901
26.5267175572519
27.6240458015267
29.8664122137404
30.3912213740458
30.4866412213741
31.3454198473282
31.9179389312977
32.7767175572519
32.824427480916
33.587786259542
34.0648854961832
34.1603053435114
34.3511450381679
34.5896946564885
34.7328244274809
34.780534351145
35.1145038167939
35.3530534351145
35.543893129771
35.6393129770992
35.6870229007634
35.7824427480916
35.8778625954198
36.2118320610687
36.4026717557252
36.4980916030534
36.5935114503817
36.6889312977099
37.118320610687
37.3091603053435
37.5
37.5477099236641
38.2633587786259
38.6450381679389
38.8835877862596
39.0267175572519
39.2175572519084
39.3606870229008
39.3606870229008
39.7423664122137
39.9332061068702
40.1240458015267
40.3625954198474
40.6011450381679
40.8874045801527
41.1736641221374
41.2690839694656
42.0801526717557
42.8912213740458
44.2748091603053
44.6564885496183
46.2786259541984
47.9007633587786
48.3301526717557
48.3301526717557
48.3778625954199
53.2442748091606
57.1564885496185
60.0190839694655
63.3587786259542
65.6488549618321
71.5648854961835
74.0458015267176
74.8091603053435
80.3435114503814
83.3969465648852
84.828244274809
89.8854961832064
0
15.0641025641026
16.9413919413919
21.3369963369963
24.6336996336996
24.7710622710623
25.4578754578755
26.510989010989
28.6630036630036
29.1666666666667
29.2582417582418
30.0824175824176
30.6318681318681
31.456043956044
31.5018315018315
32.2344322344322
32.6923076923077
32.7838827838828
32.967032967033
33.1959706959707
33.3333333333333
33.3791208791209
33.6996336996337
33.9285714285714
34.1117216117216
34.2032967032967
34.2490842490842
34.3406593406594
34.4322344322344
34.7527472527473
34.9358974358974
35.0274725274725
35.1190476190476
35.2106227106227
35.6227106227106
35.8058608058608
35.989010989011
36.0347985347985
36.7216117216117
37.0879120879121
37.3168498168498
37.4542124542124
37.6373626373627
37.7747252747253
37.7747252747253
38.1410256410256
38.3241758241758
38.507326007326
38.7362637362638
38.9652014652015
39.2399267399267
39.514652014652
39.6062271062271
40.3846153846154
41.1630036630037
42.4908424908425
42.8571428571429
44.4139194139194
45.970695970696
46.3827838827839
46.3827838827839
46.4285714285715
51.0989010989013
54.85347985348
57.6007326007325
60.8058608058608
