91.4529914529914
90.4225352112675
86.9918699186991
83.8120104438642
82.7319587628865
68.8841201716738
68.1528662420382
64.3286573146292
61.0266159695817
57.4239713774597
53.8590604026845
53.5
53.0578512396694
51.5248796147672
51.1146496815286
50.3924646781789
49.6904024767801
48.9329268292682
48.2706766917293
47.6261127596439
45.7264957264957
45.4674220963172
43.4370771312584
43.2032301480484
42.1259842519685
41.3659793814433
40.8917197452229
40.4282115869017
39.4833948339483
38.2142857142857
34.4051446945337
33.7539432176656
33.1269349845201
32.9568788501026
32.6551373346897
32.4898785425101
32.1965897693079
32.0359281437125
31.5944881889763
31.4705882352941
30.9248554913294
30.7471264367816
30.6297709923664
30.5133079847908
30.3402646502835
30.1125703564728
29.7222222222222
29.4495412844036
28.971119133574
28.8669064748201
28.7119856887299
28.5079928952042
28.2570422535211
27.3890784982935
27.2495755517827
26.9295302013423
26.6611295681063
26.4415156507413
26.3546798029556
25.8454106280193
25.6389776357827
25.5573248407643
25.3955696202531
25.1173708920188
24.8452012383901
24.6543778801843
24.2447129909365
23.9910313901345
23.8130563798219
22.7337110481586
22.2916666666666
22.2299168975069
22.0164609053498
21.9262295081967
21.6016150740242
21.514745308311
21.4
21.343085106383
21.0078534031413
20.7632600258732
20.5242966751918
20.3939008894536
20.1633165829146
20.0876095118898
19.8148148148148
19.3140794223827
19.2677070828331
19.1527446300716
19.0391459074733
18.9492325855962
18.5334872979215
18.3848797250859
18.3428571428571
18.1972789115646
18.1561085972851
18.1151241534989
17.9129464285714
17.8730512249443
17.8333333333333
17.6957001102536
17.3889490790899
17.3326133909287
17.1291355389541
17.0382165605095
17.0021186440678
16.9661733615222
16.6321243523316
16.56346749226
16.3942798774259
16.244939271255
16.0982948846539
16.0179640718563
15.9860557768924
15.6128404669261
15.5825242718446
15.5222437137331
15.2277039848197
15.1701323251418
15.0845864661654
15.0280898876404
14.8886827458256
14.8611111111111
14.8336414048059
14.7518382352941
14.7247706422018
14.6709323583181
14.2539964476021
14.2287234042553
14.078947368421
13.9808362369338
13.7650085763293
13.5557432432432
13.510101010101
13.375
13.2207578253707
13.1342062193126
13.0487804878049
13.0275974025974
13.0064829821718
12.9435483870968
12.9227053140096
12.422600619195
12.3461538461538
11.9955156950673
6.68749999999999
6.5563725490196
3.82142857142857
3.51357267950963
99.4633273703041
93.2885906040269
92.6666666666667
91.900826446281
89.2455858747994
88.5350318471338
87.2841444270016
86.0681114551084
84.7560975609756
83.609022556391
82.4925816023739
79.2022792022792
78.7535410764873
75.2368064952639
74.8317631224764
72.9658792650919
71.6494845360825
70.828025477707
70.0251889168766
68.3886838868389
66.1904761904762
59.5927116827438
58.4647739221872
57.3787409700722
57.0841889117043
56.5615462868769
56.2753036437247
55.7673019057171
55.4890219560878
54.7244094488189
54.5098039215686
53.5645472061657
53.2567049808429
53.0534351145038
52.851711026616
52.5519848771267
52.1575984990619
51.4814814814815
51.0091743119266
50.1805054151625
50
49.7316636851521
49.3783303730018
48.943661971831
47.4402730375427
47.1986417657046
46.6442953020134
46.1794019933555
45.7990115321252
45.6486042692939
44.7665056360709
44.408945686901
44.2675159235669
43.9873417721519
43.5054773082942
43.0340557275542
42.7035330261137
41.9939577039275
41.5545590433483
41.2462908011869
39.3767705382436
38.6111111111111
38.5041551246537
38.1344307270233
37.9781420765027
37.4158815612382
37.2654155495979
37.0666666666667
36.968085106383
36.3874345549738
35.9637774902975
35.5498721227622
35.3240152477764
34.9246231155779
34.793491864831
34.320987654321
33.453670276775
33.3733493397359
33.1742243436754
32.9774614472123
32.8217237308146
32.1016166281755
31.84421534937
31.7714285714286
31.5192743764172
31.447963800905
31.3769751693002
31.0267857142857
30.9576837416481
30.8888888888889
30.6504961411246
30.1191765980498
30.0215982721382
29.6691568836713
29.5116772823779
29.4491525423729
29.3868921775898
28.8082901554404
28.6893704850361
28.3963227783453
28.1376518218623
27.8836509528586
27.7445109780439
27.6892430278884
27.0428015564202
26.9902912621359
26.8858800773694
26.3757115749526
26.2759924385633
26.1278195488722
26.0299625468165
25.7884972170686
25.7407407407407
25.6931608133087
25.5514705882353
25.5045871559633
25.4113345521024
24.6891651865009
24.645390070922
24.3859649122807
24.2160278745645
23.8421955403087
23.4797297297297
23.4006734006734
23.1666666666667
22.8995057660626
22.7495908346972
