0
36.31841
37.06468
37.06468
37.06468
37.31343
37.31343
37.56219
37.56219
37.81095
37.81095
37.81095
37.81095
37.81095
38.0597
38.0597
38.0597
38.0597
38.0597
38.0597
38.30846
38.30846
38.30846
38.30846
38.30846
38.30846
38.30846
38.55721
38.55721
38.55721
38.55721
38.55721
38.55721
38.55721
38.80597
38.80597
38.80597
38.80597
38.80597
38.80597
38.80597
38.80597
38.80597
38.80597
38.80597
38.80597
38.80597
38.80597
38.80597
39.05473
39.05473
39.05473
39.05473
39.05473
39.05473
39.05473
39.05473
39.05473
39.05473
39.05473
39.05473
39.05473
39.05473
39.05473
39.05473
39.05473
39.05473
39.05473
39.05473
39.05473
39.05473
39.05473
39.05473
39.05473
39.05473
39.30348
39.30348
39.30348
39.30348
39.30348
39.30348
39.30348
39.30348
39.30348
39.30348
39.30348
39.30348
39.30348
39.30348
39.30348
39.30348
39.30348
39.30348
39.30348
39.30348
39.30348
39.30348
39.30348
39.30348
39.30348
39.30348
39.30348
39.30348
39.30348
39.30348
39.30348
39.30348
39.30348
39.30348
39.55224
39.55224
39.55224
39.55224
39.55224
39.55224
39.55224
39.55224
39.55224
39.55224
39.55224
39.55224
39.55224
39.55224
39.55224
39.55224
39.55224
39.55224
39.55224
39.55224
39.55224
39.55224
39.55224
39.55224
39.55224
39.55224
39.55224
39.55224
39.55224
39.55224
39.55224
39.55224
39.55224
39.801
39.801
39.801
39.801
39.801
39.801
39.801
39.801
39.801
39.801
39.801
39.801
39.801
39.801
39.801
39.801
39.801
39.801
39.801
39.801
39.801
39.801
39.801
39.801
39.801
39.801
39.801
39.801
39.801
39.801
39.801
39.801
39.801
39.801
39.801
39.801
40.04975
40.04975
40.04975
40.04975
40.04975
40.04975
40.04975
40.04975
40.04975
40.04975
40.04975
40.04975
40.04975
40.04975
40.04975
40.04975
40.04975
40.04975
40.04975
40.04975
40.04975
40.04975
40.04975
40.04975
40.04975
40.04975
40.04975
40.04975
40.04975
40.04975
40.04975
40.04975
40.04975
40.04975
40.04975
40.04975
40.04975
40.04975
40.29851
40.29851
40.29851
40.29851
40.29851
40.29851
40.29851
40.29851
40.29851
40.29851
40.29851
40.29851
40.29851
40.29851
40.29851
40.29851
40.29851
40.29851
40.29851
40.29851
40.29851
40.29851
40.29851
40.29851
40.29851
40.29851
40.29851
40.29851
40.29851
40.29851
40.29851
40.29851
40.29851
40.29851
40.29851
40.29851
40.29851
40.29851
40.29851
40.29851
40.29851
40.29851
40.29851
40.29851
40.54726
40.54726
40.54726
40.54726
40.54726
40.54726
40.54726
40.54726
40.54726
40.54726
40.54726
40.54726
40.54726
40.54726
40.54726
40.54726
40.54726
40.54726
40.54726
40.54726
40.54726
40.54726
40.54726
40.54726
40.54726
40.54726
40.54726
40.54726
