23.4666666666667
23.6
23.3333333333333
23.6
23.6
23.6666666666667
23.7333333333333
23.4666666666667
23.6
23.4666666666667
23.3333333333333
23.6
23.5333333333333
23.6666666666667
23.4666666666667
23.5333333333333
23.4
23.4666666666667
23.4666666666667
23.8571428571429
23.7333333333333
23.4
23.4
23.2666666666667
23.9333333333333
23.9333333333333
23.6666666666667
23.4
23.6666666666667
23.4
23.2666666666667
23.5333333333333
23.5333333333333
23.4666666666667
23.4
23.4666666666667
23.2666666666667
23.6666666666667
23.5333333333333
23.1333333333333
23.4666666666667
23.4666666666667
23.2666666666667
23.4666666666667
23.4
23.4666666666667
23.5333333333333
23.5333333333333
23.4666666666667
23.7333333333333
23.4666666666667
23.4666666666667
23.4
23.4
23.4
23.5333333333333
23.6
25.7333333333333
23.6
23.4666666666667
23.3333333333333
23.4
23.4666666666667
23.6
23.6
23.6
23.6666666666667
23.3333333333333
23.4
23.4666666666667
23.8
23.4
23.4
23.6
23.4666666666667
23.4
23.7333333333333
23.4666666666667
23.3333333333333
23.4666666666667
23.5333333333333
23.6
23.6
23.6
23.6
23.8
23.5333333333333
23.6
23.6
23.3333333333333
23.3333333333333
23.6
23.4666666666667
23.4666666666667
23.4
23.6
23.4666666666667
23.6
23.4666666666667
23.9333333333333
23.8
23.5333333333333
23.4
23.8666666666667
23.7333333333333
23.6
23.6666666666667
23.6666666666667
23.3333333333333
23.6
23.5333333333333
23.7333333333333
23.6
23.8
23.6
23.6666666666667
23.4666666666667
23.6666666666667
23.4666666666667
23.5333333333333
23.6
23.6666666666667
23.7333333333333
23.6666666666667
23.7333333333333
23.6666666666667
23.5333333333333
23.5333333333333
23.5333333333333
23.7333333333333
23.7333333333333
23.6
23.6666666666667
23.4
23.2666666666667
23.2
23.6666666666667
23.6666666666667
23.5333333333333
23.6
23.5333333333333
23.4
23.8666666666667
23.4666666666667
23.6
23.6
23.6666666666667
23.6666666666667
23.7333333333333
23.7333333333333
23.7333333333333
23.5333333333333
23.7333333333333
23.4
23.6
23.6666666666667
23.6
23.6666666666667
23.6
23.8
23.9333333333333
23.4
23.4
23.8
24.0666666666667
24.3333333333333
23.7333333333333
23.4666666666667
23.6666666666667
23.8666666666667
23.7333333333333
23.6666666666667
23.8
23.6
23.6666666666667
23.6
23.5333333333333
23.7333333333333
23.8666666666667
23.8666666666667
23.6666666666667
23.4666666666667
23.4666666666667
23.6666666666667
23.7333333333333
23.6666666666667
23.6
23.2
23.2666666666667
23.4666666666667
23.6
23.4666666666667
23.6666666666667
23.7333333333333
23.6666666666667
23.2666666666667
23.8
23.3333333333333
23.5333333333333
23.2
23.4
23.5333333333333
23.7333333333333
23.4666666666667
23.6
23.5333333333333
23.6666666666667
23.5333333333333
23.4
23.4666666666667
23.6666666666667
23.7333333333333
23.8
23.8
23.6666666666667
23.4
23.5333333333333
23.5333333333333
23.6666666666667
23.5333333333333
23.5333333333333
23.5333333333333
25.8
23.6666666666667
23.6
23.7333333333333
23.7333333333333
23.4666666666667
23.3333333333333
23.6
23.4666666666667
23.6666666666667
23.5333333333333
23.8666666666667
23.6
23.6666666666667
23.4
23.6
23.7333333333333
23.6666666666667
23.6
23.8
23.6
23.6666666666667
23.6
23.6
23.4
23.5333333333333
23.5333333333333
23.5333333333333
23.4666666666667
23.9333333333333
23.6
23.4
23.4666666666667
23.4666666666667
23.9333333333333
23.7333333333333
23.6
23.4666666666667
23.5333333333333
23.4666666666667
23.6
23.4
23.3333333333333
23.6666666666667
23.8
23.6
23.5333333333333
23.4666666666667
23.3333333333333
23.4666666666667
23.2666666666667
23.3333333333333
23.6
23.4666666666667
23.5333333333333
23.5333333333333
23.4
23.6666666666667
23.6666666666667
23.6666666666667
23.4
23.6
23.4
23.7333333333333
23.6
23.6
