97.0588235294118
87.4698795180724
83.6405529953918
81.9413092550791
77.8969957081546
74.8453608247423
69.0114068441065
68.361581920904
66.120218579235
63.9084507042254
63.4615384615385
61.4213197969544
60.5
59.1205211726385
56.9858712715856
56.1919504643963
54.2600896860987
53.8575667655787
53.4609720176731
51.7094017094017
51.0548523206751
50.6983240223464
49.7942386831276
48.5294117647059
47.9524438573316
46.778350515464
46.5384615384616
45.2054794520548
44.9257425742575
42.7561837455831
41.8202764976959
41.5807560137457
40.9706546275395
40.3333333333334
40.1104972375691
39.93399339934
39.7155361050329
39.1163793103449
38.7406616862327
37.8125
37.4613003095975
37.0786516853933
36.7408906882591
36.2275449101797
35.9050445103858
35.7283464566929
35.5882352941177
34.5057034220533
34.3100189035917
34.0525328330207
33.7360594795539
33.1809872029251
32.8804347826087
32.2380106571936
31.8421052631579
31.7307692307693
31.4558058925477
31.1855670103093
31.0787671232877
30.3511705685619
30.1495016611296
30
29.8029556650247
29.4642857142857
29.3214862681745
29.2270531400966
29.1332263242376
28.9936102236422
28.9012738853503
28.8095238095238
28.7183544303798
28.4037558685446
28.0959752321982
27.8801843317973
27.2113943028486
26.6519823788546
26.228323699422
26.1151079136691
25.8547008547009
25.7082152974504
25.5994358251058
25.5274261603376
24.5602165087957
24.264705882353
24.2
23.9762219286658
23.7565445026178
23.5408560311284
23.4799482535576
23.389175257732
23.2097186700767
22.9166666666667
22.8589420654912
22.6027397260274
22.4628712871287
22.4074074074074
22.3247232472325
22.0266990291262
21.9733656174334
21.8938480096502
21.7105263157895
21.6071428571429
21.5302491103203
21.2529274004684
21.2032710280374
20.9584295612009
20.7428571428572
20.578231292517
20.4161979752531
20.3703703703704
20.1666666666667
20.0996677740864
20.0110253583242
19.7068403908795
19.5581896551724
19.4533762057878
19.0451206715635
18.8473520249221
18.7693898655636
18.7306501547988
18.5963114754099
18.5015290519878
18.2779456193354
18.2046138415246
17.98810703667
17.9170779861797
17.8641732283465
17.7941176470588
17.724609375
17.6556420233463
17.5872093023256
17.5531914893617
17.3850574712644
17.3518164435947
17.0582706766917
16.868029739777
16.8367346938776
16.651376146789
16.3808664259928
16.2343470483005
16.1764705882353
15.9490333919157
15.6196213425129
15.4863481228669
15.2010050251256
15.0998336106489
14.8527004909984
14.7801302931596
14.4047619047619
11.9094488188976
11.5605095541401
10.3477765108324
9.59302325581396
7.14566929133859
7.02399380804954
6.66299559471366
6.3372905027933
4.20138888888889
3.97329246935202
3.8518675721562
3.14667128987518
2.67541273584906
2.61980369515012
2.36821503131524
1.2979118993135
1.16346153846154
1.07218809073724
0.971211472602741
0.9421719269103
0.883469626168225
0.847813901345292
0.806810099573258
0.804521276595745
0.762348790322581
96.1445783132531
91.9354838709678
90.0677200902935
85.6223175965666
82.2680412371135
75.8555133079849
75.1412429378532
72.6775956284153
70.2464788732395
69.7552447552448
67.51269035533
66.5
64.9837133550489
62.6373626373627
61.764705882353
59.6412556053812
59.1988130563799
58.7628865979382
56.8376068376069
56.1181434599157
55.7262569832403
54.7325102880659
53.3422459893048
52.7080581241744
51.4175257731959
51.1538461538462
49.6886674968867
49.3811881188119
46.9964664310954
45.9677419354839
45.7044673539519
45.0338600451468
44.3333333333334
44.0883977900553
43.8943894389439
43.6542669584245
42.9956896551724
42.5827107790822
41.5625
41.1764705882353
40.755873340143
40.3846153846154
39.8203592814372
39.4658753709199
39.2716535433071
39.1176470588236
37.9277566539924
37.7126654064272
37.4296435272045
37.0817843866171
36.4716636197441
36.1413043478261
35.4351687388988
35
34.8776223776224
34.575389948007
34.2783505154639
34.1609589041096
33.361204013378
33.139534883721
32.9752066115703
32.7586206896552
32.3863636363637
32.2294022617125
32.1256038647343
32.0224719101124
31.8690095846646
31.7675159235669
31.6666666666667
31.5664556962026
31.2206572769953
30.8823529411765
30.6451612903226
29.9100449775113
29.295154185022
28.8294797687861
28.705035971223
28.4188034188034
28.257790368272
28.1382228490832
28.0590717299578
26.9959404600812
26.6711229946524
26.6
26.3540290620872
26.1125654450262
25.875486381323
