84.8484848484848
82.9157175398633
82.1670428893905
81.25
80.5309734513274
78.7878787878788
78.1115879828326
76.4705882352941
75.8333333333333
74.4376278118609
73.6842105263158
71.09375
67.4074074074074
66.7889908256881
62.1160409556314
61.590524534687
61.0738255033557
60.6666666666667
59.7701149425287
59.2833876221498
57.1428571428571
56.6978193146417
56.3467492260062
55.4878048780488
53.6082474226804
52.6011560693642
51.5580736543909
50.5555555555556
49.255751014885
48.6631016042781
48.4042553191489
47.2114137483787
46.1343472750317
45.8438287153652
45.5569461827284
44.7724477244772
43.8026474127557
43.3333333333333
43.0769230769231
42.3748544819558
42.1784472769409
41.6953035509737
41.0835214446953
40.04400440044
39.8249452954048
39.4366197183099
39.0139335476956
37.9166666666667
37.029501525941
36.8421052631579
36.0039564787339
35.546875
35.3398058252427
35.2030947775629
34.8659003831418
34.6007604562738
34.1463414634146
33.955223880597
33.7037037037037
33.394495412844
33.1511839708561
32.9710144927536
32.5581395348837
32.3268206039076
32.1554770318021
31.8181818181818
31.2714776632302
30.7952622673435
30.5369127516779
30.4347826086957
29.8850574712644
29.5454545454545
29.4022617124394
29.2134831460674
29.073482428115
28.7974683544304
28.5714285714286
28.1733746130031
27.9569892473118
27.5757575757576
27.4924471299094
27.2863568215892
27.0029673590504
26.9230769230769
26.8041237113402
26.530612244898
26.453488372093
26.3768115942029
25.8522727272727
25.3481894150418
25.2777777777778
25.1034482758621
24.9657064471879
24.6278755074425
24.5614035087719
24.4952893674293
24.3967828418231
24.331550802139
24.2666666666667
24.1059602649007
23.9789196310935
23.8845144356955
23.2736572890026
23.1847133757962
22.8643216080402
22.7784730913642
22.5247524752475
22.2222222222222
22.0338983050847
21.9541616405308
21.2616822429907
21.1874272409779
21.1382113821138
21.0892236384705
20.7525655644242
20.7053469852105
20.5417607223476
20.4724409448819
20.4264870931538
20.3807390817469
20.2672605790646
20.2222222222222
20.1550387596899
19.9561403508772
19.8689956331878
19.8041349292709
19.6544276457883
19.5698924731183
19.1377497371188
19.0975865687303
19.0376569037657
18.860103626943
18.4210526315789
18.2914572864322
18.2182182182182
18.0376610505451
17.7734375
17.704280155642
17.6356589147287
17.6015473887814
17.4664107485605
17.4329501915709
17.3664122137405
17.3333333333333
17.0731707317073
16.9459962756052
16.9144981412639
16.636197440585
16.4259927797834
16.3963963963964
16.2790697674419
16.1634103019538
16.1347517730496
16.0211267605634
15.9929701230228
15.9369527145359
15.8260869565217
15.7439446366782
15.6089193825043
15.5290102389079
15.4237288135593
15.3456998313659
15.2684563758389
15.1919866444073
15.1666666666667
15.1162790697674
15.0662251655629
14.8692810457516
14.7011308562197
14.4444444444444
14.3987341772152
14.3533123028391
12.7808988764045
10.9506618531889
10.718492343934
10.655737704918
10.3762827822121
9.61945031712474
6.91489361702128
6.57514450867052
1.64855072463768
86.0139860139859
84.0546697038724
83.295711060948
82.3660714285714
81.6371681415929
79.8701298701298
79.1845493562231
77.5210084033613
76.8749999999999
75.4601226993864
74.6963562753036
72.0703124999999
68.3333333333333
67.7064220183486
62.9692832764505
62.4365482233502
61.9127516778523
61.5
60.5911330049261
60.0977198697068
57.927786499215
57.4766355140186
57.1207430340557
56.25
54.3446244477172
53.3236994219653
52.2662889518413
51.25
49.9323410013531
49.331550802139
49.0691489361702
47.8599221789883
46.7680608365019
46.4735516372796
46.1827284105131
45.3874538745387
44.4043321299639
43.9285714285714
43.6686390532544
42.9569266589057
42.757821552723
42.2680412371134
41.647855530474
40.5940594059406
40.3719912472647
39.9783315276273
39.5498392282958
38.4375
37.5381485249237
37.3481781376518
36.4985163204747
36.03515625
35.8252427184466
35.6866537717601
35.3448275862069
35.0760456273764
34.6153846153846
34.4216417910447
34.1666666666666
33.8532110091743
33.6065573770492
33.4239130434782
33.0053667262969
32.7708703374778
32.5971731448763
32.2552447552447
31.701030927835
31.2182741116751
30.9563758389262
30.8528428093645
30.295566502463
29.9512987012987
29.8061389337641
29.6147672552167
29.4728434504792
29.1930379746835
28.9638932496075
28.5603715170278
28.3410138248848
27.9545454545454
27.8700906344411
27.6611694152923
27.3738872403561
27.292899408284
27.1723122238586
26.8950437317784
26.8168604651163
26.7391304347826
26.2073863636363
25.6963788300835
25.625
25.4482758620689
25.3086419753086
24.9661705006766
24.8987854251012
24.8317631224764
24.7319034852547
24.6657754010695
24.6
24.4370860927152
24.3083003952569
24.2125984251968
23.5933503836317
23.5031847133758
23.178391959799
23.0913642052566
22.8341584158416
