0
0
0
0
0
0
0
27.87194
29.00188
32.39171
33.14501
35.96987
36.34652
38.6064
38.79473
40.30132
41.24294
41.24294
41.43126
41.99623
42.37288
42.56121
42.74953
42.74953
42.74953
42.74953
42.74953
42.93785
43.12618
43.3145
43.3145
43.3145
43.3145
43.50282
43.50282
43.50282
43.50282
43.69115
43.69115
43.87947
43.87947
43.87947
44.0678
44.0678
44.25612
44.25612
44.25612
44.25612
44.25612
44.25612
44.44444
44.44444
44.63277
44.82109
44.82109
45.00942
45.00942
45.00942
45.00942
45.19774
45.19774
45.19774
45.19774
45.19774
45.38606
45.38606
45.38606
45.38606
45.57439
45.57439
45.57439
45.57439
45.76271
45.76271
45.95104
45.95104
45.95104
45.95104
46.13936
46.13936
46.13936
46.32768
46.32768
46.32768
46.51601
46.51601
46.51601
46.51601
46.51601
46.51601
46.70433
46.70433
46.70433
46.89266
46.89266
46.89266
46.89266
46.89266
46.89266
46.89266
46.89266
46.89266
46.89266
46.89266
47.08098
47.08098
47.08098
47.08098
47.08098
47.08098
47.08098
47.2693
47.2693
47.2693
47.2693
47.2693
47.2693
47.2693
47.2693
47.45763
47.45763
47.45763
47.45763
47.45763
47.64595
47.64595
47.64595
47.64595
47.64595
47.64595
47.64595
47.64595
47.64595
47.64595
47.83427
47.83427
47.83427
47.83427
47.83427
47.83427
48.0226
48.0226
48.0226
48.0226
48.0226
48.0226
48.0226
48.21092
48.21092
48.21092
48.21092
48.21092
48.21092
48.21092
48.21092
48.21092
48.21092
48.21092
48.21092
48.21092
48.21092
48.39925
48.39925
48.39925
48.39925
48.39925
48.39925
48.39925
48.58757
48.58757
48.58757
48.58757
48.58757
48.58757
48.58757
48.58757
48.58757
48.58757
48.58757
48.58757
48.58757
48.77589
48.77589
48.77589
48.77589
48.77589
48.77589
48.77589
48.77589
48.77589
48.77589
48.77589
48.77589
48.77589
48.77589
48.96422
48.96422
48.96422
48.96422
48.96422
48.96422
48.96422
49.15254
49.15254
49.15254
49.15254
49.15254
49.15254
49.15254
49.15254
49.15254
49.15254
49.15254
49.34087
49.34087
49.34087
49.34087
49.34087
49.34087
49.34087
49.34087
49.34087
49.34087
49.34087
49.34087
49.34087
49.34087
49.34087
49.34087
49.34087
49.34087
49.34087
49.52919
49.52919
49.52919
49.52919
49.52919
49.52919
49.52919
49.71751
49.71751
49.71751
49.71751
49.71751
49.71751
49.71751
49.71751
49.71751
49.71751
49.71751
49.71751
49.71751
49.71751
49.71751
49.90584
49.90584
49.90584
49.90584
49.90584
49.90584
49.90584
49.90584
49.90584
49.90584
49.90584
49.90584
50.09416
50.09416
50.09416
50.09416
50.09416
50.09416
50.09416
50.09416
50.09416
50.09416
50.09416
50.09416
50.09416
50.09416
50.09416
50.28249
50.28249
50.28249
50.28249
50.28249
50.28249
50.28249
