88.0859375000001
86.3984674329502
82.7522935779817
76.962457337884
68.75
56.4455569461828
55.8168316831684
55.4735547355474
54.2719614921781
52.8103044496487
52.2595596755504
51.6609392898053
49.8342541436464
48.5991379310345
48.1323372465315
47.1757322175733
46.9791666666667
46.7357512953368
45.2357071213641
44.3897637795276
43.4489402697495
43.1992337164751
42.6275992438564
41.2248628884827
40.7039711191336
40.1960784313726
40.0532859680284
39.2173913043478
38.481228668942
38.1556683587141
37.8355704697987
36.3123993558776
35.6803797468355
35.4003139717426
35.2895148669797
35.1246105919003
35.0155279503106
34.9071207430341
34.7457627118644
34.6390168970814
34.5329249617152
34.375
34.2705167173253
34.1666666666667
34.0634441087613
33.9097744360902
33.808095952024
33.7070254110613
33.5565476190476
33.4569732937686
33.2106038291606
33.1130690161527
33.0161054172767
32.8717201166181
32.7761627906977
32.5867052023122
32.3529411764706
32.2603719599428
31.4944134078212
31.4066852367688
31.3194444444445
31.2326869806094
30.6385869565218
30.5142083897159
30.4318488529015
30.1470588235294
29.9867021276596
29.8675496688742
29.7886393659181
29.5931758530184
29.4386422976501
29.2477302204929
29.0592783505155
28.9845758354756
28.9102564102564
28.7261146496815
28.5804816223067
28.3291457286432
28.2227784730914
27.9776674937965
27.9084158415842
27.8395061728395
27.6009791921665
27.4330900243309
27.3002421307506
27.1359807460891
26.9736842105263
26.909307875895
26.7497034400949
26.6863905325444
26.4051522248244
26.3434579439253
26.1904761904762
26.1297798377752
25.9792626728111
25.9195402298851
25.8304696449026
25.7714285714286
25.7126567844926
25.6541524459613
25.5668934240363
25.5090497737557
25.451467268623
25.3655793025872
24.4842562432139
24.3520518358531
24.0149094781683
22.986748216106
22.3046488625124
22.2606120434354
22.0430107526882
21.5996168582376
21.5583173996176
21.3946869070209
21.2735849056604
19.3065068493151
18.8860971524288
18.4232026143791
18.1561996779388
17.7279874213837
17.3195084485407
11.9186046511628
10.6167608286252
7.62855209742896
6.97710396039604
6.88339438339439
6.78399518652227
5.20064575645757
4.43897637795276
2.63927902621723
0.331150140977444
0.176171875
91.3109756097561
74.9687108886108
74.1336633663367
73.6777367773678
72.0818291215403
70.1405152224825
69.4090382387022
68.6139747995418
66.1878453038674
64.5474137931035
63.9274279615795
62.6569037656904
62.3958333333334
62.0725388601037
60.0802407221665
58.9566929133858
57.7071290944124
57.3754789272031
56.6162570888469
54.7531992687386
54.0613718411553
53.3868092691622
53.1971580817052
52.0869565217391
51.1092150170649
50.6768189509306
50.251677852349
48.2286634460548
47.3892405063291
47.0172684458399
46.8701095461659
46.6510903426791
46.5062111801242
46.3622291021672
46.1479198767335
46.0061443932412
45.8652373660031
45.6554878048781
45.516717325228
45.3787878787879
45.2416918429003
45.0375939849624
44.9025487256372
44.7683109118087
44.5684523809524
44.4362017804154
44.1089837997055
43.9794419970632
43.8506588579795
43.6588921282799
43.5319767441861
43.2803468208093
42.9698708751794
42.8469241773963
41.8296089385475
41.7130919220056
41.5972222222222
41.4819944598338
40.6929347826087
40.5277401894452
40.4183535762483
40.0401069518717
39.8271276595745
39.6688741721854
39.5640686922061
39.3044619422572
39.0992167101828
38.8456549935149
38.5953608247423
38.4961439588689
38.3974358974359
38.1528662420382
37.9594423320659
37.6256281407035
37.4843554443054
37.1588089330025
37.0668316831683
36.9753086419753
36.6585067319462
36.4355231143552
36.2590799031477
36.0409145607702
35.8253588516747
35.7398568019093
35.5278766310795
35.4437869822485
35.0702576112412
34.9883177570094
34.7851335656214
34.7045191193511
34.5046082949309
34.4252873563219
34.3069873997709
34.2285714285714
34.1505131128848
34.0728100113766
33.9569160997733
33.8800904977376
33.803611738149
33.6895388076491
32.5190010857763
32.3434125269979
31.8956336528222
30.5300713557594
29.624134520277
29.5656465942744
29.2766373411535
28.6877394636015
28.6328871892926
28.415559772296
28.2547169811321
25.6421232876712
25.0837520938024
24.468954248366
24.1143317230274
23.5455974842767
23.0030721966206
15.8298097251586
14.1007532956686
10.1319350473613
9.26670792079208
9.14224664224665
9.01022864019254
6.90728782287823
5.89566929133859
3.50538389513109
0.439820253759399
0.233984375
92.6829268292683
76.0951188986233
75.2475247524752
74.7847478474785
73.164861612515
71.1943793911007
70.4519119351101
69.6449026345934
67.1823204419889
65.5172413793103
64.8879402347919
63.5983263598326
63.3333333333333
63.0051813471503
60.9829488465396
59.8425196850394
58.5741811175337
58.2375478927203
57.4669187145558
55.5758683729433
