0
0
0
0
0
0
20.0361
20.93863
21.11913
23.2852
23.2852
23.64621
24.00722
24.90975
24.90975
25.27076
25.81227
26.17329
26.35379
26.89531
29.60289
31.76895
33.03249
33.03249
33.93502
34.11552
34.29603
34.47653
34.47653
34.65704
34.65704
34.83755
34.83755
35.01805
35.19856
35.19856
35.37906
35.37906
35.74007
35.92058
36.28159
36.28159
36.46209
36.6426
36.6426
36.6426
36.6426
36.8231
36.8231
36.8231
36.8231
37.00361
37.00361
37.00361
37.00361
37.18412
37.36462
37.36462
37.36462
37.36462
37.54513
37.54513
37.54513
37.54513
37.54513
37.54513
37.54513
37.54513
37.54513
37.72563
37.72563
37.72563
37.72563
37.72563
37.72563
37.72563
37.72563
37.90614
38.08664
38.08664
38.08664
38.08664
38.08664
38.26715
38.26715
38.26715
38.26715
38.26715
38.26715
38.26715
38.26715
38.44765
38.44765
38.44765
38.44765
38.44765
38.44765
38.44765
38.44765
38.44765
38.44765
38.62816
38.62816
38.62816
38.62816
38.80866
38.80866
38.80866
38.80866
38.80866
38.80866
38.80866
38.80866
38.80866
38.98917
38.98917
38.98917
38.98917
38.98917
38.98917
38.98917
38.98917
38.98917
38.98917
38.98917
39.16968
39.16968
39.16968
39.16968
39.16968
39.35018
39.35018
39.35018
39.35018
39.35018
39.35018
39.35018
39.35018
39.53069
39.53069
39.53069
39.53069
39.53069
39.53069
39.53069
39.71119
39.71119
39.71119
39.71119
39.71119
39.71119
39.71119
39.71119
39.71119
39.8917
39.8917
39.8917
39.8917
39.8917
39.8917
39.8917
39.8917
40.0722
40.0722
40.0722
40.0722
40.0722
40.0722
40.0722
40.0722
40.0722
40.25271
40.25271
40.25271
40.25271
40.25271
40.25271
40.25271
40.43321
40.43321
40.43321
40.43321
40.43321
40.43321
40.43321
40.43321
40.61372
40.61372
40.61372
40.61372
40.61372
40.61372
40.61372
40.61372
40.61372
40.79422
40.79422
40.79422
40.79422
40.79422
40.79422
40.79422
40.79422
40.79422
40.79422
40.79422
40.97473
40.97473
40.97473
40.97473
40.97473
40.97473
40.97473
40.97473
40.97473
40.97473
40.97473
40.97473
40.97473
40.97473
41.15523
41.15523
41.15523
41.15523
41.15523
41.15523
41.15523
41.15523
41.15523
41.33574
41.33574
41.33574
41.33574
41.33574
41.33574
41.33574
41.33574
41.33574
41.33574
41.33574
41.33574
41.51625
41.51625
41.51625
41.51625
41.51625
41.51625
41.51625
41.51625
41.51625
41.69675
41.69675
41.69675
41.69675
41.69675
41.69675
41.69675
41.69675
41.69675
41.69675
41.69675
41.69675
41.69675
41.69675
41.69675
41.69675
41.69675
41.69675
41.87726
41.87726
41.87726
41.87726
41.87726
41.87726
41.87726
41.87726
41.87726
41.87726
41.87726
42.05776
42.05776
42.05776
42.05776
42.05776
42.05776
42.05776
42.05776
42.05776
