92.0152091254753
84.6153846153846
83.8821490467938
83.1615120274914
81.8950930626058
81.2080536912752
80.6666666666667
79.4745484400657
76.5822784810127
74.9226006191951
71.8100890207715
71.2812960235641
70.8638360175696
67.2222222222222
62.3711340206186
61.3434727503168
60.9571788413098
59.5325953259533
57.8947368421053
57.2781065088757
56.3445867287544
55.7603686635945
53.4806629834254
51.380042462845
51.1627906976744
49.9484004127967
48.9878542510121
48.1113320079523
47.6377952755905
47.4509803921569
43.8405797101449
43.5251798561151
42.0869565217391
41.5807560137457
41.4383561643836
41.296928327645
37.8716744913928
37.6947040498442
36.890243902439
36.0119047619048
35.7988165680473
35.2769679300292
35.1744186046512
35.0724637681159
34.8201438848921
34.2776203966006
33.9410939691445
33.6111111111111
32.3529411764706
32.1808510638298
31.9682959048877
31.8840579710145
31.3878080415045
30.9462915601023
30.7496823379924
30.5555555555556
30.4020100502513
29.8765432098765
29.6932515337423
29.6205630354957
29.5482295482295
29.2978208232446
28.9473684210526
28.8782816229117
28.8095238095238
28.7069988137604
28.4037558685446
28.3372365339578
28.1068524970964
27.8801843317972
27.7205040091638
27.313769751693
27.2215973003375
27.0089285714286
26.9487750556793
26.8888888888889
26.7995570321152
26.5350877192982
26.3329706202394
26.0215053763441
25.8823529411765
25.635593220339
25.2083333333333
24.8971193415638
24.6687054026504
24.5436105476673
24.4939271255061
24.3705941591138
24.2242242242242
24.1516966067864
24.0556660039761
23.98414271556
23.8894373149062
23.8188976377953
23.5408560311284
23.4496124031008
23.3590733590734
23.1800766283525
23.0038022813688
22.9601518026565
22.5325884543762
22.365988909427
22.3247232472325
22.2018348623853
21.880650994575
21.6457960644007
21.5302491103203
21.4539007092199
21.3780918727915
21.3403880070547
21.1538461538462
21.0434782608696
20.8981001727116
20.7903780068729
20.5432937181664
20.3703703703704
20.2341137123746
20.2003338898164
20.1666666666667
20
19.96699669967
19.7389885807504
19.422150882825
19.3910256410256
19.3290734824281
19.2982456140351
19.175911251981
18.4451219512195
18.361153262519
18.3333333333333
18.3055975794251
17.2119487908962
16.8994413407821
11.6570327552987
9.71107544141252
9.36532507739938
9.19452887537994
8.32187070151307
7.93963254593176
6.63377192982456
6.16717635066259
3.12177502579979
2.07760989010989
2.01935914552737
1.24588138385502
94.8669201520913
87.2377622377623
86.4818024263432
85.7388316151203
84.4331641285956
83.7248322147651
83.1666666666667
81.9376026272578
78.9556962025317
77.2445820433437
74.0356083086054
73.4904270986746
73.0600292825769
69.3055555555556
64.3041237113402
63.2446134347275
62.8463476070529
61.3776137761378
59.688995215311
59.0532544378699
58.0908032596042
57.4884792626728
55.1381215469614
52.9723991507431
52.7484143763214
51.4963880288958
50.506072874494
49.6023856858847
49.1141732283465
48.921568627451
45.1992753623189
44.8741007194245
43.3913043478261
42.8694158075602
42.722602739726
42.5767918088737
39.0453834115806
38.8629283489097
38.0335365853659
37.1279761904762
36.9082840236687
36.3702623906706
36.2645348837209
36.1594202898551
35.8992805755396
35.3399433427762
34.9929873772791
34.6527777777778
33.355614973262
33.1781914893617
32.9590488771466
32.8722002635046
32.360570687419
31.9053708439898
31.7026683608641
31.5025252525253
31.3442211055277
30.8024691358025
30.6134969325154
30.5385556915545
30.4639804639805
30.2058111380145
29.8444976076555
29.7732696897375
29.702380952381
29.5966785290629
29.2840375586855
29.2154566744731
28.9779326364692
28.7442396313364
28.5796105383734
28.1602708803612
28.0652418447694
27.8459821428572
27.7839643652561
27.7222222222222
27.6301218161683
27.3574561403509
27.1490750816105
26.8279569892473
26.6844919786096
26.4300847457627
25.9895833333333
25.6687242798354
25.4332313965342
25.3042596348885
25.253036437247
25.1258811681773
24.974974974975
24.9001996007984
24.8011928429424
24.7274529236868
24.6298124383021
24.5570866141732
24.2704280155642
24.1763565891473
24.0830115830116
23.8984674329502
23.7167300380228
23.6717267552182
23.2309124767225
23.0591497227357
23.0166051660517
22.8899082568807
22.5587703435805
22.3166368515206
22.1975088967972
22.1187943262411
22.0406360424028
22.0017636684303
21.8094405594406
21.6956521739131
21.545768566494
21.4347079037801
21.1799660441426
21.0016835016835
20.8612040133779
