91.2442396313364
88.3928571428571
84.0764331210191
80.9815950920245
77.34375
76.5957446808511
72.6605504587156
67.005076142132
66.4429530201342
66
63.0573248407643
62.1664050235479
60.3658536585366
59.5488721804511
58.7537091988131
57.5581395348837
57.2254335260116
56.0906515580737
55.6962025316456
55
52.6595744680851
50.1901140684411
49.8740554156171
49.5619524405507
49.009900990099
48.7084870848708
47.6534296028881
47.3684210526316
47.1428571428571
46.3700234192037
46.1001164144354
45.360824742268
44.6952595936795
44.4444444444444
44
43.7569060773481
43.5643564356436
43.3260393873085
43.0903155603917
42.9035752979415
42.443729903537
41.8604651162791
40.6570841889117
40.080971659919
39.8791540785499
39.7191574724173
38.9763779527559
38.2978723404255
37.6425855513308
37.4291115311909
36.9402985074627
36.8029739776952
35.8695652173913
35.7400722021661
35.6115107913669
35.1687388987567
34.6153846153846
34.1968911917098
33.7883959044369
33.616298811545
33.502538071066
33.389544688027
33
32.6194398682043
31.7817014446228
31.4285714285714
31.0832025117739
30.8411214953271
30.6501547987616
30.5084745762712
30.3215926493109
29.9093655589124
29.7744360902256
29.4642857142857
29.160530191458
29.0748898678414
28.9897510980966
28.8629737609329
28.6127167630058
27.9266572637518
27.7699859747546
27.6536312849162
27.5
26.6487213997308
26.4705882352941
26.4
26.2251655629139
25.7477243172952
25.6809338521401
25.5154639175258
25.3196930946292
25.2229299363057
25.1588310038119
25.0950570342205
24.9370277078086
24.8743718592965
24.7191011235955
24.6575342465753
24.5049504950495
24.235006119951
24.0875912408759
24.0291262135922
23.9709443099274
23.8841978287093
23.6842105263158
23.5714285714286
23.3766233766234
23.1850117096019
22.9432213209733
22.5769669327252
22.5255972696246
22.3476297968397
22.2222222222222
22.1724524076148
22.0489977728285
21.878453038674
21.8302094818082
21.6630196936543
21.6157205240175
21.5451577801959
21.4517876489707
21.3822894168467
21.2218649517685
20.9745762711864
20.7764952780693
20.5607476635514
20.5181347150259
20.4756980351603
20.2247191011236
20.1834862385321
20.0404858299595
19.8994974874372
19.8595787362086
19.8198198198198
19.488188976378
19.4117647058824
19.3548387096774
19.3359375
19.2607003891051
18.8931297709924
18.6792452830189
18.4701492537313
18.4014869888476
18.3673469387755
18.2656826568266
18.1985294117647
18.1318681318681
18.0987202925046
18.0327868852459
17.870036101083
17.7101967799642
17.5531914893617
17.4295774647887
17.3989455184534
17.157712305026
17.1280276816609
17.0984455958549
16.722972972973
16.6947723440135
16.6666666666667
16.6107382550336
16.5551839464883
16.5
16.4451827242525
16.1764705882353
16.1500815660685
16.1237785016287
15.9935379644588
15.7142857142857
15.615141955836
15.3250773993808
14.7982062780269
13.9240506329114
13.9044943820225
11
10.7258938244854
9.32203389830508
4.51642335766423
99.1820040899795
94.7265624999999
93.8104448742746
88.9908256880733
82.0642978003384
81.3758389261745
80.8333333333333
77.2292993630573
76.138147566719
73.9329268292683
72.9323308270676
71.9584569732937
70.4941860465116
70.0867052023121
68.6968838526912
68.2137834036568
67.3611111111111
64.4946808510638
61.4702154626109
61.0831234256927
60.7008760951189
60.0247524752475
59.6555965559655
58.3634175691937
58.0143540669856
57.7380952380952
56.791569086651
56.4610011641443
55.5555555555555
54.7404063205417
54.4332210998877
53.8888888888889
53.5911602209944
53.3553355335533
53.0634573304157
52.7747551686616
52.546045503792
51.9828510182208
51.2684989429175
49.7946611909651
49.0890688259109
48.8418932527694
48.6459378134403
47.7362204724409
46.9052224371373
46.1026615969581
45.8412098298676
45.2425373134328
45.0743494423792
43.9311594202898
43.7725631768953
43.615107913669
43.0728241563055
42.3951048951049
41.8825561312608
41.3822525597269
41.1714770797962
41.0321489001692
40.893760539629
40.4166666666666
39.9505766062603
38.9245585874799
38.4920634920635
38.0690737833595
37.7725856697819
37.5386996904025
37.3651771956857
37.1362940275651
36.631419939577
36.4661654135338
36.0863095238095
35.7142857142857
35.6093979441997
35.5051244509517
35.3498542274052
35.043352601156
34.2031029619182
34.0112201963534
33.8687150837989
33.6805555555555
32.6379542395693
32.4197860962567
32.3333333333333
32.1192052980132
31.5344603381014
31.4526588845655
31.25
31.0102301790281
30.8917197452229
30.8132147395171
30.7351077313054
30.5415617128463
30.464824120603
30.274656679151
30.1992528019925
30.0123762376237
29.6817625458996
29.5012165450121
29.4296116504854
29.3583535108959
29.2521109770808
29.0071770334928
28.8690476190476
28.6304604486422
28.3957845433255
28.0996523754345
27.6510832383124
