0
0
0
0
0
0
0
25.59775
27.42616
29.39522
30.09845
30.52039
30.66104
31.08298
31.08298
31.22363
31.36428
31.36428
31.50492
31.64557
31.64557
31.78622
31.92686
32.06751
32.20816
32.20816
32.20816
32.20816
32.20816
32.20816
32.3488
32.48945
32.6301
32.6301
32.77075
32.77075
32.91139
32.91139
32.91139
33.05204
33.19269
33.19269
33.19269
33.19269
33.33333
33.33333
33.33333
33.47398
33.47398
33.61463
33.61463
33.61463
33.75527
33.75527
33.89592
33.89592
33.89592
33.89592
33.89592
33.89592
33.89592
34.03657
34.03657
34.03657
34.03657
34.03657
34.17722
34.17722
34.17722
34.17722
34.17722
34.31786
34.31786
34.31786
34.31786
34.31786
34.45851
34.45851
34.45851
34.45851
34.59916
34.59916
34.59916
34.59916
34.59916
34.59916
34.59916
34.59916
34.59916
34.59916
34.7398
34.7398
34.7398
34.7398
34.7398
34.7398
34.7398
34.88045
34.88045
34.88045
34.88045
34.88045
34.88045
34.88045
34.88045
35.0211
35.0211
35.0211
35.0211
35.0211
35.0211
35.0211
35.16174
35.16174
35.16174
35.16174
35.16174
35.30239
35.30239
35.30239
35.30239
35.44304
35.44304
35.44304
35.44304
35.44304
35.44304
35.44304
35.44304
35.58368
35.58368
35.58368
35.58368
35.58368
35.58368
35.58368
35.58368
35.58368
35.58368
35.58368
35.58368
35.72433
35.72433
35.72433
35.72433
35.72433
35.72433
35.72433
35.86498
35.86498
35.86498
35.86498
35.86498
35.86498
35.86498
35.86498
36.00563
36.00563
36.00563
36.00563
36.00563
36.00563
36.00563
36.14627
36.14627
36.14627
36.14627
36.14627
36.14627
36.14627
36.14627
36.14627
36.28692
36.28692
36.28692
36.28692
36.28692
36.28692
36.28692
36.28692
36.42757
36.42757
36.42757
36.42757
36.42757
36.42757
36.42757
36.42757
36.56821
36.56821
36.56821
36.56821
36.56821
36.56821
36.56821
36.70886
36.70886
36.70886
36.70886
36.70886
36.84951
36.84951
36.84951
36.84951
36.84951
36.84951
36.84951
36.84951
36.84951
36.84951
36.99015
36.99015
36.99015
36.99015
36.99015
36.99015
36.99015
36.99015
37.1308
37.1308
37.1308
37.1308
37.1308
37.1308
37.1308
37.27145
37.27145
37.27145
37.27145
37.27145
37.27145
37.27145
37.27145
37.27145
37.27145
37.4121
37.4121
37.4121
37.4121
37.4121
37.4121
37.4121
37.4121
37.4121
37.4121
37.4121
37.4121
37.55274
37.55274
37.55274
37.55274
37.55274
37.55274
37.55274
37.55274
37.55274
37.55274
37.55274
37.55274
37.55274
37.69339
37.69339
37.69339
37.69339
37.69339
37.69339
37.69339
37.69339
37.69339
37.83404
37.83404
37.83404
37.83404
37.83404
37.83404
37.83404
37.83404
37.83404
37.83404
37.83404
37.83404
37.97468
37.97468
37.97468
37.97468
37.97468
37.97468
37.97468
