96.455223880597
94.8623853211009
92.4865831842576
91.829484902309
87.4788494077834
86.1666666666666
85.4545454545454
82.9855537720706
81.1616954474097
79.4162826420891
78.3333333333333
76.141384388807
73.6467236467236
72.2067039106145
71.8055555555555
69.5827725437416
69.1176470588235
68.75
68.2959048877146
66.6237113402062
65.5259822560203
63.5916359163591
63.2802937576499
62.8953771289537
60.186263096624
59.5622119815668
50.48828125
46.6606498194946
45.5105633802817
44.6459412780656
44.263698630137
42.100977198697
41.6264090177133
40.4538341158059
39.8305084745763
39.7081413210445
39.2857142857143
38.8721804511278
37.9588839941263
37.6822157434402
37.1942446043165
36.8233618233618
36.614730878187
35.5570839064649
35.1222826086956
34.885290148448
33.9238845144357
33.1410256410256
32.3529411764706
31.7958179581796
31.7177914110429
31.640146878825
31.5628815628816
31.2953995157385
31.1821471652593
30.7738095238095
29.4754846066134
29.3083900226757
29.176072234763
29.0123456790123
28.9473684210526
28.5005512679162
28.344298245614
28.2822757111597
28.2205240174672
27.1819137749737
26.4856557377049
26.4044943820225
25.7470119521912
25.6958250497018
25.5182625863771
25.3929273084479
25.244140625
25.1459143968871
25.0970873786408
24.8080614203455
24.6660305343511
24.5722433460076
24.4328922495274
24.2951127819549
24.249530956848
24.2041198501873
23.9795918367347
23.9351851851852
23.8468634686347
23.7591911764706
23.6288848263254
23.5857664233577
23.4573502722323
23.4148550724638
23.2882882882883
23.0803571428571
22.9982206405694
22.7954144620811
22.6357267950963
22.5961538461538
22.4782608695652
22.4392361111111
22.4003466204506
22.3615916955017
22.3229706390328
22.2461273666093
22.0940170940171
22.0187393526405
21.8697123519458
21.8327702702703
21.6499162479062
21.3636363636364
21.3283828382838
21.2932454695222
21.2233169129721
21.1192810457516
21.0848287112561
21.0504885993485
21.0162601626016
20.8804523424879
20.8132045088567
20.5812101910828
20.3864353312303
13.3384932920537
12.4518304431599
11.9234317343173
9.48972099853157
8.36028460543337
7.77677496991576
7.56733021077283
7.36887115165336
7.00162513542795
6.43675298804781
5.60008665511265
5.2370340356564
5.04095163806552
4.58984375
4.48162274618585
4.44463548830811
3.91666666666666
2.98085793357933
2.40420386904762
2.31464899713467
1.81123878923767
1.69175392670157
1.50992990654206
97.9477611940298
96.3302752293578
93.9177101967799
93.2504440497335
88.8324873096446
87.5
86.7768595041322
84.2696629213483
82.4175824175824
80.6451612903225
79.5454545454545
77.3195876288659
74.7863247863248
73.3240223463687
72.9166666666666
70.6594885598923
70.187165775401
69.813829787234
69.3527080581242
67.6546391752577
66.5399239543726
64.5756457564575
64.2594859241126
63.8686131386861
61.1175785797439
60.4838709677419
51.26953125
47.3826714801444
46.2147887323943
45.3367875647668
44.9486301369863
42.7524429967427
42.2705314009662
41.0798122065728
40.4468412942989
40.3225806451613
39.8936170212766
39.4736842105263
38.5462555066079
38.265306122449
37.7697841726619
37.3931623931624
37.1813031161473
36.1072902338377
35.6657608695652
35.4251012145749
34.4488188976378
33.6538461538461
32.8535669586984
32.2878228782288
32.2085889570552
32.1297429620563
32.051282051282
31.7796610169491
31.664656212304
31.25
29.9315849486887
29.7619047619048
29.627539503386
29.4612794612794
29.3952967525196
28.941565600882
28.7828947368421
28.7199124726477
28.6572052401747
27.602523659306
26.8954918032787
26.8130745658835
26.1454183266932
26.0934393638171
25.9131293188549
25.7858546168959
25.634765625
25.5350194552529
25.4854368932039
25.1919385796545
25.0477099236641
24.9524714828897
24.8109640831758
24.6710526315789
24.624765478424
24.5786516853933
24.3506493506493
24.3055555555555
24.2158671586716
24.1268382352941
23.9945155393053
23.9507299270073
23.8203266787659
23.7771739130435
23.6486486486486
23.4375
23.3540925266904
23.1481481481481
22.9859894921191
22.9458041958042
22.8260869565217
22.7864583333333
22.7469670710572
22.7076124567474
22.6683937823834
22.5903614457831
22.4358974358974
22.3594548551959
22.2081218274112
22.1706081081081
21.9849246231156
21.6942148760331
21.6584158415842
21.6227347611203
21.551724137931
21.4460784313725
21.4110929853181
21.3762214983713
