0
0
0
0
0
20.74928
26.65706
26.94524
29.25072
29.39481
29.97118
29.97118
30.40346
30.54755
30.54755
30.69164
31.26801
31.84438
31.98847
31.98847
32.27666
32.56484
32.70893
32.70893
32.85303
33.2853
33.42939
33.57349
33.57349
33.57349
33.71758
33.71758
33.71758
33.71758
33.71758
33.86167
33.86167
33.86167
34.00576
34.00576
34.29395
34.29395
34.29395
34.43804
34.58213
34.58213
34.58213
34.72622
34.72622
35.1585
35.30259
35.30259
35.30259
35.30259
35.30259
35.59078
35.59078
35.73487
35.87896
35.87896
36.02305
36.02305
36.02305
36.02305
36.16715
36.31124
36.59942
36.74352
36.88761
36.88761
37.0317
37.0317
37.17579
37.31988
37.31988
37.46398
37.60807
37.60807
37.75216
37.75216
37.75216
37.75216
38.04035
38.04035
38.04035
38.04035
38.04035
38.04035
38.04035
38.18444
38.18444
38.32853
38.32853
38.32853
38.32853
38.32853
38.47262
38.47262
38.61671
38.61671
38.61671
38.61671
38.61671
38.61671
38.76081
38.76081
38.9049
38.9049
38.9049
39.04899
39.04899
39.04899
39.19308
39.19308
39.19308
39.19308
39.48127
39.48127
39.62536
39.62536
39.62536
39.76945
39.91354
39.91354
40.05764
40.05764
40.05764
40.34582
40.34582
40.34582
40.34582
40.48991
40.48991
40.48991
40.63401
40.7781
40.7781
40.92219
40.92219
40.92219
41.06628
41.06628
41.21037
41.35447
41.35447
41.35447
41.64265
41.64265
41.64265
41.78674
41.93084
41.93084
42.21902
42.21902
42.5072
42.5072
42.5072
42.5072
42.6513
42.6513
42.6513
42.93948
43.22767
43.51585
43.65994
44.09222
44.09222
44.23631
44.23631
44.3804
44.5245
44.95677
45.24496
45.24496
45.38905
46.39769
46.39769
46.68588
46.82997
46.82997
47.26225
47.26225
47.98271
48.27089
48.27089
48.41499
48.55908
48.99135
49.56772
50.86455
51.00865
51.72911
51.8732
52.01729
52.01729
52.16138
52.44957
52.59366
53.17003
53.31412
53.7464
53.89049
54.03458
54.03458
54.61095
55.6196
56.19597
56.62824
56.77233
57.3487
58.06916
58.21326
58.64553
61.95965
63.40058
63.68876
63.83285
64.69741
65.85014
67.43516
69.02017
78.38617
85.1585
86.16715
86.74352
89.91354
97.11816
1.008646
0
0
0
0
0
8.66426
11.13117
11.2515
12.2142
12.27437
12.51504
12.51504
12.69555
12.75572
12.75572
12.81588
13.05656
13.29723
13.3574
13.3574
13.47774
13.59807
13.65824
13.65824
13.71841
13.89892
13.95909
14.01925
14.01925
14.01925
14.07942
14.07942
14.07942
14.07942
14.07942
14.13959
14.13959
14.13959
14.19976
14.19976
14.3201
14.3201
14.3201
14.38026
14.44043
14.44043
14.44043
14.5006
14.5006
14.68111
14.74128
14.74128
14.74128
14.74128
14.74128
14.86161
14.86161
14.92178
14.98195
14.98195
