83.0927835051547
80.1192842942346
76.6159695817491
74.6296296296297
73.9449541284404
72.7436823104694
72.093023255814
71.5808170515098
70.9507042253522
68.1895093062606
66.6115702479339
66.1740558292283
65.1050080775445
64.171974522293
63.7658227848102
62.3839009287926
61.4329268292683
60.6015037593985
60.2391629297459
59.7922848664689
59.0043923865301
58.5755813953489
58.2369942196532
57.4074074074075
57.0821529745043
55.9722222222223
54.533152909337
54.2395693135936
53.8770053475936
52.2697795071336
51.9329896907217
51.0773130544994
50.7556675062973
50.186799501868
49.326805385557
49.0267639902677
48.7893462469734
48.4957882069796
47.6923076923077
47.4676089517079
46.4285714285715
46.1626575028637
45.4853273137698
44.9776785714286
44.7777777777778
43.4267241379311
41.5892672858617
39.5098039215687
38.3079847908745
37.8048780487805
36.7030965391621
36.5036231884058
36.2410071942446
35.9180035650624
34.5034246575343
34.0947546531303
33.6956521739131
33.305785123967
33.1960461285008
32.8175895765473
32.1884984025559
31.984126984127
31.6326530612245
31.386292834891
30.952380952381
30.8575803981623
30.7164634146342
30.6231003039514
30.5303030303031
30.2098950524738
29.8076923076923
29.1184971098266
28.9928057553957
28.3403656821379
28.1424581005587
28.0640668523677
27.9861111111111
27.6406035665295
27.2665764546685
27.1929824561404
27.1197846567968
26.8666666666667
26.7952127659575
26.3743455497382
25.76726342711
25.5386565272497
25.4419191919192
25.3140703517588
25.2190237797247
25.1560549313358
25.093399750934
25
24.8765432098766
24.7239263803681
24.6634026927785
24.4538834951456
24.3063932448734
24.1028708133971
23.9880952380953
23.7898465171193
23.1609195402299
22.9237770193402
22.665916760405
22.615039281706
22.5643896976484
22.3145071982281
22.2651933701658
22.0459518599563
21.9978165938865
21.7133620689655
21.6666666666667
21.5508021390374
21.3906581740977
21.3453389830509
21.0334029227558
20.7946336429309
20.6454918032787
20.5822267620021
20.2920443101712
19.8326771653543
19.6011673151751
19.5251937984496
19.337811900192
19.2270992366412
19.1904761904762
18.6920222634508
18.6574074074074
18.5202205882353
18.452380952381
18.3515482695811
18.2849364791289
18.1859205776173
18.0232558139535
17.9910714285714
17.9270462633452
17.8952042628775
17.6754385964912
17.0762711864407
16.7637271214642
16.0685805422648
11.1944444444445
10.9154929577465
9.91633858267717
6.2345297029703
4.15635313531353
4.1156045751634
3.79329819277109
3.03098676293622
2.35838014981274
1.74670596393898
1.49392052194543
1.13867540687161
0.157421875
0.127158218901454
83.7113402061857
80.7157057654076
77.1863117870723
75.1851851851853
74.4954128440368
73.2851985559568
72.6296958855099
72.1136767317941
71.4788732394367
68.6971235194586
67.107438016529
66.6666666666668
65.5896607431342
64.6496815286625
64.240506329114
62.8482972136224
61.8902439024391
61.0526315789474
60.6875934230195
60.2373887240357
59.4436310395316
59.0116279069768
58.6705202312139
57.8347578347579
57.5070821529746
56.388888888889
54.9391069012179
54.6433378196501
54.2780748663102
52.6588845654994
52.319587628866
51.4575411913816
51.1335012594459
50.5603985056041
49.6940024479805
49.3917274939173
49.1525423728814
48.8567990373045
48.0473372781066
47.8209658421673
46.7741935483872
46.5063001145476
45.8239277652371
45.3125000000001
45.1111111111112
43.7500000000001
41.8988648090816
39.8039215686275
38.5931558935362
38.0863039399625
36.976320582878
36.7753623188406
36.5107913669065
36.1853832442068
34.7602739726028
34.3485617597293
33.9464882943144
33.5537190082645
33.4431630971994
33.0618892508144
32.4281150159745
32.2222222222223
31.8681318681319
31.6199376947041
31.1827956989248
31.0872894333844
30.9451219512196
30.8510638297873
30.7575757575758
30.4347826086957
30.0295857988166
29.335260115607
29.2086330935252
28.5513361462729
28.3519553072626
28.2729805013928
28.1944444444445
27.846364883402
27.469553450609
27.395411605938
27.3216689098251
27.0666666666667
26.9946808510639
26.5706806282723
25.9590792838875
25.7287705956908
25.6313131313132
25.5025125628141
25.4067584480601
25.3433208489389
25.280199252802
25.1861042183623
25.0617283950618
24.9079754601227
24.8470012239902
24.6359223300971
24.4873341375151
24.2822966507177
24.1666666666667
23.9669421487604
23.3333333333334
23.094425483504
22.8346456692914
22.7833894500561
22.7323628219485
22.4806201550388
22.4309392265194
22.2100656455143
22.1615720524018
21.875
21.8279569892473
21.7112299465241
21.5498938428875
21.5042372881356
21.1899791231733
20.9494324045408
20.7991803278689
20.73544433095
20.4431017119839
19.9803149606299
19.7470817120623
19.6705426356589
19.4817658349328
19.3702290076336
19.3333333333334
18.8311688311689
18.7962962962963
18.6580882352941
