0
0
0
0
0
0
0
26.81564
29.79516
34.82309
35.19553
36.49907
36.49907
36.68529
37.24395
38.54749
40.03724
40.22346
40.22346
40.78212
41.34078
41.527
41.89944
41.89944
42.27188
42.83054
42.83054
42.83054
42.83054
43.3892
43.3892
43.3892
43.3892
43.3892
43.3892
43.57542
43.57542
43.57542
43.57542
43.57542
43.76164
43.76164
43.76164
43.94786
43.94786
43.94786
43.94786
43.94786
44.13408
44.13408
44.13408
44.3203
44.3203
44.3203
44.3203
44.50652
44.50652
44.69274
44.69274
44.69274
44.69274
44.69274
44.87896
44.87896
44.87896
44.87896
45.06518
45.06518
45.06518
45.06518
45.2514
45.2514
45.2514
45.43762
45.43762
45.43762
45.62384
45.62384
45.62384
45.62384
45.62384
45.62384
45.62384
45.81006
45.81006
45.81006
45.81006
45.81006
45.81006
45.81006
45.99628
45.99628
45.99628
45.99628
45.99628
45.99628
45.99628
46.1825
46.1825
46.1825
46.1825
46.1825
46.1825
46.1825
46.36872
46.36872
46.36872
46.36872
46.36872
46.36872
46.36872
46.55493
46.55493
46.55493
46.55493
46.55493
46.74115
46.74115
46.74115
46.74115
46.74115
46.74115
46.74115
46.74115
46.92737
46.92737
46.92737
46.92737
46.92737
46.92737
46.92737
46.92737
47.11359
47.11359
47.11359
47.11359
47.11359
47.11359
47.11359
47.11359
47.11359
47.11359
47.11359
47.11359
47.11359
47.11359
47.11359
47.11359
47.11359
47.11359
47.29981
47.29981
47.29981
47.29981
47.29981
47.29981
47.29981
47.29981
47.48603
47.48603
47.48603
47.48603
47.67225
47.67225
47.67225
47.67225
47.67225
47.67225
47.67225
47.67225
47.67225
47.85847
47.85847
47.85847
47.85847
47.85847
47.85847
47.85847
47.85847
47.85847
47.85847
47.85847
48.04469
48.04469
48.04469
48.04469
48.04469
48.04469
48.04469
48.23091
48.23091
48.23091
48.23091
48.23091
48.23091
48.23091
48.23091
48.23091
48.23091
48.41713
48.41713
48.41713
48.41713
48.41713
48.41713
48.41713
48.41713
48.41713
48.41713
48.41713
48.41713
48.41713
48.41713
48.41713
48.41713
48.60335
48.60335
48.60335
48.60335
48.60335
48.60335
48.60335
48.60335
48.60335
48.60335
48.60335
48.78957
48.78957
48.78957
48.78957
48.78957
48.78957
48.78957
48.97579
48.97579
48.97579
48.97579
48.97579
49.16201
49.16201
49.16201
49.16201
49.16201
49.16201
49.16201
49.16201
49.16201
49.16201
49.16201
49.16201
49.16201
49.16201
49.34823
49.34823
49.34823
49.34823
49.34823
49.34823
49.34823
49.34823
49.34823
49.53445
49.53445
49.53445
49.53445
49.53445
49.53445
49.72067
49.72067
49.72067
49.72067
49.72067
49.72067
49.72067
49.90689
49.90689
49.90689
49.90689
49.90689
49.90689
49.90689
49.90689
49.90689
49.90689
49.90689
49.90689
49.90689
50.09311
