0
0
0
0
0
0
0
0
0
0
0
0
0
0
0
25.69659
26.00619
26.78019
27.39938
27.70898
27.86378
29.25697
29.72136
30.34056
30.34056
30.65015
30.80495
31.11455
31.11455
31.11455
31.42415
31.57895
31.88854
31.88854
32.04334
32.04334
32.19814
32.19814
32.35294
32.50774
32.50774
32.66254
32.66254
32.66254
32.66254
32.66254
32.97214
32.97214
32.97214
33.12693
33.28173
33.28173
33.28173
33.59133
33.59133
33.74613
33.74613
33.74613
33.90093
33.90093
34.05573
34.05573
34.05573
34.36533
34.52012
34.67492
34.67492
34.67492
34.67492
34.82972
34.82972
34.82972
34.82972
34.98452
34.98452
34.98452
34.98452
34.98452
34.98452
35.29412
35.29412
35.29412
35.44892
35.44892
35.60372
35.60372
35.75851
35.91331
35.91331
35.91331
36.06811
36.06811
36.06811
36.06811
36.22291
36.22291
36.37771
36.37771
36.53251
36.53251
36.53251
36.53251
36.68731
36.68731
36.9969
37.3065
37.3065
37.3065
37.3065
37.4613
37.4613
37.7709
37.9257
37.9257
38.0805
38.0805
38.0805
38.0805
38.0805
38.0805
38.23529
38.39009
38.54489
38.54489
38.69969
38.69969
38.85449
39.00929
39.00929
39.16409
39.16409
39.16409
39.47368
39.47368
39.47368
39.47368
39.47368
39.47368
39.62848
39.62848
39.62848
39.62848
39.93808
39.93808
39.93808
39.93808
39.93808
39.93808
40.09288
40.40248
40.40248
40.40248
40.71207
40.71207
40.86687
40.86687
40.86687
40.86687
41.02167
41.02167
41.17647
41.33127
41.33127
41.33127
41.48607
41.48607
41.48607
41.64087
41.79567
41.79567
41.95046
41.95046
41.95046
42.26006
42.26006
42.26006
42.56966
42.56966
42.87926
43.03406
43.03406
43.34365
43.49845
43.80805
44.11765
44.11765
44.11765
44.27245
44.42724
44.58204
44.58204
44.58204
44.73684
44.73684
44.73684
45.04644
45.20124
45.20124
45.20124
45.20124
45.35604
45.51084
45.51084
45.51084
45.82043
45.82043
45.82043
45.97523
45.97523
45.97523
46.13003
46.13003
46.13003
46.13003
46.28483
46.28483
46.28483
46.59443
46.74923
46.74923
46.74923
47.05882
47.05882
47.21362
47.21362
47.52322
47.67802
47.83282
47.83282
47.83282
47.98762
48.14241
48.29721
48.29721
48.45201
48.60681
48.60681
48.60681
48.91641
49.07121
49.22601
49.22601
49.5356
49.6904
49.8452
50
50.1548
50.1548
50.3096
50.3096
50.3096
50.4644
50.6192
50.77399
51.08359
51.08359
51.23839
51.23839
51.23839
51.39319
51.39319
51.39319
51.54799
51.54799
51.54799
51.54799
51.54799
51.54799
51.70279
51.70279
51.70279
51.85759
51.85759
51.85759
52.01238
52.16718
52.16718
52.32198
52.32198
52.32198
52.47678
52.63158
52.63158
52.63158
52.78638
52.94118
52.94118
53.09598
