0
0
0
0
0
0
0
0
0
0
0
0
0
0
0
0
0
0
17.0500676589987
3.32980972515858
2.84296028880868
2.72963604852687
2.48031496062993
2.31277533039649
2.23721590909092
2.13125845737484
2.03751617076327
72.936400541272
14.2441860465116
12.1615523465704
11.6767764298094
10.6102362204724
9.89353891336271
9.5703125
9.117050067659
8.71604139715395
23.6786469344609
20.2166064981949
19.4107452339688
17.6377952755906
16.446402349486
15.9090909090909
15.1556156968877
14.4890038809832
25.7663847780127
21.9990974729242
21.1221837088388
19.1929133858268
17.8964757709251
17.3117897727273
16.4918809201624
15.7664941785252
26.1363636363636
22.3149819494585
21.4254766031196
19.4685039370079
18.1534508076358
17.5603693181818
16.7286874154262
15.9928848641656
28.7526427061311
24.5487364620939
23.5701906412478
21.4173228346457
19.9706314243759
19.3181818181818
18.403247631935
17.5937904269081
29.9682875264271
25.586642599278
24.5667244367418
22.3228346456693
20.8149779735683
20.1349431818182
19.1813261163735
18.3376455368694
30.1268498942916
25.7220216606497
24.6967071057191
22.4409448818897
20.9251101321585
20.2414772727272
19.2828146143436
18.4346701164294
30.5496828752641
26.0830324909746
25.0433275563257
22.7559055118109
21.2187958883993
20.5255681818181
19.5534506089309
18.6934023285898
31.8710359408035
27.2111913357401
26.1265164644715
23.740157480315
22.136563876652
21.4133522727273
20.3991880920163
19.5019404915912
31.9238900634249
27.2563176895307
26.1698440207972
23.7795275590551
22.1732745961821
21.4488636363636
20.4330175913396
19.5342820181113
34.3023255813953
29.2870036101082
28.1195840554592
25.5511811023622
23.8252569750367
23.046875
21.9553450608931
20.9896507115135
34.8308668076111
29.7382671480145
28.5528596187176
25.9448818897638
24.1923641703378
23.4019886363637
22.2936400541272
21.3130659767141
36.9978858350951
31.5884476534296
30.3292894280763
27.5590551181102
25.697503671072
24.8579545454545
23.680649526387
22.6390685640362
41.7019027484143
35.6046931407942
34.1854419410745
31.0629921259842
28.964757709251
28.0184659090909
26.6914749661705
25.5174644243208
43.0232558139536
36.7328519855597
35.2686308492202
32.0472440944883
29.8825256975038
28.9062500000001
27.5372124492558
26.3260025873222
44.3446088794927
37.861010830325
36.3518197573657
33.0314960629922
30.8002936857563
29.7940340909091
28.382949932341
27.1345407503235
46.4059196617338
39.620938628159
38.0415944540729
34.5669291338584
32.2320117474303
31.1789772727274
29.7023004059541
28.3958602846055
49.2071881606766
42.0126353790614
40.3379549393415
36.6535433070867
34.1776798825257
33.0610795454546
31.4952638700948
30.1099611901682
50.1057082452431
42.7797833935018
41.0745233968804
37.3228346456693
34.8017621145374
33.6647727272727
32.0703653585927
30.6597671410091
51.1099365750529
43.6371841155235
41.8977469670711
38.0708661417323
35.4992657856094
34.3394886363637
32.7131258457375
31.2742561448901
55.3911205073996
47.2924187725632
45.4072790294627
41.259842519685
38.4728340675477
37.2159090909091
35.4533152909337
33.8939197930142
57.9281183932347
49.4584837545126
47.4870017331023
43.1496062992126
40.2349486049927
38.9204545454545
37.0771312584574
35.4463130659767
58.0338266384777
49.5487364620937
47.5736568457538
43.2283464566928
40.3083700440528
38.9914772727272
37.1447902571041
35.5109961190167
95.4545454545456
81.4981949458485
78.2495667244369
71.1023622047245
66.2995594713657
64.1335227272728
61.0960757780786
58.4087968952135
99.0486257928117
84.56678700361
81.1958405545926
73.779527559055
68.7958883994125
66.5482954545454
63.3964817320703
60.6080206985769
99.154334038055
84.6570397111913
81.2824956672444
73.8582677165354
68.8693098384728
66.6193181818182
63.4641407307172
60.6727037516171
94.043321299639
90.2946273830156
82.0472440944882
76.5051395007342
74.0056818181818
70.5006765899865
67.3997412677878
99.8531571218796
96.5909090909091
92.0162381596752
87.9689521345407
97.8693181818182
93.234100135318
89.1332470892626
