12.3514431239389
11.8872549019608
11.677367576244
10.8744394618834
10.3338068181818
9.41138421733507
8.88278388278389
8.51873536299767
8.40069284064666
6.37040280210158
6.12373737373738
12.4363327674024
11.968954248366
11.7576243980738
10.949177877429
10.4048295454545
9.47606727037515
8.94383394383394
8.57728337236533
8.45842956120092
6.41418563922941
6.16582491582491
14.2190152801358
13.6846405228758
13.4430176565008
12.5186846038864
11.8963068181818
10.8344113842173
10.2258852258852
9.80679156908666
9.67090069284065
7.33362521891419
7.04966329966331
21.2648556876061
20.4656862745098
20.1043338683788
18.7219730941704
17.7911931818182
16.2031047865459
15.2930402930403
14.6662763466042
14.4630484988453
10.9676007005254
10.5429292929293
24.7453310696096
23.8153594771242
23.3948635634029
21.7862481315397
20.703125
18.8551099611902
17.7960927960928
17.0667447306792
16.8302540415705
12.7626970227671
12.2685185185185
30.7724957555178
29.6160130718954
29.0930979133226
27.0926756352765
25.7457386363636
23.4476067270375
22.1306471306471
21.2236533957845
20.9295612009238
15.8712784588441
15.256734006734
32.8947368421053
31.6584967320262
31.0995184590691
28.9611360239163
27.5213068181819
25.0646830530401
23.6568986568987
22.6873536299766
22.3729792147806
16.9658493870403
16.3089225589226
33.106960950764
31.8627450980392
31.3001605136437
29.1479820627803
27.6988636363636
25.2263906856404
23.8095238095238
22.8337236533958
22.5173210161663
17.0753064798599
16.4141414141414
33.5314091680816
32.2712418300655
31.701444622793
29.5216741405083
28.0539772727274
25.549805950841
24.1147741147742
23.1264637002343
22.8060046189377
17.2942206654992
16.6245791245792
36.3327674023769
34.9673202614379
34.3499197431782
31.9880418535127
30.3977272727273
27.6843467011643
26.1294261294261
25.0585480093677
24.7113163972286
18.739054290718
18.013468013468
36.7147707979626
35.3349673202614
34.7110754414125
32.3243647234678
30.7173295454545
27.9754204398447
26.4041514041514
25.3220140515222
24.9711316397228
18.9360770577933
18.2028619528619
36.9694397283532
35.5800653594772
34.9518459069021
32.5485799701047
30.9303977272728
28.1694695989651
26.5873015873016
25.4976580796253
25.1443418013857
19.0674255691769
18.3291245791246
37.9032258064516
36.4787581699346
35.8346709470304
33.3707025411061
31.7116477272727
28.8809831824062
27.2588522588522
26.1416861826697
25.7794457274826
19.5490367775832
18.7920875420875
38.4125636672325
36.968954248366
36.3162118780096
33.8191330343796
32.137784090909
29.2690815006468
27.6251526251526
26.4929742388758
26.1258660508083
19.8117338003502
19.0446127946128
47.3684210526316
45.5882352941176
44.7833065810594
41.7040358744395
39.6306818181818
36.0931435963778
34.0659340659341
32.6697892271663
32.2170900692841
24.430823117338
23.4848484848485
48.1324278438032
46.3235294117648
45.5056179775282
42.3766816143499
40.2698863636365
36.6752910737388
34.6153846153847
33.1967213114755
32.7367205542726
24.8248686514887
23.8636363636364
48.3870967741936
46.5686274509804
45.7463884430177
42.6008968609865
40.4829545454545
36.869340232859
34.7985347985348
33.3723653395785
32.9099307159353
24.9562171628722
23.989898989899
48.5568760611205
46.7320261437908
45.9069020866774
42.7503736920777
40.625
36.9987063389392
34.9206349206349
33.4894613583138
33.0254041570439
25.0437828371278
24.0740740740741
48.7266553480475
46.8954248366013
46.0674157303371
42.8998505231689
40.7670454545455
37.1280724450194
35.042735042735
33.6065573770492
33.1408775981524
25.1313485113835
24.1582491582492
50.4244482173175
48.5294117647059
47.6725521669342
44.3946188340807
42.1875
38.4217335058215
36.2637362637363
34.7775175644028
34.2956120092379
26.0070052539405
25
51.9524617996604
50
49.1171749598716
45.7399103139013
43.4659090909091
39.5860284605433
37.3626373626374
35.8313817330211
35.3348729792148
26.7950963222417
25.7575757575758
61.6298811544992
59.3137254901961
58.2664526484751
54.2600896860987
51.5625
46.9598965071151
44.3223443223443
42.5058548009368
41.9168591224018
31.7863397548161
30.5555555555556
66.213921901528
63.7254901960784
62.6003210272873
58.2959641255605
55.3977272727273
50.4527813712807
47.6190476190476
45.6674473067916
45.0346420323326
34.1506129597198
32.8282828282828
67.1477079796266
64.6241830065361
63.4831460674158
59.1180866965621
56.1789772727274
51.164294954722
48.2905982905984
46.3114754098361
45.6697459584296
34.6322241681262
33.2912457912458
79.0322580645162
76.0620915032681
74.7191011235956
69.5814648729448
66.1221590909092
60.2199223803364
56.8376068376069
54.5081967213115
53.7528868360278
40.7618213660246
39.1835016835017
79.541595925297
76.5522875816992
75.2006420545745
70.0298953662181
66.5482954545454
60.6080206985769
57.2039072039071
54.8594847775175
54.0993071593533
41.0245183887915
39.4360269360269
79.881154499151
76.8790849673202
