0
0
0
0
0
0
0
0
0
0
0
0
0
0
70.99567
84.41558
92.64069
95.2381
97.4026
2.597403
0
0
0
0
0
0
0
0
0
0
0
0
0
0
17.76815
21.12676
23.18527
23.83532
24.37703
25.24377
26.11051
26.21885
26.43554
26.86891
26.97725
26.97725
26.97725
26.97725
26.97725
27.08559
27.08559
27.30228
27.30228
27.30228
27.30228
27.41062
27.41062
27.51896
27.51896
27.6273
27.6273
27.6273
27.84399
27.84399
27.95233
27.95233
27.95233
27.95233
27.95233
28.06067
28.16901
28.16901
28.27736
28.27736
28.27736
28.3857
28.3857
28.3857
28.3857
28.49404
28.49404
28.49404
28.60238
28.60238
28.71073
28.71073
28.71073
28.81907
28.92741
28.92741
28.92741
28.92741
28.92741
28.92741
28.92741
28.92741
29.03575
29.03575
29.1441
29.1441
29.1441
29.1441
29.1441
29.25244
29.25244
29.25244
29.25244
29.25244
29.36078
29.36078
29.36078
29.36078
29.46912
29.46912
29.46912
29.46912
29.46912
29.57746
29.57746
29.57746
29.57746
29.57746
29.68581
29.68581
29.68581
29.68581
29.79415
29.79415
29.79415
29.79415
29.79415
29.79415
29.79415
29.90249
29.90249
29.90249
29.90249
30.01083
30.01083
30.11918
30.11918
30.11918
30.22752
30.22752
30.22752
30.22752
30.22752
30.22752
30.33586
30.33586
30.33586
30.33586
30.33586
30.33586
30.33586
30.4442
30.4442
30.4442
30.4442
30.55255
30.55255
30.55255
30.55255
30.66089
30.66089
30.66089
30.66089
30.66089
30.66089
30.76923
30.76923
30.76923
30.76923
30.76923
30.87757
30.87757
30.87757
30.87757
30.87757
30.87757
30.87757
30.87757
30.87757
30.98592
30.98592
30.98592
30.98592
30.98592
30.98592
30.98592
30.98592
30.98592
30.98592
31.09426
31.09426
31.09426
31.09426
31.09426
31.09426
31.09426
31.2026
31.2026
31.2026
31.31094
31.31094
31.31094
31.31094
31.31094
31.31094
31.31094
31.41928
31.41928
31.41928
31.41928
31.41928
31.52763
31.52763
31.52763
31.52763
31.63597
31.63597
31.63597
31.63597
31.63597
31.63597
31.63597
31.63597
31.74431
31.74431
31.74431
31.74431
31.85265
31.85265
31.85265
31.85265
31.85265
31.85265
31.961
31.961
31.961
31.961
31.961
31.961
31.961
31.961
31.961
32.06934
32.17768
32.17768
32.17768
32.17768
32.17768
32.17768
32.28602
32.28602
32.28602
32.28602
32.28602
32.39437
32.39437
32.39437
32.39437
32.39437
32.39437
32.50271
32.50271
32.50271
32.50271
32.61105
32.61105
32.61105
32.61105
32.61105
32.61105
32.61105
32.61105
32.61105
32.61105
32.61105
32.71939
32.71939
32.71939
32.71939
32.82774
32.82774
32.82774
32.82774
32.82774
