99.6478873239438
98.951048951049
97.2508591065293
96.5870307167236
90.1273885350319
85.1127819548873
83.9762611275965
77.6406035665296
76.177658142665
72.938144329897
72.5641025641026
72.1019108280256
71.7363751584285
71.2846347607054
69.6186961869619
67.3809523809525
66.9822485207101
66.6666666666667
64.5381984036489
63.8826185101581
63.5241301907969
62.8888888888889
60.9913793103449
59.8308668076111
56.4870259481039
55.4901960784314
55.2734375000001
54.9514563106797
53.8022813688213
53.0956848030019
52.6022304832714
51.268115942029
50.6261180679786
50.0000000000001
49.2173913043479
46.4696223316913
46.0912052117264
44.7784810126583
44.5669291338583
44.4270015698588
43.0091185410335
42.5563909774437
42.3019431988042
42.1130952380953
41.9881305637983
41.678939617084
41.2536443148689
41.1337209302326
41.0144927536232
40.8959537572255
40.7194244604317
39.5251396648045
39.4150417827298
39.3055555555556
39.0344827586207
38.9270976616232
38.4510869565218
38.1916329284751
37.7333333333334
36.8010403120937
36.1892583120205
35.9593392630242
35.7323232323233
35.5527638190955
35.330836454432
35.2428393524284
34.7239263803681
34.3446601941748
34.2615012106538
34.0553549939832
33.9735894357743
33.7708830548926
33.6904761904762
33.570581257414
33.3333333333334
33.0607476635514
32.9452852153667
32.6789838337183
32.5287356321839
32.4169530355098
32.3428571428572
32.1956769055746
32.0135746606335
31.941309255079
31.8335208098988
31.7620650953985
31.6909294512878
31.5848214285715
31.5144766146994
31.3399778516058
30.9628008752736
30.6608884073673
30.4301075268817
30.3322615219722
30.2673796791444
30.1384451544196
29.9154334038055
29.8208640674394
29.758149316509
29.6025104602511
29.5407098121086
29.3873312564902
29.3264248704664
28.4994964753273
28.4422110552764
28.3851554663992
28.3283283283284
28.187250996016
27.9368213228036
27.7996070726916
27.4757281553398
27.3694390715668
27.3166023166023
27.055449330784
27.0038167938932
26.9011406844107
26.8500948766604
26.6981132075472
26.547842401501
26.3992537313433
26.3011152416357
26.2037037037037
26.1552680221812
26.0110294117647
25.9633027522936
25.9157509157509
25.6340579710145
25.5415162454874
25.4954954954955
25.4496402877698
25.3130590339893
25.1779359430605
25.1332149200711
25.0886524822695
24.8245614035088
24.7810858143608
23.3498349834984
22.7126805778491
22.5677830940989
22.2135007849294
21.0879284649777
19.7625698324023
10.7522796352584
9.28477690288715
8.06727480045611
7.38517745302715
6.58752327746742
5.24074074074075
4.61212516297263
4.47218710493047
4.22640382317802
4.17158018867925
4.00622876557192
3.78342245989305
3.71586134453782
3.69258872651357
3.62820512820513
3.42781007751938
3.40799614643546
3.27546296296297
3.26337638376384
3.04956896551724
3.03387650085764
3.00297113752123
2.8760162601626
2.85282258064516
2.75077760497667
2.70038167938932
2.59728340675477
2.49119718309859
2.47724089635855
2.46344011142062
2.3902027027027
2.32119422572179
1.8520942408377
1.81970164609054
1.79751016260163
1.75123762376238
1.73237022526935
1.71723300970874
1.60795454545455
1.60503629764066
1.57642602495544
1.54341186736475
1.54072299651568
1.51434075342466
1.47395833333333
1.35848694316436
1.34199544764795
1.33793494704993
1.24035764375877
1.20159646739131
1.19188005390836
0.785412966252221
0.436512833168806
0.410954925650558
0.399807866184449
99.8251748251749
98.1099656357389
97.4402730375427
90.9235668789809
85.8646616541354
84.7181008902078
78.3264746227709
76.8506056527591
73.5824742268042
73.2051282051282
72.7388535031847
72.3700887198986
71.9143576826197
70.2337023370234
67.9761904761905
67.5739644970414
67.2555948174323
65.1083238312429
64.4469525959368
64.0852974186308
63.4444444444445
61.5301724137931
60.3594080338267
56.9860279441118
55.9803921568628
55.76171875
55.4368932038835
54.277566539924
53.5647279549719
53.0669144981413
51.7210144927536
51.0733452593918
50.4416961130742
49.6521739130435
46.88013136289
46.4983713355049
45.1740506329114
44.9606299212599
44.8194662480377
43.3890577507599
42.9323308270677
42.6756352765322
42.4851190476191
42.3590504451039
42.0471281296024
41.6180758017493
41.4970930232558
41.3768115942029
41.257225433526
41.0791366906475
39.8743016759777
39.7632311977716
39.6527777777778
39.3793103448276
39.2709766162311
38.7907608695652
38.5290148448043
38.0666666666667
37.1261378413524
36.5089514066496
36.277001270648
36.0479797979798
35.8668341708543
35.6429463171036
35.5541718555417
35.0306748466258
34.6480582524272
34.5641646489104
34.3561973525873
34.2737094837935
34.0692124105012
33.9880952380952
