28.1166666666667
26.7
27.5833333333333
27.6833333333333
27.65
27.55
27.8166666666667
27.2333333333333
27.5
27.6166666666667
27.4833333333333
27.35
27.5666666666667
27.3166666666667
27.4833333333333
27.6166666666667
27.1833333333333
27.35
27.8833333333333
27.3
27.5666666666667
28.4166666666667
27.4833333333333
26.9666666666667
27.1166666666667
26.8833333333333
27.7666666666667
26.6333333333333
27.0833333333333
27.65
27.5
27.0333333333333
27
26.9166666666667
27.3833333333333
27.0333333333333
27.6833333333333
26.9833333333333
27.5666666666667
26.9166666666667
26.8833333333333
26.9333333333333
26.9666666666667
26.85
27.3166666666667
27.8166666666667
26.9833333333333
26.7666666666667
27.1333333333333
26.7166666666667
27.5333333333333
27.15
26.8666666666667
26.85
27.55
26.8666666666667
27.45
26.9166666666667
26.9333333333333
26.7666666666667
26.8666666666667
26.8333333333333
28.05
27.0666666666667
27.15
27.4833333333333
27.3333333333333
27.05
26.9666666666667
28.1166666666667
27.1333333333333
27.45
28.2166666666667
32.8666666666667
31.25
27.4666666666667
26.8
27.2
27.3333333333333
27.7
27.25
27.4333333333333
27.55
27.15
27.65
27.0166666666667
27.4166666666667
27.35
26.9833333333333
27.5333333333333
27.3
27.2166666666667
27.1666666666667
29.5166666666667
26.1166666666667
27.3
28.0333333333333
27.8
26.1333333333333
27.4833333333333
26.8166666666667
27.5333333333333
27.4166666666667
27.6
27.1
27.9166666666667
27.2
30.5833333333333
31.8
49.9166666666667
38
27.8166666666667
27.3333333333333
27.6833333333333
27.05
27.5666666666667
27.55
28.7333333333333
27.1666666666667
27.3333333333333
27.8166666666667
28.2833333333333
28.05
27.7833333333333
27.8
27.7833333333333
27.9166666666667
27.9
27.3666666666667
27.75
27.2
27.3
29.7666666666667
30.7666666666667
30.8333333333333
30.1333333333333
30.15
29.65
30.4666666666667
29.1666666666667
27.3
28.1333333333333
27.1833333333333
27.3
27.65
27.0666666666667
27.1166666666667
27.1166666666667
27
27.1166666666667
27.5166666666667
28.7666666666667
27.4833333333333
27.6333333333333
27.2833333333333
28.2666666666667
30.9833333333333
42.7666666666667
29.9833333333333
31.95
29.7666666666667
27.8166666666667
27.8833333333333
28.3333333333333
27.6
28.6333333333333
28.0666666666667
27.7166666666667
27.9666666666667
27.2166666666667
28.4333333333333
27.7666666666667
28.1166666666667
25.8166666666667
27.85
27.3666666666667
27.9
27.6166666666667
27.4833333333333
28.1833333333333
27.85
27.35
28.0333333333333
26.75
28.1833333333333
27.7333333333333
28.2
27.7333333333333
27.7333333333333
28.1166666666667
27.4166666666667
27.6166666666667
31.6333333333333
44.1833333333333
39.6666666666667
32.5166666666667
30.95
28.5833333333333
28.4166666666667
30.4166666666667
27.95
29.45
31.3
33.4666666666667
32.9166666666667
32.9
32.6
31.2666666666667
32.6
32.7333333333333
32.95
31.3
32.5166666666667
33.2333333333333
32.0666666666667
32.6
32.5166666666667
32.8833333333333
32.75
32.15
28.5333333333333
28.7333333333333
29.45
32.05
31.6
30.2833333333333
29
29.1333333333333
29.3333333333333
28.5666666666667
30.0166666666667
28.4833333333333
28.3666666666667
27.6833333333333
27.15
27.9166666666667
28.8666666666667
29.05
27.9833333333333
28.8166666666667
28.7
28.7666666666667
29.8666666666667
29.5833333333333
29.75
28.7166666666667
25.5333333333333
26.6666666666667
25.5833333333333
27.3666666666667
27.1166666666667
27.4833333333333
27.45
27.15
28.2666666666667
28.9
28.7833333333333
27.9333333333333
25.7666666666667
24.7
23.6166666666667
27.7666666666667
27.4333333333333
26.4
27.35
27.2666666666667
27.85
28.9333333333333
28.0166666666667
24.1166666666667
25.7166666666667
27.0666666666667
27.3666666666667
27.3833333333333
27.3166666666667
27.4166666666667
27.5333333333333
27.1166666666667
27.3833333333333
28.4833333333333
28.3666666666667
26.7666666666667
23.6666666666667
27.2
27
27.55
27.4666666666667
27.2333333333333
