92.5566343042073
91.0828025477709
89.6551724137933
88.544891640867
76.4705882352943
69.5863746958639
68.0952380952382
65.1480637813213
64.5598194130927
61.904761904762
58.9690721649486
58.4867075664623
57.8947368421054
52.9629629629631
50.0000000000001
49.5667244367419
49.1408934707905
48.3925549915398
43.9324116743472
43.3333333333334
42.1207658321061
41.874084919473
40.2250351617441
39.7222222222223
39.448275862069
39.2318244170097
37.5328083989502
37.0946822308691
36.6666666666667
35.7947434292867
35.3960396039605
35.0061199510405
34.6246973365618
34.0476190476191
33.8461538461539
33.1402085747393
32.7605956471936
32.4263038548753
32.2799097065463
30.8189655172414
30.6538049303323
30.3609341825903
30.2325581395349
29.7916666666667
29.514963880289
28.9473684210527
28.8016112789527
28.0392156862746
27.3946360153257
26.9303201506592
26.829268292683
25.9057971014493
25.8122743682311
25.7194244604317
25.5813953488373
24.7833622183709
24.6977547495683
24.1146711635751
23.9932885906041
23.5584843492587
23.1017770597739
22.7707006369427
22.5196850393701
22.2049689440994
22.0338983050848
21.7987804878049
21.6666666666667
21.6012084592145
21.5037593984963
21.4392803598201
21.3751868460389
21.2166172106825
20.9985315712188
20.8454810495627
20.7848837209303
20.5164992826399
20.4577968526467
20.3703703703704
20.3125
20.2549575070822
20.112517580872
20.0561009817672
19.9720670391062
19.8060941828255
19.6698762035764
19.429347826087
19.3504736129906
18.9403973509934
18.89035667107
18.7664041994751
18.668407310705
18.5955786736021
18.4993531694696
18.3804627249358
18.0555555555556
17.852684144819
17.8082191780822
17.6980198019802
17.4603174603175
17.396593673966
17.2496984318456
17.2081829121541
16.7447306791569
16.7056074766355
16.512702078522
16.3428571428572
16.2684869169511
16.2131519274377
16.0854893138358
15.6455142231948
15.5266015200869
15.4427645788337
15.4094827586207
15.2941176470588
15.068493150685
14.9269311064718
14.8958333333334
14.7574819401445
14.3430290872618
14.2714570858284
14.2430278884462
14.0196078431373
13.645038167939
13.5673624288425
13.1192660550459
13.0474452554745
13.0236794171221
12.9528985507247
12.7906976744186
12.5880281690141
12.5659050966608
12.5
12.4564459930314
12.3916811091855
11.7598684210527
11.5508885298869
11.5136876006441
9.98603351955309
6.31625441696114
5.16618497109828
3.77906976744187
1.51740237691002
1.31240822320118
1.10203452527744
0.983223322332235
0.892857142857144
0.65910766961652
99.1539763113366
90.0153609831028
88.7878787878787
86.3033873343151
85.7979502196193
82.4191279887482
81.3888888888888
80.8275862068965
80.3840877914951
76.9028871391075
76.0051880674448
75.1282051282051
73.3416770963704
72.5247524752475
71.7258261933904
70.9443099273607
69.7619047619047
69.3491124260354
67.9026651216685
67.1248568155784
66.4399092970521
66.1399548532731
63.1465517241379
62.8081457663451
62.208067940552
61.9450317124735
61.0416666666666
60.4747162022703
59.3117408906882
59.0130916414904
57.4509803921568
56.1302681992337
55.1789077212805
54.9718574108818
53.0797101449275
52.8880866425992
52.6978417266187
52.4150268336314
50.7798960138648
50.6044905008635
49.4097807757166
49.1610738255033
48.2701812191103
47.3344103392568
46.656050955414
46.1417322834645
45.4968944099378
45.1463790446841
44.6646341463414
44.3939393939394
44.2598187311178
44.0601503759398
43.928035982009
43.796711509716
43.4718100890207
43.0249632892804
42.7113702623906
42.5872093023255
42.0373027259684
41.9170243204578
41.7378917378917
41.6193181818181
41.5014164305949
41.2095639943741
41.09396914446
40.9217877094972
40.5817174515235
40.302613480055
39.8097826086956
39.6481732070365
38.8079470198675
38.7054161162483
38.4514435695538
38.2506527415143
38.1014304291287
37.9042690815006
37.6606683804627
36.9949494949495
36.5792759051186
36.4881693648817
36.2623762376237
35.7753357753357
35.6447688564477
35.3437876960193
35.2587244283995
34.3091334894613
34.2289719626168
33.8337182448037
33.4857142857143
33.3333333333333
33.219954648526
32.9583802024747
32.0568927789934
31.8132464712269
31.6414686825054
31.5732758620689
31.3368983957219
30.8746048472076
30.5845511482254
30.5208333333333
30.2373581011352
29.3881644934804
29.2415169660678
29.1832669322709
28.7254901960784
27.9580152671755
27.7988614800759
26.8807339449541
26.7335766423357
26.6848816029144
26.5398550724637
26.2075134168157
25.7922535211267
25.7469244288225
25.6118881118881
25.5226480836237
25.3899480069324
24.0953947368421
23.6672051696284
23.5909822866344
