24.6666666666667
27.0333333333333
27.6333333333333
25.3666666666667
26.7
29.4
29.1
31.3666666666667
25.5
26.2333333333333
23.7333333333333
22.8666666666667
22.9
25.2333333333333
27.7333333333333
32.7666666666667
34.5666666666667
36.6666666666667
36.7333333333333
37.5333333333333
33.7333333333333
37.0666666666667
35.7333333333333
36.2333333333333
32.8
36.8333333333333
34.7666666666667
33.3
31.8666666666667
34.9
37.3333333333333
35.8666666666667
33.4666666666667
30.7
31.2
34.3333333333333
32.6
38.1
30.2
31.5666666666667
30.4333333333333
36.7666666666667
31.8333333333333
35.7
37.8666666666667
30.2666666666667
30.3666666666667
38.4333333333333
37.3
32.8666666666667
37.3
34.8666666666667
33.0666666666667
39.2333333333333
35.4333333333333
34.8666666666667
32.0666666666667
35.1666666666667
32.0666666666667
39.8333333333333
39.7666666666667
36.5333333333333
36.6666666666667
40.4333333333333
37.9333333333333
47.1666666666667
42.8666666666667
39.7
43.5666666666667
37.8
38.9
35.3333333333333
40.4
41.8333333333333
41.0333333333333
38.8333333333333
33.6666666666667
28.5
28.5333333333333
27
27.4
28.8333333333333
36.5666666666667
28.7333333333333
26.8666666666667
30.6666666666667
33.5
28.1666666666667
28.9333333333333
31.7
28.0333333333333
29.0333333333333
29.5333333333333
26.5666666666667
27.1
29.4666666666667
26.3333333333333
26.8666666666667
28
32.6666666666667
26.0333333333333
26.7666666666667
27.1666666666667
27.9666666666667
33.8666666666667
30.5666666666667
27.7
29.1333333333333
28.4333333333333
24.6
28.3333333333333
27.7
26.9
31.6333333333333
30.9333333333333
27.9
26.6666666666667
24.9
25.7333333333333
29.7
24.4333333333333
31.0666666666667
22.7
27.4333333333333
26.0666666666667
26.2333333333333
24.7
22.4333333333333
24.4666666666667
25.3333333333333
23.6666666666667
24.5666666666667
29.4333333333333
31.5
23.6333333333333
28.7
32.8666666666667
27.7666666666667
27.7333333333333
29.2
36.6666666666667
25.5333333333333
26.2333333333333
24.4
30.1333333333333
27.8333333333333
24.0333333333333
24.7666666666667
26.2
28.6
21.8
23.5333333333333
23.9666666666667
23.5
25.4333333333333
23.5333333333333
26.3333333333333
30.9666666666667
22
22.2666666666667
25.6333333333333
22.3333333333333
23.4
23
21.4333333333333
22.9666666666667
23.9
22.1
21.9333333333333
21.0333333333333
22.8333333333333
22
24.8666666666667
32.3333333333333
36.9
24.5
28.8666666666667
21.9333333333333
26.4
25.3
31.8
26.8
35.7
31.3
32.0333333333333
24.6
27.8333333333333
26.8333333333333
31.5666666666667
24.9666666666667
28.3
24.7
28.6333333333333
24.0333333333333
25.1666666666667
29.3666666666667
28.7333333333333
22.8666666666667
26.2333333333333
32.1
28.6333333333333
24.0333333333333
22.6333333333333
23.4333333333333
25.1666666666667
24.3666666666667
24.5666666666667
25.0333333333333
26.5
24.9
27.7
27.6333333333333
36.2333333333333
32.3333333333333
38.9
46.1
25.5
29.7333333333333
27.7
26.0333333333333
32.1
39.3333333333333
31.5666666666667
33.9666666666667
32.6666666666667
24.7333333333333
24.5333333333333
36.7666666666667
33.8333333333333
39.6
34.4666666666667
30.5
29.0666666666667
33.2333333333333
29.3666666666667
23.9666666666667
33.9
36.9666666666667
32.4333333333333
34.9333333333333
39.1666666666667
52.4666666666667
59.3666666666667
50.1666666666667
61.3333333333333
30.2666666666667
34.1666666666667
24.8666666666667
31.9333333333333
34.8333333333333
35.8
29.5666666666667
29.2333333333333
31.6
32.7666666666667
30.7666666666667
33.6333333333333
47.4
37.3
39.8333333333333
44.9666666666667
51.7333333333333
35.1
35.7666666666667
60.0666666666667
43.3333333333333
44.8333333333333
41.7666666666667
40.7
40.3666666666667
46.0666666666667
43.2666666666667
48.6666666666667
40.1
43.9
38.3333333333333
41.1666666666667
41.2333333333333
39.6
40.5666666666667
39.3666666666667
35.6666666666667
41.9
45.6333333333333
38.2
36.8666666666667
39.2666666666667
36.6333333333333
