0
0
0
0
0
0
24.5664739884393
25.5780346820809
26.3005780346821
26.8063583815029
29.0462427745664
29.5520231213873
30.4913294797688
30.635838150289
31.1416184971098
32.5867052023122
32.8757225433526
33.0202312138728
33.5982658959537
33.5982658959537
33.742774566474
33.742774566474
33.8150289017341
34.6098265895954
34.6098265895954
34.6098265895954
34.8988439306359
35.2601156069364
35.2601156069364
35.621387283237
35.7658959537573
35.8381502890173
36.3439306358382
36.3439306358382
36.6329479768786
36.7774566473988
37.1387283236994
37.2832369942197
37.6445086705202
37.7890173410405
38.0780346820809
38.2225433526011
38.3670520231214
38.4393063583815
38.728323699422
39.4508670520231
39.8843930635838
40.1011560693642
40.3901734104046
40.6069364161849
40.7514450867052
40.8236994219653
41.257225433526
41.4017341040462
41.4739884393064
41.7630057803468
42.1242774566474
42.1965317919075
42.2687861271676
42.485549132948
43.7138728323699
44.1473988439307
44.1473988439307
45.1589595375722
45.3757225433526
46.242774566474
46.3872832369942
47.3265895953757
47.4710982658959
47.543352601156
47.8323699421966
47.9046242774567
47.9768786127168
49.1329479768786
49.2052023121387
49.349710982659
49.5664739884393
49.7832369942196
50.7947976878613
53.8294797687861
53.9017341040462
54.1184971098266
54.4797687861271
55.635838150289
57.0086705202312
58.0202312138729
58.164739884393
58.9595375722543
68.3526011560693
71.6040462427746
72.9768786127167
74.4219653179191
83.8150289017341
96.3872832369944
97.1098265895954
99.85549132948
0
0
0
0
0
0
19.3842645381984
20.1824401368301
20.7525655644242
21.15165336374
22.9190421892816
23.3181299885975
24.0592930444698
24.1733181299886
24.5724059293045
25.7126567844926
25.9407069555302
26.054732041049
26.5108323831243
26.5108323831243
26.6248574686431
26.6248574686431
26.6818700114025
27.309007981756
27.309007981756
27.309007981756
27.5370581527936
27.8221208665906
27.8221208665906
28.1071835803877
28.2212086659065
28.2782212086659
28.6773090079818
28.6773090079818
28.9053591790194
29.0193842645382
29.3044469783352
29.418472063854
29.7035347776511
29.8175598631699
30.0456100342075
30.1596351197263
30.2736602052452
30.3306727480046
30.5587229190422
31.1288483466362
31.4709236031927
31.6419612314709
31.8700114025086
32.0410490307867
32.1550741163056
32.212086659065
32.5541619156214
32.6681870011402
32.7251995438997
32.9532497149373
33.2383124287343
33.2953249714937
33.3523375142531
33.5233751425314
34.4925883694413
34.8346636259977
34.8346636259977
35.6328392246294
35.8038768529076
36.4880273660205
36.6020524515393
37.3432155074116
37.4572405929304
37.5142531356898
37.7423033067275
37.7993158494869
37.8563283922463
38.7685290763968
38.8255416191562
38.939566704675
39.1106043329533
39.2816419612315
40.0798175598632
42.4743443557583
42.5313568985176
42.7023945267959
42.9874572405929
43.8996579247434
44.9828962371722
45.7810718358039
45.8950969213227
46.5222348916762
53.9338654503991
56.4994298745724
57.5826681870011
58.7229190421893
66.1345496009122
76.0547320410492
76.6248574686431
78.7913340935007
79.247434435576
85.8608893956669
86.3169897377421
91.6761687571266
92.0182440136832
0
0
0
0
0
0
18.7431091510474
19.5148842337376
20.0661521499449
20.45203969129
22.1609702315325
22.5468577728776
23.2635060639471
23.3737596471885
23.7596471885336
24.8621830209482
25.0826901874311
25.1929437706725
25.6339581036384
25.6339581036384
25.7442116868798
25.7442116868798
25.7993384785005
26.4057331863286
26.4057331863286
26.4057331863286
26.6262403528115
26.9018743109151
26.9018743109151
27.1775082690187
27.2877618522602
27.3428886438809
27.728776185226
27.728776185226
27.9492833517089
28.0595369349504
28.335170893054
28.4454244762955
28.7210584343991
28.8313120176406
29.0518191841235
29.1620727673649
29.2723263506064
29.3274531422271
29.54796030871
30.0992282249173
30.4299889746417
30.5953693495039
30.8158765159868
30.9812568908489
31.0915104740904
31.1466372657111
31.4773980154355
31.5876515986769
31.6427783902977
31.8632855567806
32.1389195148842
32.194046306505
32.2491730981257
32.4145534729879
33.3517089305402
33.6824696802646
33.6824696802646
34.4542447629548
34.619625137817
35.2811466372657
35.3914002205071
36.1080485115766
36.2183020948181
36.2734288864388
36.4939360529217
36.5490628445425
36.6041896361632
37.4862183020948
37.5413450937155
37.651598676957
37.8169790518192
37.9823594266814
38.7541345093716
41.0694597574421
41.1245865490628
41.289966923925
41.5656008820286
42.4476295479603
43.4950385887541
44.2668136714443
44.3770672546858
44.9834619625138
52.1499448732083
54.6306504961411
55.6780595369349
