78.740157480315
78.125
76.6283524904215
74.0740740740741
73.394495412844
72.8597449908925
72.202166064982
71.0479573712256
64.2054574638844
59.7907324364723
55.5555555555556
54.8696844993141
54.127198917456
53.835800807537
52.8401585204756
51.8806744487678
51.2820512820513
50.3778337531486
49.5049504950495
49.2004920049201
48.9596083231334
48.4261501210654
46.3499420625724
46.0829493087558
45.8190148911798
45.1467268623025
44.6428571428571
44.4444444444444
43.3369447453954
42.6894343649947
42.4628450106157
42.0609884332282
40.281973816717
40.1203610832497
39.9201596806387
39.7614314115308
39.5647873392681
39.3700787401575
38.6847195357834
38.5356454720617
38.1679389312977
38.0228136882129
37.8071833648393
37.5234521575985
35.778175313059
35.5239786856128
35.0877192982456
34.7826086956522
34.6620450606586
34.5423143350604
33.955857385399
33.3333333333333
32.9489291598023
32.4675324675325
32.3101777059774
31.9488817891374
31.6455696202532
31.2989045383412
31.1526479750779
31.055900621118
30.4878048780488
30.3030303030303
30.2114803625378
29.8953662182362
29.1545189504373
28.9017341040462
28.7769784172662
28.6944045911047
28.328611898017
28.2087447108604
27.1739130434783
27.063599458728
26.9179004037685
26.8096514745308
26.6666666666667
26.4900662251656
26.1780104712042
25.5754475703325
25.4129606099111
25.2525252525253
25.1889168765743
24.906600249066
24.6913580246914
24.4798041615667
24.4200244200244
24.330900243309
24.2718446601942
23.8663484486874
23.7247924080664
23.5571260306243
23.4741784037559
23.4192037470726
22.9885057471264
22.8571428571429
22.8050171037628
22.7531285551763
22.6757369614512
22.1483942414175
22.0994475138122
22.0507166482911
22.002200220022
21.7155266015201
21.5982721382289
21.551724137931
21.4362272240086
21.2314225053079
21.1416490486258
21.0304942166141
20.8768267223382
20.7253886010363
20.6398348813209
20.3873598369011
20.2839756592292
20.2020202020202
20.1409869083585
20.1005025125628
20.02002002002
19.9203187250996
19.6463654223969
19.5503421309873
19.53125
19.3423597678917
19.1938579654511
19.1570881226054
19.0114068441065
18.8679245283019
18.5873605947955
18.4842883548983
18.3150183150183
18.2815356489945
18.2481751824818
18.0831826401447
17.9856115107914
17.825311942959
17.636684303351
17.5131348511384
17.3611111111111
17.3010380622837
17.1821305841924
17.1232876712329
17.0357751277683
16.9779286926995
16.8634064080944
16.4203612479475
15.9235668789809
14.4508670520231
10.8342361863489
8.66551126516464
8.48896434634974
7.34214390602056
5.21920668058455
3.11720698254364
1.13636363636364
0.993640699523052
95.4724409448818
94.7265624999999
92.911877394636
89.8148148148148
88.9908256880733
88.3424408014571
87.5451263537906
86.145648312611
77.8491171749598
72.4962630792227
67.3611111111111
66.5294924554183
65.6292286874154
65.2759084791386
64.0686922060766
62.905317769131
62.1794871794871
61.0831234256927
60.0247524752475
59.6555965559655
59.3635250917992
58.7167070217917
56.199304750869
55.8755760368663
55.5555555555555
54.7404063205417
54.1294642857143
53.8888888888889
52.546045503792
51.760939167556
51.4861995753715
50.9989484752891
48.8418932527694
48.6459378134403
48.4031936127744
48.2107355864811
47.9723046488625
47.7362204724409
46.9052224371373
46.7244701348747
46.2786259541984
46.1026615969581
45.8412098298676
45.4971857410882
43.3810375670841
43.0728241563055
42.5438596491228
42.1739130434782
42.0277296360485
41.8825561312608
41.1714770797962
40.4166666666666
39.9505766062603
39.3668831168831
39.1760904684976
38.738019169329
38.3702531645569
37.9499217527386
37.7725856697819
37.6552795031056
36.9664634146341
36.7424242424242
36.631419939577
36.2481315396113
35.3498542274052
35.043352601156
34.8920863309352
34.7919655667145
34.3484419263456
34.2031029619182
32.9483695652174
32.8146143437077
32.6379542395693
32.5067024128686
32.3333333333333
32.1192052980132
31.7408376963351
31.0102301790281
30.8132147395171
30.6186868686869
30.5415617128463
30.1992528019925
29.9382716049383
29.6817625458996
29.6092796092796
29.5012165450121
29.4296116504854
28.9379474940334
28.7663107947805
28.5630153121319
28.462441314554
28.3957845433255
27.8735632183908
27.7142857142857
27.6510832383124
27.5881683731513
27.4943310657596
26.8549280177187
26.7955801104972
26.7364939360529
26.6776677667767
26.3300760043431
26.1879049676026
26.1314655172414
25.9914255091104
25.7430997876858
25.6342494714588
25.4994742376446
25.3131524008351
25.1295336787565
25.0257997936016
24.7196738022426
24.5943204868154
24.4949494949495
24.4209466263847
24.3718592964824
24.2742742742743
24.1533864541833
23.8212180746562
23.7047898338221
23.681640625
23.4526112185686
23.2725527831094
23.227969348659
23.0513307984791
22.877358490566
22.5371747211896
22.4121996303142
22.2069597069597
22.1663619744058
22.1259124087591
21.9258589511754
21.8075539568345
21.6131907308378
