0
0
0
0
47.6377952755905
47.9330708661418
48.3267716535433
50.0984251968504
52.1653543307086
52.6574803149607
53.4448818897638
53.8385826771654
54.0354330708661
55.1181102362205
55.7086614173229
56.5944881889764
56.7913385826771
57.1850393700787
57.8740157480315
57.9724409448819
58.1692913385827
58.6614173228346
59.1535433070866
60.0393700787401
60.3346456692913
61.0236220472441
61.0236220472441
61.4173228346457
62.5
62.7952755905512
62.7952755905512
62.992125984252
62.992125984252
63.2874015748032
63.2874015748032
63.7795275590551
64.3700787401575
64.3700787401575
64.9606299212598
65.5511811023622
66.3385826771653
66.5354330708661
69.0944881889764
69.8818897637796
71.3582677165354
72.8346456692913
73.6220472440945
74.7047244094488
74.8031496062992
75.6889763779527
76.4763779527559
77.1653543307087
80.0196850393701
80.511811023622
80.7086614173228
83.3661417322835
0
0
29.1215403128761
29.3020457280385
29.5427196149218
30.6257521058965
31.8892900120337
32.1901323706378
32.6714801444043
32.9121540312876
33.0324909747292
33.6943441636582
34.0553549939832
34.5968712394705
34.7172081829121
34.9578820697954
35.3790613718412
35.439229843562
35.5595667870036
35.8604091456077
36.1612515042118
36.7027677496991
36.8832731648616
37.3044524669073
37.3044524669073
37.5451263537906
38.2069795427196
38.3874849578821
38.3874849578821
38.5078219013237
38.5078219013237
38.6883273164862
38.6883273164862
38.9891696750903
39.3501805054152
39.3501805054152
39.7111913357401
40.0722021660649
40.5535499398315
40.6738868832732
42.2382671480145
42.719614921781
43.6221419975933
44.5246690734055
45.0060168471721
45.6678700361011
45.7280385078219
46.2695547533093
46.7509025270758
47.1720818291215
48.9169675090253
49.2178098676293
49.338146811071
50.9626955475331
64.3802647412757
68.5920577617325
79.1817087845966
91.2154031287608
0
0
28.5041224970554
28.6808009422851
28.9163722025913
29.9764428739694
31.2131919905771
31.50765606596
31.9787985865724
32.2143698468787
32.3321554770318
32.979976442874
33.3333333333334
33.8633686690224
33.9811542991755
34.2167255594817
34.6289752650177
34.6878680800942
34.8056537102474
35.1001177856302
35.3945818610129
35.924617196702
36.1012956419317
36.5135453474676
36.5135453474676
36.7491166077738
37.396937573616
37.5736160188457
37.5736160188457
37.6914016489988
37.6914016489988
37.8680800942285
37.8680800942285
38.1625441696113
38.5159010600707
38.5159010600707
38.86925795053
39.2226148409894
39.6937573616018
39.811542991755
41.3427561837456
41.8138987043581
42.6972909305065
43.5806831566549
44.0518256772674
44.6996466431096
44.7585394581861
45.2885747938751
45.7597173144876
46.1719670200236
47.8798586572438
48.1743227326266
48.2921083627797
49.8822143698469
63.0153121319201
67.1378091872788
77.5029446407535
89.2815076560663
0
0
27.594070695553
27.7651083238313
27.9931584948689
29.0193842645382
30.2166476624857
30.5017103762828
30.9578107183581
31.1858608893957
31.2998859749145
31.927023945268
32.2690992018244
32.7822120866591
32.8962371721779
33.1242873432155
33.5233751425314
33.5803876852908
33.6944127708096
33.9794754846066
34.2645381984036
34.7776510832383
34.9486887115165
35.3477765108324
35.3477765108324
35.57582668187
36.2029646522235
36.3740022805017
36.3740022805017
36.4880273660205
36.4880273660205
36.6590649942988
36.6590649942988
36.9441277080958
37.2862029646523
37.2862029646523
37.6282782212087
37.9703534777651
38.4264538198403
38.5404789053592
40.0228050171038
40.4789053591791
41.3340935005701
42.1892816419612
42.6453819840365
43.27251995439
43.3295324971494
43.842645381984
44.2987457240593
44.6978335233751
46.3511972633979
46.6362599771949
46.7502850627138
48.2896237172178
61.0034207525657
64.9942987457238
75.0285062713794
86.4310148232614
0
0
26.2188515709642
26.3813651137595
26.5980498374865
27.5731310942578
28.7107258938245
28.9815817984832
29.4149512459372
29.6316359696641
29.7399783315276
30.3358613217768
30.6608884073673
31.148429035753
31.2567713976165
31.4734561213434
31.8526543878657
31.9068255687974
32.0151679306609
32.2860238353196
32.5568797399783
33.044420368364
33.2069339111593
33.5861321776815
33.5861321776815
33.8028169014084
34.3986998916576
34.5612134344529
34.5612134344529
34.6695557963164
34.6695557963164
34.8320693391116
34.8320693391116
35.1029252437703
35.4279523293608
35.4279523293608
35.7529794149512
36.0780065005417
36.5113759479956
36.6197183098592
38.0281690140845
38.4615384615385
39.2741061755146
40.0866738894908
40.5200433369447
41.1159263271939
41.1700975081257
41.6576381365114
42.0910075839653
42.4702058504875
44.0411700975081
44.3120260021668
44.4203683640303
45.8829902491874
57.9631635969666
61.7551462621882
71.2892741061752
82.1235102925247
