0
0
0
0
0
0
34.251968503937
36.5157480314961
36.8110236220473
37.3031496062992
38.8779527559055
38.9763779527559
39.1732283464567
39.6653543307087
40.0590551181103
40.1574803149606
40.3543307086614
41.6338582677166
42.0275590551181
42.1259842519685
42.3228346456693
42.4212598425197
42.5196850393701
42.9133858267717
43.1102362204725
43.2086614173229
43.7007874015748
43.996062992126
44.0944881889764
44.3897637795276
44.3897637795276
44.5866141732283
44.6850393700788
45.0787401574803
45.5708661417323
45.5708661417323
45.9645669291339
45.9645669291339
46.1614173228346
46.5551181102362
47.3425196850393
47.6377952755905
47.6377952755905
47.8346456692914
47.8346456692914
48.5236220472441
48.6220472440945
49.2125984251969
49.4094488188977
49.6062992125984
50.0984251968504
50.2952755905512
50.7874015748031
50.984251968504
51.1811023622047
51.6732283464567
52.0669291338582
53.7401574803149
53.7401574803149
54.4291338582677
55.4133858267717
55.7086614173229
56.988188976378
58.759842519685
59.251968503937
59.6456692913386
59.6456692913386
71.1614173228347
82.6771653543307
89.5669291338583
0
0
0
25.1445086705202
26.8063583815029
27.0231213872833
27.3843930635838
28.5404624277457
28.6127167630058
28.757225433526
29.1184971098266
29.4075144508671
29.4797687861272
29.6242774566474
30.5635838150289
30.8526011560694
30.9248554913295
31.0693641618497
31.1416184971098
31.2138728323699
31.5028901734104
31.6473988439307
31.7196531791908
32.0809248554913
32.2976878612717
32.3699421965318
32.5867052023122
32.5867052023122
32.7312138728323
32.8034682080925
33.0924855491329
33.4537572254335
33.4537572254335
33.742774566474
33.742774566474
33.8872832369942
34.1763005780347
34.7543352601156
34.971098265896
34.971098265896
35.1156069364162
35.1156069364162
35.621387283237
35.6936416184971
36.1271676300578
36.2716763005781
36.4161849710983
36.7774566473988
36.9219653179191
37.2832369942197
37.4277456647399
37.5722543352601
37.9335260115607
38.2225433526011
39.4508670520231
39.4508670520231
39.9566473988439
40.6791907514451
40.8959537572255
41.835260115607
43.135838150289
43.4971098265896
43.7861271676301
43.7861271676301
52.2398843930636
60.6936416184971
65.7514450867052
81.9364161849713
89.3063583815025
94.5086705202316
95.2312138728326
97.6878612716763
0
0
0
22.1656050955414
23.6305732484077
23.8216560509554
24.140127388535
25.1592356687898
25.2229299363057
25.3503184713376
25.6687898089172
25.9235668789809
25.9872611464968
26.1146496815286
26.9426751592357
27.1974522292994
27.2611464968153
27.3885350318472
27.4522292993631
27.515923566879
27.7707006369427
27.8980891719746
27.9617834394905
28.2802547770701
28.4713375796178
28.5350318471338
28.7261146496815
28.7261146496815
28.8535031847134
28.9171974522293
29.171974522293
29.4904458598726
29.4904458598726
29.7452229299363
29.7452229299363
29.8726114649681
30.1273885350318
30.6369426751592
30.828025477707
30.828025477707
30.9554140127389
30.9554140127389
31.4012738853503
31.4649681528663
31.8471337579618
31.9745222929937
32.1019108280255
32.4203821656051
32.547770700637
32.8662420382166
32.9936305732484
33.1210191082803
33.4394904458599
33.6942675159236
34.7770700636942
34.7770700636942
35.2229299363057
35.859872611465
36.0509554140128
36.8789808917198
38.0254777070064
38.3439490445859
38.5987261146497
38.5987261146497
46.0509554140127
53.5031847133758
57.9617834394905
72.2292993630575
78.7261146496812
83.3121019108284
83.9490445859874
86.1146496815287
91.9745222929933
91.9745222929933
0
0
0
17.1259842519685
18.257874015748
18.4055118110236
18.6515748031496
19.4389763779528
19.488188976378
19.5866141732284
19.8326771653543
20.0295275590551
20.0787401574803
20.1771653543307
20.8169291338583
21.0137795275591
21.0629921259843
21.1614173228347
21.2106299212599
21.259842519685
21.4566929133858
21.5551181102362
21.6043307086614
21.8503937007874
21.998031496063
22.0472440944882
22.1948818897638
22.1948818897638
22.2933070866142
22.3425196850394
22.5393700787401
22.7854330708662
22.7854330708662
22.9822834645669
22.9822834645669
23.0807086614173
23.2775590551181
23.6712598425197
23.8188976377953
23.8188976377953
23.9173228346457
23.9173228346457
24.261811023622
24.3110236220473
24.6062992125984
24.7047244094488
24.8031496062992
25.0492125984252
25.1476377952756
25.3937007874016
25.492125984252
25.5905511811024
25.8366141732283
26.0334645669291
26.8700787401575
26.8700787401575
27.2145669291338
27.7066929133858
27.8543307086614
28.494094488189
29.3799212598425
29.6259842519685
29.8228346456693
29.8228346456693
35.5807086614173
41.3385826771654
44.7834645669292
55.8070866141734
60.8267716535431
64.3700787401577
64.8622047244096
66.5354330708661
