0
0
0
0
0
0
0
0
0
0
0
0
32.51312
33.23491
33.33333
33.79265
35.23622
36.02362
37.86089
38.58268
38.77953
39.10761
39.17323
39.30446
39.50131
40.35433
40.6168
41.07612
41.14173
41.14173
41.27297
41.66667
41.66667
41.7979
41.86352
41.92913
41.92913
41.99475
42.06037
42.1916
42.32283
42.32283
42.32283
42.32283
42.45407
42.51969
42.51969
42.51969
42.5853
42.65092
42.65092
42.65092
42.71654
42.78215
42.84777
42.84777
42.91339
42.979
42.979
43.04462
43.04462
43.24147
43.24147
43.24147
43.50394
43.50394
43.56955
43.70079
43.89764
43.89764
43.96325
43.96325
44.02887
44.09449
44.09449
44.09449
44.09449
44.1601
44.1601
44.1601
44.29134
44.35696
44.55381
44.55381
44.61942
44.75066
44.81627
44.88189
44.88189
44.94751
45.01312
45.07874
45.20997
45.20997
45.20997
45.20997
45.27559
45.27559
45.27559
45.34121
45.40682
45.47244
45.47244
45.53806
45.53806
45.60367
45.73491
45.73491
45.86614
45.99738
45.99738
46.06299
46.12861
46.12861
46.19423
46.19423
46.25984
46.25984
46.32546
46.32546
46.32546
46.39108
46.39108
46.45669
46.45669
46.52231
46.58793
46.65354
46.65354
46.65354
46.65354
46.65354
46.65354
46.71916
46.71916
46.71916
46.71916
46.71916
46.71916
46.71916
46.78478
46.78478
46.85039
46.85039
46.85039
46.85039
46.85039
46.98163
46.98163
47.04724
47.04724
47.04724
47.04724
47.04724
47.11286
47.11286
47.11286
47.17848
47.17848
47.17848
47.17848
47.24409
47.24409
47.24409
47.24409
47.30971
47.30971
47.37533
47.37533
47.44094
47.50656
47.50656
47.50656
47.50656
47.50656
47.57218
47.57218
47.6378
47.6378
47.70341
47.70341
47.70341
47.70341
47.76903
47.76903
47.76903
47.76903
47.76903
47.76903
47.76903
47.83465
47.83465
47.83465
47.83465
47.83465
47.83465
47.90026
47.90026
47.96588
47.96588
47.96588
47.96588
48.0315
48.0315
48.0315
48.0315
48.0315
48.09711
48.09711
48.09711
48.16273
48.16273
48.22835
48.22835
48.22835
48.29396
48.29396
48.29396
48.35958
48.35958
48.35958
48.35958
48.4252
48.49081
48.49081
48.49081
48.49081
48.55643
48.55643
48.62205
48.62205
48.62205
48.62205
48.62205
48.62205
48.68766
48.68766
48.68766
48.75328
48.75328
48.8189
48.8189
48.88451
48.88451
48.95013
48.95013
48.95013
49.01575
49.01575
49.01575
49.01575
49.08136
49.08136
49.08136
49.08136
49.08136
49.08136
49.14698
49.2126
49.2126
49.2126
49.2126
49.2126
49.27822
49.27822
49.27822
49.27822
49.27822
49.34383
49.34383
49.34383
49.34383
49.40945
49.40945
49.40945
49.40945
49.47507
49.47507
49.47507
49.54068
49.6063
49.6063
49.6063
49.67192
49.67192
49.67192
49.67192
49.67192
