66.8518518518518
65.1624548736462
63.1118881118881
62.5649913344887
57.9454253611557
56.6718995290423
55.453149001536
55.030487804878
53.1664212076583
52.4709302325581
51.793400286944
49.7931034482758
48.5868102288021
48.2620320855615
48.0053191489361
46.520618556701
45.9872611464968
44.9564134495641
44.6782178217821
43.7046004842615
43.4416365824308
42.9761904761904
42.7218934911242
42.5206124852768
42.0256111757858
40.1111111111111
39.8895027624309
39.7139713971397
39.1115926327194
38.9008620689655
38.3227176220806
37.7615062761506
37.6041666666666
37.0636550308008
36.7243133265513
36.2086258776329
35.8846918489065
35.7072205736894
35.3921568627451
34.7784200385356
34.3155893536121
34.1209829867675
32.5812274368231
32.0603907637655
31.8904593639576
31.6666666666666
31.3913043478261
31.174438687392
31.0137457044673
30.8020477815699
30.5414551607445
29.6387520525451
29.4934640522876
29.1599353796446
28.9727126805778
28.8338658146965
28.7420382165605
28.6507936507936
28.5601265822785
28.3359497645212
28.2472613458529
28.1152647975078
27.8120184899846
27.726574500768
27.6416539050536
27.515243902439
27.3484848484848
27.1428571428571
26.9805680119581
26.3119533527697
25.896700143472
25.8226037195994
25.7122507122507
25.6392045454545
25.5665722379603
25.3867791842475
25
24.828060522696
24.7599451303155
24.2934051144011
24.1957104557641
23.6256544502618
23.1410256410256
22.9936305732484
22.9351969504447
22.8770595690748
22.790404040404
22.3391089108911
22.2839506172839
22.1472392638037
21.6686674669868
21.310507674144
21.0864485981308
20.7471264367816
20.6758304696449
19.9889258028793
19.9447513812155
19.7483588621444
19.6409140369967
19.4504310344827
19.3461950696677
19.2636072572038
19.1613588110403
18.8807531380753
18.8413361169102
18.8020833333333
18.5318275154004
18.1407035175879
18.0139720558882
17.9780876494024
17.765748031496
17.7308447937131
17.6960784313725
17.626953125
17.5583657587548
17.1577946768061
17.1252371916508
17.0604914933837
16.9642857142857
16.9324577861163
16.9007490636704
16.8063314711359
16.775092936803
16.5596330275229
16.4990859232175
16.4689781021898
16.2612612612612
16.1160714285714
16.05871886121
15.8333333333333
15.6141868512111
15.587219343696
15.5335628227194
15.4537671232877
15.3747870528109
15.3225806451613
15.0919732441471
15.0416666666667
14.8927392739274
14.5330112721417
14.3939393939394
14.3710191082802
14.2800632911392
14.2350157728707
9.54016913319238
8.49811676082862
6.52095375722543
5.58477722772277
5.50976800976801
4.94791666666666
1.96537456445993
80.7407407407407
78.7003610108303
76.2237762237762
75.5632582322357
69.983948635634
68.4458398744113
66.973886328725
66.4634146341463
64.2120765832106
63.3720930232558
62.5538020086083
60.1379310344828
58.6810228802153
58.2887700534759
57.9787234042553
56.1855670103093
55.5414012738853
54.2963885429639
53.960396039604
52.7845036319613
52.4669073405535
51.9047619047619
51.5976331360947
51.3545347467609
50.7566938300349
48.4444444444444
48.1767955801105
47.964796479648
47.237269772481
46.9827586206897
46.2845010615711
45.6066945606695
45.4166666666667
44.7638603696099
44.354018311292
43.7311935807422
43.3399602385686
43.1256181998022
42.7450980392157
42.0038535645472
41.4448669201521
41.2098298676749
39.3501805054152
38.7211367673179
38.5159010600707
38.2456140350877
37.9130434782609
37.6511226252159
37.4570446735395
37.2013651877133
36.8866328257191
35.7963875205254
35.6209150326797
35.2180936995153
34.991974317817
34.8242811501597
34.7133757961783
34.6031746031746
34.4936708860759
34.2229199372057
34.1158059467919
33.9563862928349
33.5901386748844
33.4869431643625
33.3843797856049
33.2317073170732
33.030303030303
32.781954887218
32.5859491778774
31.7784256559767
31.2769010043042
31.1874105865522
31.0541310541311
30.9659090909091
30.8781869688385
30.6610407876231
30.1939058171745
29.9862448418157
29.9039780521262
29.3405114401077
29.2225201072386
28.5340314136126
27.9487179487179
27.7707006369427
27.700127064803
27.6299112801014
27.5252525252525
26.980198019802
26.9135802469136
26.7484662576687
26.1704681872749
25.7378984651712
25.4672897196262
25.0574712643678
24.971363115693
24.1417497231451
24.0883977900553
23.8512035010941
23.721436343852
23.4913793103448
23.3654876741693
23.2657417289221
23.1422505307856
22.8033472803347
22.7557411273486
22.7083333333333
22.3819301848049
21.9095477386935
21.7564870259481
21.7131474103586
21.4566929133858
21.4145383104126
21.3725490196078
21.2890625
21.2062256809339
20.722433460076
20.6831119544592
20.6049149338374
20.4887218045113
20.4502814258912
20.4119850187266
20.2979515828678
20.2602230483271
20
19.926873857404
19.8905109489051
19.6396396396396
19.4642857142857
19.3950177935943
19.1228070175439
18.8581314878893
18.8255613126079
18.7607573149742
18.6643835616438
18.5689948892675
18.5059422750424
18.2274247491639
