91.4163090128754
79.4776119402984
76.2075134168157
70.4132231404958
68.8206785137317
64.0601503759398
62.3718887262078
61.9186046511627
60.3399433427761
58.7586206896551
56.9518716577539
54.8969072164948
53.316645807259
52.3985239852398
51.8248175182481
51.5738498789346
51.2635379061371
50.1766784452296
49.3626882966396
48.7972508591065
48.2993197278911
47.5446428571428
46.3547334058759
45.2229299363057
43.7371663244353
42.9003021148036
42.3459244532803
42.1364985163204
41.9291338582677
41.7647058823529
40.648854961832
40.2646502835538
39.9624765478423
39.5910780669144
39.4444444444444
39.0825688073394
38.5869565217391
38.4476534296028
38.1037567084078
37.6325088339222
37.3684210526315
36.7875647668393
36.5979381443299
36.1629881154499
36.0406091370558
35.5
34.975369458128
34.8039215686274
34.577922077922
34.2995169082125
34.1894060995184
34.0255591054313
33.4379905808477
33.3333333333333
33.1775700934579
33.0745341614906
32.8197226502311
32.2727272727272
31.3696612665684
31.0495626822157
30.6474820143885
30.3418803418803
29.6657381615599
29.5013850415512
28.9402173913043
28.1373844121532
27.9527559055118
27.8795811518324
27.8067885117493
27.5549805950841
26.8261964735516
26.3613861386138
26.2962962962963
26.1992619926199
25.9124087591241
25.8495145631068
25.7869249394673
25.6317689530686
25.5702280912365
25.3571428571428
25.2669039145907
25.2071005917159
25.1475796930342
25.0883392226148
25
24.5391705069124
24.3428571428571
24.2873432155074
24.040632054176
23.9057239057239
23.8521836506159
23.5880398671096
23.48401323043
23.3552631578947
23.1270358306189
23.0769230769231
22.8295819935691
22.6114649681528
22.4446786090621
22.397476340694
22.3504721930745
22.0725388601036
22.0268872802482
21.7125382262997
21.6683621566632
21.6024340770791
21.5151515151515
21.3213213213213
21.2574850299401
21.2151394422311
21.1729622266401
21.0682492581602
20.9233791748526
20.8823529411764
20.7198443579766
20.5202312138728
20.4414587332054
20.324427480916
19.9438202247191
19.8324022346368
19.7588126159554
19.6494464944649
19.5772058823529
19.5054945054945
19.2934782608695
19.258589511754
19.2238267148014
19.1202872531418
18.7170474516696
18.6842105263158
18.5217391304348
18.4895833333333
18.3937823834197
18.3304647160069
18.2989690721649
18.1740614334471
18.1431005110732
18.0508474576271
18.0203045685279
17.8691275167785
17.6324503311258
17.487684729064
17.4019607843137
17.373572593801
17.3452768729641
17.3170731707317
17.2609400324149
17.1497584541063
17.0947030497592
17.0127795527156
16.9856459330143
16.8512658227848
16.6146645865834
16.4098613251155
15.7311669128508
15.149359886202
14.8743016759776
13.5668789808917
11.8333333333333
10.4822834645669
10.2601156069364
8.09270516717324
6.86211340206185
5.24114173228346
1.07532310177706
99.6422182468694
92.0661157024793
89.983844911147
83.7593984962406
81.5519765739385
80.9593023255814
78.8951841359773
76.8275862068965
74.4652406417112
71.7783505154639
69.712140175219
68.5116851168511
67.7615571776155
67.4334140435835
67.0276774969915
65.6065959952886
64.5422943221321
63.8029782359679
63.1519274376417
62.1651785714285
60.6093579978237
59.1295116772824
57.1868583162217
56.0926485397784
55.3677932405566
55.0939663699307
54.8228346456693
54.6078431372549
53.148854961832
52.6465028355387
52.2514071294559
51.7657992565056
51.574074074074
51.1009174311926
50.4528985507246
50.2707581227437
49.8211091234347
49.2049469964664
48.859649122807
48.1001727115717
47.8522336769759
47.2835314091681
47.1235194585448
46.4166666666666
45.7307060755336
45.5065359477124
45.2110389610389
44.8470209339774
44.7030497592295
44.4888178913738
43.7205651491366
43.58372456964
43.3800623052959
43.2453416149068
42.9121725731895
42.1969696969697
41.0162002945508
40.5976676384839
40.0719424460432
39.6723646723647
38.7883008356546
38.5734072022161
37.8396739130435
36.7899603698811
36.5485564304462
36.4528795811518
36.3577023498694
36.0284605433376
35.0755667506297
34.4678217821782
34.3827160493827
34.2558425584256
33.8807785888078
33.7985436893204
33.7167070217918
33.5138387484958
33.4333733493397
33.1547619047619
33.0367734282325
32.9585798816568
32.8807556080283
32.8032979976443
32.68779342723
32.0852534562212
31.8285714285714
31.7559863169897
31.4334085778781
31.2570145903479
31.1870100783874
30.8416389811739
30.7056229327453
30.5372807017544
30.2388707926167
30.1733477789816
29.8499464094319
29.5647558386412
29.3466807165437
29.2849631966351
29.2235047219307
28.860103626943
28.8004136504653
28.3893985728848
28.3316378433367
28.2454361054767
28.1313131313131
27.8778778778779
27.7944111776447
27.7390438247012
27.6838966202783
27.5469831849654
27.3575638506876
27.3039215686274
27.0914396887159
26.8304431599229
26.7274472168906
26.574427480916
26.0767790262172
25.9310986964618
25.834879406308
25.6918819188192
25.5974264705882
