0
0
0
0
0
0
0
0
0
21.78099
23.58604
24.18773
25.87244
27.19615
27.31649
27.6775
27.79783
28.03851
28.27918
28.39952
28.51986
28.64019
28.64019
28.76053
28.76053
28.88087
29.0012
29.0012
29.0012
29.12154
29.12154
29.12154
29.12154
29.24188
29.36221
29.48255
29.48255
29.60289
29.72323
29.72323
29.84356
29.84356
29.9639
29.9639
29.9639
30.08424
30.08424
30.08424
30.20457
30.20457
30.20457
30.32491
30.32491
30.44525
30.44525
30.56558
30.56558
30.56558
31.04693
31.04693
31.16727
31.16727
31.16727
31.16727
31.28761
31.40794
31.40794
31.40794
31.40794
31.40794
31.40794
31.52828
31.52828
31.52828
31.52828
31.52828
31.52828
31.64862
31.64862
31.64862
31.64862
31.76895
31.76895
31.76895
31.76895
31.88929
31.88929
31.88929
31.88929
31.88929
32.00963
32.00963
32.00963
32.00963
32.12996
32.12996
32.2503
32.37064
32.49097
32.49097
32.49097
32.61131
32.61131
32.61131
32.73165
32.85199
32.85199
32.85199
32.97232
32.97232
32.97232
32.97232
33.09266
33.09266
33.09266
33.213
33.213
33.213
33.33333
33.45367
33.45367
33.57401
33.57401
33.57401
33.57401
33.57401
33.57401
33.57401
33.69434
33.81468
33.81468
33.81468
33.81468
33.81468
33.81468
33.81468
33.93502
33.93502
33.93502
34.05535
34.05535
34.05535
34.17569
34.17569
34.17569
34.29603
34.29603
34.29603
34.41637
34.41637
34.41637
34.41637
34.41637
34.5367
34.5367
34.5367
34.5367
34.65704
34.65704
34.65704
34.65704
34.77738
34.77738
34.89771
34.89771
34.89771
35.01805
35.01805
35.01805
35.01805
35.01805
35.01805
35.13839
35.13839
35.13839
35.25872
35.25872
35.25872
35.37906
35.37906
35.37906
35.4994
35.4994
35.61974
35.61974
35.74007
35.74007
35.74007
35.74007
35.74007
35.86041
35.86041
35.86041
35.86041
35.86041
35.98075
35.98075
36.22142
36.22142
36.22142
36.22142
36.34176
36.34176
36.34176
36.46209
36.46209
36.58243
36.58243
36.58243
36.70277
36.70277
36.70277
36.8231
36.94344
36.94344
36.94344
36.94344
36.94344
36.94344
37.06378
37.06378
37.06378
37.18412
37.18412
37.18412
37.18412
37.18412
37.18412
37.30445
37.42479
37.54513
37.54513
37.54513
37.66546
37.66546
37.7858
37.90614
37.90614
37.90614
38.02647
38.26715
38.26715
38.38748
38.38748
38.50782
38.50782
38.62816
38.7485
38.7485
38.7485
38.86883
38.98917
38.98917
39.10951
39.22984
39.22984
39.35018
39.35018
39.35018
39.47052
39.47052
39.47052
39.47052
39.47052
39.59085
39.59085
39.71119
39.83153
39.83153
39.95187
39.95187
40.0722
40.0722
40.0722
40.19254
40.19254
40.55355
40.55355
40.79422
40.91456
41.51625
41.51625
41.51625
41.63658
41.63658
41.63658
41.87726
42.11793
