0
0
87.27273
0
70.21277
0
66.92015
0
64.23358
0
55
0
52.95888
0
52.22552
0
50.38168
0
49.53096
0
49.07063
0
48.70849
0
47.05882
0
46.31579
0
45.59585
0
44.51939
0
44
0
43.85382
0
43.34975
0
42.51208
0
42.3756
0
40.12158
0
39.16914
0
37.98561
0
37.76824
0
37.60684
0
37.5
0
36.06557
0
35.38874
0
35.2
0
34.46475
0
34.3303
0
33.54511
0
33.46008
0
31.8456
0
31.57895
0
31.50358
0
30.41475
99.65438
0
30.03413
98.40728
0
29.93197
98.07256
0
29.10695
95.36935
0
28.88403
94.63895
0
28.17503
92.3159
0
28.02548
91.8259
0
27.81876
91.14858
0
27.5
90.10417
0
26.34731
86.32735
97.30539
0
25.78125
84.47266
95.21484
0
24.17582
79.21245
89.28571
0
23.95644
78.49365
88.4755
0
23.78378
77.92793
87.83784
0
21.78218
71.36964
80.44554
0
21.39384
70.09724
79.01135
0
21.08626
69.08946
77.8754
99.52077
0
20.30769
66.53846
75
95.84615
0
20.2454
66.33436
74.76994
95.55215
0
5.148206
16.86817
19.01326
24.29797
25.66303
27.4181
27.69111
27.73011
28.19813
29.56318
30.1092
30.65523
30.88924
31.04524
31.08424
32.05928
32.4883
33.07332
33.50234
34.28237
35.25741
35.29641
35.80343
35.88144
37.01248
37.75351
38.29953
38.33853
38.65055
38.84555
39.31357
39.58658
40.0156
40.17161
40.17161
40.24961
40.32761
40.71763
40.79563
40.95164
41.02964
41.10764
41.18565
41.34165
41.34165
41.41966
41.57566
41.73167
41.96568
42.19969
42.35569
42.4337
42.74571
42.74571
42.74571
42.82371
43.05772
43.13573
43.29173
43.36973
43.44774
43.52574
43.52574
43.52574
43.52574
43.60374
43.75975
43.91576
43.91576
44.22777
44.38378
44.38378
44.38378
44.46178
44.53978
44.53978
44.69579
44.85179
45.0078
45.0078
45.0078
45.0858
45.0858
45.24181
45.31981
45.31981
45.31981
45.47582
45.47582
45.47582
45.47582
45.47582
45.55382
45.63183
45.63183
45.70983
45.70983
45.70983
45.78783
45.86583
45.86583
45.86583
45.94384
46.02184
46.02184
46.09984
46.09984
46.09984
46.09984
46.17785
46.25585
46.33385
46.33385
46.33385
46.41186
46.41186
46.41186
46.41186
46.41186
46.48986
46.48986
46.48986
46.48986
46.56786
46.56786
46.64587
46.64587
46.64587
46.72387
46.72387
46.72387
46.80187
46.80187
46.87988
46.87988
46.95788
46.95788
46.95788
46.95788
47.03588
47.03588
47.03588
47.11388
47.11388
