27.8
23.8666666666667
23.2
26.0666666666667
24.9666666666667
24.3666666666667
25.3666666666667
24.4333333333333
24
23.6
26.6666666666667
24.4
23.5
24.3333333333333
26.9666666666667
24.2666666666667
24
26.9666666666667
24.3333333333333
23.1
26.2
24.9333333333333
23.9333333333333
22.9666666666667
26.9
25.1666666666667
23.4
26.1666666666667
24.8
24.8666666666667
23.1666666666667
26.7666666666667
24.7666666666667
23.9666666666667
26.3333333333333
24.5
24.6333333333333
24.4333333333333
25.4666666666667
24.4666666666667
23.7
26.2666666666667
24.6666666666667
24.4333333333333
26.0333333333333
24.1
24.8666666666667
24.1333333333333
26.8333333333333
24.4666666666667
24.3
25.6333333333333
21.0333333333333
19.4666666666667
17.8
21.8333333333333
20.7666666666667
18.6
21.3
19.6333333333333
20.7666666666667
17.4333333333333
22.1
19.6333333333333
18.8
22.7333333333333
21.6333333333333
20.4333333333333
19.5
24.4666666666667
21.7333333333333
19.6333333333333
23.6
21.9333333333333
20.8666666666667
22.8
23.4
23.6333333333333
21.5
25.6666666666667
24.3
23.7
25.3666666666667
23.6
24.4333333333333
26.2666666666667
24.6
25.1333333333333
23.8333333333333
26.6333333333333
24.6
24.5
26.7333333333333
24.0666666666667
24.6333333333333
23.2333333333333
27.1
24.3666666666667
23.9
26.4
24.7333333333333
24
23.9
26.4
24.7666666666667
23.5
26.8333333333333
24.5666666666667
24.1666666666667
26.2666666666667
24.7666666666667
25.1666666666667
23.8
26.3333333333333
25.1
24.2666666666667
26.2666666666667
24.1666666666667
24.7666666666667
27.4666666666667
26.5666666666667
25.1666666666667
23.2333333333333
26.9666666666667
24.8333333333333
23.5333333333333
26.5
24.7666666666667
24.2333333333333
25.7333333333333
25.1666666666667
25.0666666666667
26.0666666666667
24.4333333333333
24.7333333333333
23.6666666666667
26.6333333333333
24.4333333333333
23.8
26.8666666666667
24.5333333333333
24.2666666666667
26.2
24.8333333333333
24.6
25.7
25.2666666666667
23.9666666666667
24.4666666666667
25.5666666666667
25.1666666666667
23.8
26.7333333333333
25.0666666666667
23.3333333333333
26.1666666666667
25.0666666666667
24.5333333333333
27.6333333333333
24.4666666666667
24.7
25.8666666666667
25.7333333333333
24.6333333333333
26.2
24.4
24.8
25.1333333333333
26.2333333333333
24.8666666666667
23.6666666666667
26.5333333333333
25.7
23.9
26.7666666666667
24.5
24.1333333333333
26.7
24.5
24.4333333333333
26.4666666666667
24.5666666666667
25.2333333333333
25.6333333333333
24.6
24.4666666666667
25.2
25.5
24.7666666666667
23.3
27.0333333333333
26.2
23.9333333333333
26.2
25.2
24.5666666666667
27.4333333333333
24.0666666666667
24.5333333333333
25.9333333333333
25.0333333333333
25.7666666666667
26.2333333333333
24.3
24.9666666666667
24.5333333333333
26.3666666666667
24.3666666666667
23.5333333333333
26.6666666666667
25
24.4333333333333
26.4666666666667
24.4666666666667
24.1
26.2333333333333
25.5666666666667
24.2
26.2666666666667
24.5333333333333
25
26.1333333333333
24.9
24.5
25.3333333333333
26.3666666666667
25.0333333333333
23.6
27.1333333333333
25.5
24.2666666666667
26.4
24.8
24.3666666666667
27.4666666666667
24.3
24.4
26.1
25.6333333333333
24.4666666666667
26.1666666666667
24.5
25.6
24.8666666666667
24.9333333333333
24.5
25.0333333333333
26.4333333333333
24.8
23.6
27.5
24.4333333333333
24.3666666666667
26.1666666666667
25.5666666666667
24.1
26.2
24.6333333333333
28.5
25.8333333333333
25.0666666666667
24.9333333333333
25.8666666666667
25.8666666666667
26
24.3333333333333
26.8333333333333
24.5333333333333
24.9
28.7666666666667
25.4
24.4
27.6333333333333
24.9666666666667
25.1333333333333
26.1666666666667
26.0333333333333
29.1666666666667
30
50.4666666666667
27.8
28.8
30.3333333333333
29.9
37.3333333333333
46
69.4666666666667
29.5666666666667
