0
0
0
0
0
26.75
35.91667
50.5
58.33333
58.58333
99.5
0
0
0
0
0
16.66667
22.37799
31.46417
36.34476
36.50052
61.99377
0
0
0
0
0
14.72477
19.77064
27.79817
32.11009
32.24771
54.77064
99.63303
99.63303
0
0
0
0
0
5.707681
7.663585
10.77525
12.44666
12.5
21.23044
38.6202
38.6202
38.97582
39.40256
39.75818
39.8293
39.90043
40.25605
40.32717
40.32717
40.61166
40.96728
41.25178
41.3229
41.39403
41.53627
41.53627
41.53627
41.53627
41.74964
41.74964
42.03414
42.03414
42.10526
42.10526
42.17639
42.17639
42.24751
42.31863
42.53201
42.60313
42.74538
42.8165
42.88762
42.95875
43.02987
43.101
43.101
43.101
43.17212
43.17212
43.17212
43.24324
43.24324
43.31437
43.31437
43.31437
43.38549
43.45661
43.52774
43.52774
43.52774
43.59886
43.66999
43.66999
43.66999
43.66999
43.81223
43.81223
43.95448
44.0256
44.09673
44.09673
44.09673
44.16785
44.16785
44.16785
44.23898
44.23898
44.3101
44.3101
44.38122
44.45235
44.45235
44.45235
44.45235
44.52347
44.52347
44.52347
44.52347
44.52347
44.52347
44.59459
44.59459
44.59459
44.59459
44.59459
44.59459
44.59459
44.66572
44.66572
44.66572
44.66572
44.73684
44.73684
44.80797
44.80797
44.80797
44.80797
44.80797
44.80797
44.87909
44.87909
44.87909
44.87909
44.87909
44.87909
44.95021
44.95021
44.95021
44.95021
45.02134
45.02134
45.02134
45.09246
45.09246
45.09246
45.09246
45.09246
45.09246
45.09246
45.16358
45.16358
45.16358
45.23471
45.23471
45.23471
45.23471
45.23471
45.23471
45.23471
45.30583
45.30583
45.30583
45.30583
45.30583
45.37696
45.37696
45.37696
45.37696
45.37696
45.44808
45.44808
45.44808
45.44808
45.44808
45.5192
45.5192
45.5192
45.5192
45.59033
45.59033
45.59033
45.59033
45.59033
45.66145
45.66145
45.66145
45.66145
45.66145
45.73257
45.73257
45.73257
45.8037
45.8037
45.87482
45.87482
45.87482
45.94595
45.94595
45.94595
46.01707
46.01707
46.01707
46.01707
46.01707
46.01707
46.01707
46.08819
46.08819
46.08819
46.08819
46.08819
46.08819
46.15932
46.23044
46.23044
46.23044
46.23044
46.23044
46.23044
46.30156
46.30156
46.37269
46.37269
46.37269
46.37269
46.37269
46.44381
46.44381
46.44381
46.44381
46.44381
46.44381
46.44381
46.51494
46.51494
46.51494
46.51494
46.51494
46.58606
46.58606
46.58606
46.58606
46.58606
46.65718
46.72831
46.72831
46.72831
46.72831
46.72831
46.79943
46.79943
46.79943
46.87055
46.87055
46.87055
46.87055
46.87055
46.87055
46.87055
46.94168
46.94168
47.0128
47.0128
47.0128
47.0128
47.0128
47.0128
47.0128
47.0128
47.08393
