25.0666666666667
25.5333333333333
25
24.2666666666667
26.4333333333333
26.4
25.9333333333333
26.6333333333333
25.2666666666667
25.5
24.5
24.7666666666667
25.1666666666667
25.2666666666667
24.7666666666667
25.0666666666667
24.9333333333333
23.4666666666667
25.9333333333333
25.1666666666667
25.2666666666667
27.9666666666667
24.6333333333333
25.6
25.2
25.4666666666667
26.1666666666667
24.9333333333333
26.2
24.1666666666667
26.2
26
24.8
23.6666666666667
24.7666666666667
24.8666666666667
25.4666666666667
25.2666666666667
25.2333333333333
25.5
26
25.0333333333333
25.8666666666667
26.9333333333333
24.9333333333333
24.1333333333333
25.9666666666667
25.8333333333333
25.5666666666667
24.9333333333333
26.5666666666667
26.1333333333333
24.6
27.1333333333333
25
25.4666666666667
26.0333333333333
25.2
25.9333333333333
24.7666666666667
24.4333333333333
25.5666666666667
25.2666666666667
25.6666666666667
26.0333333333333
24.5333333333333
25.4
26.0333333333333
26.7
25.5666666666667
25.5666666666667
25.3666666666667
25.6333333333333
25.4666666666667
26.9
24.6
25.8666666666667
26.8
25.1333333333333
25.8
25.5
26.0333333333333
26.5333333333333
25.1
24.5666666666667
25.3333333333333
24.8
26.7333333333333
25.6333333333333
26.2
23.8
25.1
26
25.3333333333333
25.6333333333333
25.5666666666667
25.7666666666667
26.4
25.7666666666667
26.7333333333333
25.1666666666667
25.4
25.6333333333333
25.4
27.9333333333333
26.7
25.3666666666667
23.6666666666667
23.5333333333333
25.3333333333333
24.7
26.4
25.2
26.5333333333333
25.6333333333333
27.0666666666667
25.8
25.1
26.1333333333333
25.9
24.8333333333333
26.2333333333333
26.7333333333333
26.9333333333333
25.9666666666667
23.5333333333333
25.1333333333333
25.0333333333333
27.4
25.5333333333333
26.3
23.7666666666667
25.9666666666667
25.3333333333333
25.5666666666667
27.5333333333333
26.1333333333333
25.9333333333333
25
25.7
25.8333333333333
25.5666666666667
25.7
27.3666666666667
25.8
25.9666666666667
24.4333333333333
24.1
26.1666666666667
25.6
24.8
26.2
26.7666666666667
24.5
24.8
25.0666666666667
24.1333333333333
25.4
25.9
27.0666666666667
26.2666666666667
25.3333333333333
26.6
25.5666666666667
27.0666666666667
25.1666666666667
27
26.3333333333333
27.1333333333333
25.4666666666667
26.4333333333333
25.1666666666667
25.2333333333333
26.2333333333333
25.2
25.7333333333333
24.6333333333333
26.0666666666667
27
26.7
25.4333333333333
26.2
26.6666666666667
25.4666666666667
25.1333333333333
26.2333333333333
26.3333333333333
25.8333333333333
26.2333333333333
25.4333333333333
26.6
25.7
26.7666666666667
25.7666666666667
25.3666666666667
26.4666666666667
25.3333333333333
27.2
26.3333333333333
26.2666666666667
26.2333333333333
24.9333333333333
26.9333333333333
25.0333333333333
26.9666666666667
26.2333333333333
26.4666666666667
24.7
26.7666666666667
25.3666666666667
26.7333333333333
23.9666666666667
25.2333333333333
24.9333333333333
25.8333333333333
25.4333333333333
26.2333333333333
25.3666666666667
27.9666666666667
25.7
23.8333333333333
26.5
27.2666666666667
24.8666666666667
25.5
26.6666666666667
27.9
25.7
25.6333333333333
25.4333333333333
27.1333333333333
27.1
26.7333333333333
24.1666666666667
26.3
25.7
24.7
24.7333333333333
24.8333333333333
27.4333333333333
25.8333333333333
25.7666666666667
28.2333333333333
26.5666666666667
25.3333333333333
25.7666666666667
25.6333333333333
26.2
24.9333333333333
25.0333333333333
26.6333333333333
24.6333333333333
26.5333333333333
26
24.9333333333333
25.7666666666667
26.2666666666667
26.6
26.1333333333333
25.9333333333333
26.3666666666667
26.3
25.6
26.7666666666667
25.8333333333333
24.2666666666667
24.8666666666667
26.4666666666667
25.9333333333333
24.9
25.2666666666667
24.6
27.0666666666667
24.4666666666667
24.6333333333333
25.5
26.2333333333333
24.2666666666667
25.9666666666667
25.0666666666667
25.3333333333333
25.6
26.0333333333333
25.0666666666667
24.6333333333333
25.7333333333333
26.2333333333333
25.1333333333333
