0
81.59509
18.81391
0
65.51724
15.10673
0
60.82317
14.02439
0
43.2286
95.12459
9.967497
0
30.7396
67.64253
87.51926
89.98459
7.087827
0
28.82948
63.43931
82.08092
84.39306
6.647399
0
25.57692
56.28205
72.82051
74.87179
5.897436
0
24.4186
53.73317
69.52264
71.48103
5.630355
0
22.21604
48.88641
63.25167
65.03341
93.42984
5.122494
0
18.30275
40.27523
52.11009
53.57798
76.97248
4.220183
0
15.65934
34.4584
44.58399
45.83987
65.85557
90.26688
97.95918
3.610675
0
9.481939
20.86502
26.9962
27.75665
39.87643
54.65779
59.31559
61.69202
62.54753
83.26996
83.36502
85.26616
85.93156
86.5019
87.1673
88.59316
89.44867
92.68061
93.06084
93.34601
93.44106
93.53612
94.01141
95.24715
95.72243
96.0076
96.19772
96.76806
96.76806
96.76806
97.14829
97.24335
97.52852
97.71863
97.90875
97.90875
98.09886
98.47909
98.47909
98.85932
99.04943
99.23954
99.61977
99.80989
99.80989
2.186312
0
4.115099
9.055281
11.71617
12.0462
17.30611
23.72112
25.74257
26.77393
27.14521
36.13861
36.17987
37.00495
37.29373
37.54125
37.83003
38.44884
38.82013
40.22277
40.38779
40.51155
40.55281
40.59406
40.80033
41.33663
41.5429
41.66667
41.74917
41.9967
41.9967
41.9967
42.16172
42.20297
42.32673
42.40924
42.49175
42.49175
42.57426
42.73927
42.73927
42.90429
42.9868
43.06931
43.23432
43.31683
43.31683
43.56436
43.56436
43.56436
43.56436
43.64686
43.64686
43.81188
43.89439
43.9769
43.9769
44.14191
44.14191
44.22442
44.30693
44.38944
44.38944
44.38944
44.47195
44.71947
44.80198
44.80198
44.80198
44.88449
44.967
44.967
45.0495
45.0495
45.0495
45.13201
45.13201
45.21452
45.29703
45.37954
45.37954
45.37954
45.46205
45.62706
45.62706
45.62706
45.70957
45.79208
45.79208
45.9571
45.9571
45.9571
45.9571
45.9571
46.0396
46.0396
46.0396
46.0396
46.0396
46.0396
46.20462
46.20462
46.28713
46.28713
46.36964
46.36964
46.45215
46.45215
46.53465
46.53465
46.78218
46.86469
46.86469
46.86469
46.94719
46.94719
46.94719
46.94719
46.94719
47.0297
47.0297
47.0297
47.11221
47.11221
47.11221
47.19472
47.27723
47.27723
47.27723
47.35974
47.44224
47.44224
47.44224
47.44224
47.44224
47.52475
47.52475
47.52475
47.60726
47.60726
47.60726
47.68977
47.68977
47.68977
47.68977
47.77228
47.77228
47.77228
47.85479
47.85479
47.93729
48.0198
48.10231
48.10231
48.10231
48.18482
48.26733
48.26733
48.26733
48.26733
48.26733
48.26733
48.34983
48.43234
48.51485
48.51485
48.51485
48.51485
48.51485
48.51485
48.59736
48.59736
48.59736
48.59736
48.59736
48.67987
48.67987
48.67987
48.67987
48.67987
48.67987
48.76238
