0
0
0
0
0
0
29.56656
30.34056
30.80495
31.73375
33.12693
33.43653
33.90093
34.52012
35.13932
35.60372
36.22291
36.9969
37.1517
37.1517
37.1517
37.3065
37.4613
37.6161
37.9257
38.23529
38.69969
38.69969
38.85449
39.00929
39.16409
39.16409
39.16409
39.31889
39.62848
39.78328
40.09288
40.09288
40.24768
40.40248
40.40248
40.40248
40.55728
40.71207
40.71207
40.86687
41.17647
41.33127
41.79567
41.79567
41.79567
41.79567
41.79567
41.79567
41.79567
41.95046
41.95046
41.95046
41.95046
41.95046
42.10526
42.10526
42.26006
42.26006
42.26006
42.26006
42.41486
42.56966
42.87926
43.03406
43.03406
43.18885
43.18885
43.34365
43.49845
43.65325
43.65325
43.80805
43.80805
43.96285
43.96285
43.96285
44.11765
44.11765
44.11765
44.11765
44.11765
44.11765
44.27245
44.27245
44.58204
44.73684
44.73684
44.89164
44.89164
44.89164
45.04644
45.04644
45.20124
45.35604
45.35604
45.35604
45.51084
45.66563
45.66563
45.66563
45.66563
45.82043
45.82043
46.13003
46.13003
46.28483
46.28483
46.28483
46.28483
46.43963
46.74923
46.74923
46.74923
46.74923
46.74923
46.90402
46.90402
47.05882
47.05882
47.05882
47.05882
47.21362
47.21362
47.36842
47.52322
47.52322
47.98762
47.98762
48.14241
48.29721
48.29721
48.45201
48.76161
48.91641
48.91641
49.07121
49.07121
49.3808
49.3808
49.6904
49.6904
49.8452
50
50.1548
50.1548
50.1548
50.3096
50.6192
50.6192
50.77399
50.77399
50.77399
50.92879
50.92879
50.92879
51.08359
51.23839
51.85759
51.85759
52.32198
52.63158
52.63158
52.63158
52.63158
52.94118
53.09598
53.09598
53.71517
53.86997
54.48916
54.64396
54.79876
54.95356
55.10836
55.26316
55.41796
56.03715
56.34675
56.50155
56.65635
56.81115
56.81115
57.12074
58.82353
59.13313
59.59752
60.21672
60.68111
61.76471
62.6935
63.31269
64.24149
65.01548
65.63467
66.09907
67.95666
68.42105
69.81424
71.20743
71.98142
72.91022
73.83901
76.00619
79.72136
81.42415
82.81734
84.98452
93.96285
95.51084
96.28483
0.1547988
0
0
0
0
0
0
22.98436
23.58604
23.94705
24.66907
25.75211
25.99278
26.35379
26.83514
27.31649
27.6775
28.15884
28.76053
28.88087
28.88087
28.88087
29.0012
29.12154
29.24188
29.48255
29.72323
30.08424
30.08424
30.20457
30.32491
30.44525
30.44525
30.44525
30.56558
30.80626
30.92659
31.16727
31.16727
31.28761
31.40794
31.40794
31.40794
31.52828
31.64862
31.64862
31.76895
32.00963
32.12996
32.49097
32.49097
32.49097
32.49097
32.49097
32.49097
32.49097
32.61131
32.61131
32.61131
32.61131
32.61131
32.73165
32.73165
32.85199
32.85199
32.85199
32.85199
32.97232
33.09266
33.33333
33.45367
33.45367
