31.625
20.0581395348837
19.5820433436533
16.7623674911661
12.5
12.483552631579
12.4671484888305
12.4344692005243
12.3696219035202
8.56272563176896
5.66756272401434
35.2916666666667
22.3837209302326
21.8524251805986
18.7058303886926
13.9492753623188
13.9309210526316
13.9126149802891
13.8761467889908
13.8037809647979
9.55550541516246
6.32467144563919
37.3333333333333
23.6786469344609
23.1166150670795
19.7879858657244
14.7562582345191
14.7368421052632
14.7174770039422
14.6788990825688
14.6023468057366
10.1083032490975
6.69056152927121
43.8333333333335
27.8012684989431
27.1413828689372
23.2332155477033
17.3254281949935
17.3026315789475
17.2798948751643
17.2346002621233
17.1447196870927
11.8682310469315
7.85543608124257
46.7499999999999
29.6511627906976
28.9473684210526
24.7791519434628
18.4782608695652
18.453947368421
18.4296977660972
18.3813892529488
18.2855280312907
12.6579422382671
8.37813620071683
66.6666666666667
42.2832980972516
41.2796697626419
35.3356890459364
26.3504611330698
26.3157894736842
26.281208935611
26.2123197903014
26.0756192959583
18.0505415162455
11.94743130227
69.6666666666667
44.1860465116279
43.1372549019608
36.9257950530035
27.536231884058
27.5
27.4638633377135
27.391874180865
27.2490221642764
18.8628158844765
12.4850657108722
72.9166666666668
46.247357293869
45.1496388028896
38.648409893993
28.8208168642952
28.7828947368422
28.7450722733246
28.6697247706422
28.5202086049544
19.7427797833935
13.0675029868578
74.5833333333334
47.3044397463003
46.1816305469557
39.5318021201414
29.4795783926219
29.4407894736843
29.4021024967149
29.3250327653998
29.1720990873534
20.1940433212997
13.3661887694146
76.4166666666666
48.4672304439746
47.3168214654282
40.5035335689045
30.2042160737812
30.1644736842105
30.1248357424441
30.045871559633
29.8891786179921
20.6904332129964
13.694743130227
77
48.8372093023256
47.6780185758514
40.8127208480565
30.4347826086957
30.3947368421053
30.3547963206308
30.2752293577982
30.1173402868318
20.8483754512635
13.7992831541219
82.1666666666664
52.1141649048624
50.877192982456
43.5512367491165
32.4769433465085
32.4342105263157
32.3915900131405
32.3066841415464
32.1382007822685
22.2472924187725
14.7252090800478
98.1666666666664
62.2621564482028
60.7843137254901
52.0318021201412
38.8010540184452
38.7499999999999
38.6990801576872
38.5976408912188
38.3963494132985
26.5794223826714
17.5925925925926
98.3333333333333
62.3678646934461
60.8875128998968
52.1201413427562
38.866930171278
38.8157894736842
38.7647831800263
38.6631716906946
38.4615384615385
26.6245487364621
17.6224611708483
99.4999999999998
63.1078224101479
61.6099071207429
52.7385159010599
39.3280632411066
39.2763157894736
39.2247043363994
39.1218872870248
38.9178617992176
26.9404332129963
17.831541218638
64.2706131078224
62.7450980392157
53.7102473498233
40.0527009222661
40
39.9474375821288
39.8427260812582
39.6349413298566
27.4368231046931
18.1600955794504
67.5475687103596
65.9442724458206
56.4487632508835
42.0948616600791
42.0394736842106
41.9842312746387
41.8741808650066
41.6558018252934
28.8357400722022
19.0860215053764
71.2473572938689
69.5562435500516
59.5406360424028
44.4005270092227
44.3421052631579
44.2838370565046
44.1677588466579
43.9374185136897
30.4151624548736
20.131421744325
72.1987315010572
70.4850361197112
60.3356890459365
44.9934123847168
44.9342105263159
44.8751642575559
44.7575360419398
44.5241199478489
30.8212996389892
20.4002389486261
73.3615221987315
71.6202270381837
61.3074204946996
45.7180500658762
45.6578947368421
45.5978975032852
45.478374836173
45.2411994784876
31.3176895306859
20.7287933094385
78.3298097251584
76.470588235294
65.459363957597
48.8142292490118
48.7499999999999
48.6859395532194
48.5583224115333
48.3050847457626
33.4386281588447
22.1326164874552
79.8097251585625
77.9153766769867
66.6961130742051
49.7364953886694
49.671052631579
49.6057818659659
49.4757536041941
49.2177314211213
34.0703971119134
22.5507765830347
80.6553911205075
78.7409700722396
67.4028268551238
50.2635046113308
50.1973684210527
50.1314060446781
50.0000000000001
49.7392438070405
34.4314079422383
22.7897252090801
97.4630021141649
95.1496388028896
81.4487632508834
60.737812911726
60.6578947368421
60.5781865965834
60.4193971166448
60.1043024771838
41.6064981949458
27.5388291517324
