98.1351981351981
95.0338600451467
93.9732142857142
88.4453781512604
84.3687374749498
77.2477064220183
76.6848816029143
72.9636048526863
70.1666666666666
67.5762439807383
67.0382165605095
66.6139240506329
62.4629080118694
62.0029455081001
60.4017216642754
59.9715099715099
58.4722222222222
58.0689655172413
54.6044098573281
52.1039603960396
51.2165450121654
50.661853188929
49.2974238875878
49.0104772991851
48.7833140208574
48.0045610034207
47.7324263038548
47.2502805836139
46.7777777777777
46.5193370165746
46.3146314631463
45.8106637649619
45.6121343445287
45.123258306538
44.5031712473573
44.2691903259726
43.0030643513789
42.6113360323886
42.3967774420946
41.6419386745796
41.4370078740157
41.2745098039215
41.11328125
40.873786407767
39.2723880597015
38.8376383763837
38.6238532110091
37.9963898916967
37.6565295169946
37.5222816399287
37.190812720848
36.9298245614035
36.8006993006993
36.6086956521739
36.1683848797251
35.9215017064846
35.4974704890388
35.3187919463087
34.2833876221498
34.1720779220779
33.7881219903692
33.6261980830671
32.942097026604
32.7881619937694
32.6863354037267
32.5851393188854
32.3348694316436
31.0014727540501
30.9104258443465
30.5959302325581
30.4190751445086
30.2008608321377
30.1144492131616
29.985754985755
28.9546079779917
28.875171467764
28.6005434782608
28.2171581769437
28.1417112299465
28.0666666666666
27.5523560209424
27.4804177545692
26.5782828282828
26.5113350125944
26.2796504369538
25.8282208588957
25.6082725060827
25.3309265944645
25.1193317422434
24.9112426035503
24.8524203069657
24.793875147232
24.5911214953271
24.4483159117305
24.3916570104287
24.2511520737327
24.1954022988506
24.1122565864834
24.0571428571428
23.8662131519274
23.8122171945701
23.4933035714286
23.4409799554566
23.3888888888889
23.3111849390919
23.2596685082873
23.2083792723263
23.1573157315731
23.0811403508772
23.0306345733041
22.9803493449782
22.6344086021505
22.561629153269
22.4653148345784
22.3460721868365
22.1812434141201
21.9270833333333
21.7234262125903
21.656378600823
21.5015321756895
21.2626262626262
20.8209693372898
20.7798617966436
20.2793834296724
20.0858778625954
19.8960302457467
19.7838345864661
19.7097378277153
19.5631970260223
19.4547134935305
19.3119266055046
19.206204379562
18.9981949458484
18.963963963964
18.8282647584973
18.7946428571428
18.5626102292769
18.2725694444444
18.1778929188255
18.1153184165232
18.0531732418525
18.0222602739726
17.991452991453
17.9301533219761
17.6298157453936
17.5709515859766
17.5416666666667
17.4833887043189
17.339373970346
17.3108552631579
17.2824302134647
17.1977124183006
16.4968652037617
16.3431677018633
15.7324364723468
12.4262101534829
8.28740157480314
6.42551892551892
5.77028508771929
1.83746508379888
1.7875339673913
1.19602272727273
97.2911963882619
96.2053571428572
90.546218487395
86.372745490982
79.0825688073395
78.5063752276868
74.6967071057193
71.8333333333334
69.1813804173355
68.6305732484077
68.1962025316456
63.946587537092
63.4756995581738
61.8364418938307
61.3960113960114
59.8611111111112
59.448275862069
55.9014267185474
53.3415841584159
52.4330900243309
51.8652226233454
50.4683840749415
50.174621653085
49.9420625724218
49.1448118586089
48.8662131519275
48.3726150392817
47.8888888888889
47.6243093922652
47.4147414741474
46.89880304679
46.6955579631636
46.1950696677385
45.5602536997886
45.3207150368034
44.0245148110317
43.6234817813765
43.4038267875126
42.6310583580614
42.4212598425197
42.2549019607843
42.08984375
41.8446601941748
40.205223880597
39.760147601476
39.5412844036697
38.8989169675091
38.5509838998211
38.4135472370767
38.0742049469965
37.8070175438597
37.6748251748252
37.4782608695652
37.0274914089347
36.7747440273038
36.3406408094435
36.1577181208054
35.0977198697069
34.9837662337663
34.5906902086678
34.4249201277956
33.7245696400626
33.5669781931464
33.4627329192547
33.359133126935
33.1029185867896
31.7378497790869
31.6446402349486
31.3226744186047
31.1416184971098
30.9182209469154
30.8297567954221
30.6980056980057
29.6423658872077
29.5610425240055
29.2798913043478
28.887399463807
28.8101604278075
28.7333333333333
28.2068062827225
28.1331592689295
27.209595959596
27.1410579345088
26.9038701622971
26.4417177914111
26.2165450121655
25.9326113116727
25.7159904534606
25.5029585798817
25.4427390791027
25.3828032979977
25.1752336448598
25.0290360046458
24.9710312862109
24.8271889400922
24.7701149425287
24.6849942726232
24.6285714285714
24.4331065759637
