0
0
0
0
23.58604
23.70638
26.59446
27.07581
27.07581
27.31649
27.31649
27.43682
27.91817
28.27918
28.64019
28.88087
29.12154
29.12154
29.48255
29.48255
29.48255
29.60289
29.60289
29.60289
29.72323
29.72323
29.72323
29.72323
29.84356
29.84356
29.84356
29.84356
29.9639
30.08424
30.08424
30.08424
30.20457
30.20457
30.20457
30.32491
30.32491
30.32491
30.44525
30.44525
30.56558
30.56558
30.56558
30.56558
30.80626
30.80626
30.80626
30.92659
30.92659
30.92659
31.04693
31.04693
31.16727
31.28761
31.28761
31.28761
31.28761
31.28761
31.28761
31.28761
31.28761
31.40794
31.40794
31.40794
31.52828
31.52828
31.52828
31.64862
31.64862
31.64862
31.88929
31.88929
31.88929
32.00963
32.12996
32.12996
32.12996
32.12996
32.2503
32.2503
32.2503
32.2503
32.2503
32.37064
32.37064
32.37064
32.37064
32.37064
32.37064
32.49097
32.49097
32.49097
32.61131
32.61131
32.61131
32.61131
32.61131
32.73165
32.73165
32.85199
32.85199
32.85199
32.85199
32.97232
32.97232
32.97232
32.97232
32.97232
33.09266
33.09266
33.09266
33.09266
33.09266
33.213
33.213
33.213
33.213
33.213
33.213
33.213
33.33333
33.33333
33.33333
33.33333
33.33333
33.33333
33.33333
33.33333
33.45367
33.45367
33.45367
33.45367
33.57401
33.69434
33.69434
33.69434
33.69434
33.69434
33.69434
33.81468
33.81468
33.93502
33.93502
34.05535
34.05535
34.05535
34.05535
34.05535
34.05535
34.05535
34.05535
34.05535
34.17569
34.17569
34.17569
34.17569
34.17569
34.17569
34.17569
34.17569
34.17569
34.17569
34.29603
34.29603
34.41637
34.41637
34.41637
34.5367
34.5367
34.5367
34.5367
34.5367
34.5367
34.65704
34.65704
34.65704
34.65704
34.65704
34.65704
34.77738
34.77738
34.77738
34.77738
34.77738
34.77738
34.89771
34.89771
35.01805
35.01805
35.01805
35.01805
35.01805
35.01805
35.01805
35.01805
35.13839
35.13839
35.13839
35.13839
35.13839
35.13839
35.13839
35.25872
35.25872
35.25872
35.25872
35.25872
35.25872
35.25872
35.37906
35.37906
35.4994
35.4994
35.61974
35.61974
35.61974
35.61974
35.61974
35.61974
35.61974
35.61974
35.61974
35.61974
35.74007
35.74007
35.74007
35.74007
35.74007
35.74007
35.86041
35.86041
35.86041
35.86041
35.86041
35.86041
35.86041
35.98075
35.98075
35.98075
35.98075
35.98075
35.98075
36.10108
36.10108
36.22142
36.22142
36.22142
36.22142
36.22142
36.22142
36.22142
36.34176
36.34176
36.34176
36.34176
36.34176
36.34176
36.34176
36.46209
36.46209
36.46209
36.46209
36.46209
36.46209
36.58243
36.58243
36.58243
36.58243
36.58243
36.58243
36.58243
36.58243
36.58243
36.58243
36.58243
36.58243
36.58243
36.70277
36.70277
36.70277
36.8231
36.8231
36.8231
36.8231
