0
0
0
18.67388
20.02706
28.28146
29.09337
30.44655
30.8525
30.98782
31.39378
31.52909
31.52909
31.66441
31.66441
31.66441
31.79973
31.79973
32.341
32.47632
32.47632
32.61164
32.61164
32.61164
32.61164
32.88227
33.28823
33.42355
33.55886
33.69418
33.69418
33.8295
33.8295
33.8295
33.96482
34.10014
34.23545
34.23545
34.23545
34.23545
34.37077
34.37077
34.50609
34.50609
34.50609
34.50609
34.50609
34.64141
34.64141
34.77673
34.77673
34.77673
34.77673
34.91204
34.91204
34.91204
34.91204
35.04736
35.18268
35.18268
35.318
35.318
35.58863
35.58863
35.72395
35.72395
35.72395
35.85927
35.85927
35.85927
35.85927
35.99459
36.12991
36.12991
36.12991
36.26522
36.26522
36.26522
36.26522
36.40054
36.53586
36.53586
36.53586
36.53586
36.53586
36.67118
36.67118
36.67118
36.67118
36.8065
36.94181
36.94181
36.94181
36.94181
37.07713
37.07713
37.07713
37.07713
37.07713
37.34777
37.34777
37.34777
37.34777
37.34777
37.48309
37.48309
37.48309
37.48309
37.48309
37.6184
37.6184
37.6184
37.6184
37.6184
37.75372
37.75372
37.75372
37.75372
37.75372
37.88904
37.88904
37.88904
37.88904
37.88904
37.88904
37.88904
38.02436
38.02436
38.02436
38.02436
38.02436
38.02436
38.02436
38.15968
38.15968
38.15968
38.15968
38.15968
38.29499
38.29499
38.29499
38.29499
38.43031
38.43031
38.56563
38.56563
38.56563
38.70095
38.70095
38.83627
38.83627
38.83627
38.83627
38.83627
38.97158
39.1069
39.1069
39.1069
39.24222
39.24222
39.37754
39.51286
39.64817
39.64817
39.64817
39.78349
39.78349
39.78349
39.91881
39.91881
39.91881
40.05413
40.18945
40.18945
40.32476
40.46008
40.46008
40.46008
40.5954
40.73072
40.73072
40.86604
40.86604
40.86604
40.86604
41.00135
41.00135
41.00135
41.00135
41.00135
41.00135
41.13667
41.27199
41.27199
41.27199
41.40731
41.67794
41.67794
41.81326
41.81326
41.94858
41.94858
42.0839
42.0839
42.35453
42.48985
42.76049
42.76049
42.76049
42.89581
43.03112
43.16644
43.43708
43.43708
43.84303
44.11367
44.3843
44.51962
44.65494
44.79026
45.33153
45.46685
48.44384
48.8498
48.8498
49.52639
50.47361
53.31529
57.51015
59.81055
60.62246
63.05819
64.81732
65.89986
68.74154
70.23004
73.88363
86.19756
94.45196
99.05277
99.32341
0
0
0
8.303249
8.904934
12.57521
12.93622
13.53791
13.71841
13.77858
13.95909
14.01925
14.01925
14.07942
14.07942
14.07942
14.13959
14.13959
14.38026
14.44043
14.44043
14.5006
14.5006
14.5006
14.5006
14.62094
14.80144
14.86161
14.92178
14.98195
14.98195
15.04212
15.04212
15.04212
15.10229
15.16245
15.22262
15.22262
15.22262
15.22262
15.28279
15.28279
15.34296
15.34296
15.34296
15.34296
15.34296
