0
0
0
0
0
0
0
0
0
0
0
17.95666
20.74303
21.36223
21.36223
22.13622
22.13622
23.37461
32.81734
33.74613
34.21053
35.60372
36.37771
36.53251
36.68731
36.84211
36.84211
36.9969
37.3065
37.6161
37.6161
37.7709
38.0805
38.0805
38.0805
38.0805
38.23529
38.39009
38.54489
38.54489
38.54489
38.69969
38.69969
38.69969
39.00929
39.00929
39.00929
39.00929
39.00929
39.00929
39.16409
39.16409
39.16409
39.31889
39.31889
39.31889
39.47368
39.47368
39.62848
39.78328
39.78328
39.78328
39.78328
39.93808
39.93808
40.09288
40.09288
40.09288
40.24768
40.24768
40.24768
40.40248
40.40248
40.40248
40.40248
40.55728
40.71207
40.71207
40.71207
40.86687
40.86687
40.86687
41.02167
41.02167
41.02167
41.02167
41.02167
41.17647
41.17647
41.17647
41.17647
41.33127
41.33127
41.48607
41.48607
41.48607
41.48607
41.64087
41.79567
41.79567
41.79567
41.79567
41.95046
41.95046
41.95046
41.95046
41.95046
42.10526
42.10526
42.10526
42.10526
42.10526
42.26006
42.26006
42.26006
42.26006
42.41486
42.41486
42.41486
42.56966
42.56966
42.56966
42.56966
42.72446
42.72446
42.87926
42.87926
42.87926
43.03406
43.03406
43.03406
43.03406
43.03406
43.03406
43.18885
43.18885
43.18885
43.18885
43.34365
43.34365
43.49845
43.49845
43.49845
43.49845
43.49845
43.49845
43.65325
43.65325
43.65325
43.65325
43.65325
43.65325
43.65325
43.65325
43.65325
43.80805
43.80805
43.96285
43.96285
43.96285
43.96285
43.96285
43.96285
44.11765
44.11765
44.11765
44.11765
44.27245
44.27245
44.27245
44.27245
44.42724
44.42724
44.42724
44.42724
44.42724
44.42724
44.58204
44.58204
44.58204
44.58204
44.58204
44.58204
44.58204
44.73684
44.89164
44.89164
44.89164
44.89164
45.04644
45.04644
45.04644
45.04644
45.04644
45.20124
45.20124
45.20124
45.20124
45.35604
45.35604
45.35604
45.35604
45.35604
45.35604
45.51084
45.51084
45.51084
45.51084
45.66563
45.66563
45.66563
45.66563
45.82043
45.82043
45.82043
45.82043
45.82043
45.82043
45.97523
45.97523
45.97523
46.13003
46.13003
46.28483
46.28483
46.43963
46.43963
46.59443
46.59443
46.59443
46.59443
46.59443
46.59443
46.59443
46.74923
46.74923
46.74923
46.74923
46.74923
46.74923
46.74923
46.90402
47.05882
47.05882
47.05882
47.05882
47.05882
47.21362
47.21362
47.21362
47.21362
47.21362
47.21362
47.21362
47.21362
47.36842
47.36842
47.36842
47.36842
47.52322
47.52322
47.52322
47.52322
47.67802
47.67802
47.67802
47.83282
47.83282
47.98762
47.98762
47.98762
47.98762
47.98762
47.98762
48.14241
48.14241
48.14241
48.29721
48.29721
48.45201
48.60681
48.60681
48.60681
48.60681
48.76161
48.76161
48.76161
48.76161
