28.03851
28.39952
30.32491
31.04693
31.28761
31.64862
31.76895
31.88929
32.12996
32.2503
32.2503
32.61131
32.73165
32.85199
32.85199
32.97232
33.09266
33.213
33.33333
33.45367
33.45367
33.57401
33.57401
33.69434
33.69434
33.69434
33.69434
33.69434
33.69434
33.81468
33.81468
33.93502
34.17569
34.29603
34.29603
34.41637
34.5367
34.5367
34.5367
34.65704
34.89771
34.89771
35.01805
35.01805
35.01805
35.01805
35.01805
35.01805
35.13839
35.37906
35.37906
35.37906
35.37906
35.61974
35.61974
35.74007
35.74007
35.86041
35.86041
35.86041
35.86041
35.98075
35.98075
35.98075
35.98075
35.98075
36.10108
36.10108
36.22142
36.22142
36.22142
36.34176
36.34176
36.34176
36.46209
36.46209
36.46209
36.58243
36.58243
36.70277
36.70277
36.70277
36.94344
36.94344
36.94344
36.94344
37.06378
37.06378
37.18412
37.18412
37.30445
37.30445
37.42479
37.42479
37.42479
37.54513
37.54513
37.54513
37.7858
37.7858
37.7858
37.7858
37.90614
37.90614
37.90614
37.90614
38.02647
38.02647
38.02647
38.02647
38.14681
38.14681
38.14681
38.14681
38.14681
38.26715
38.26715
38.26715
38.38748
38.38748
38.38748
38.50782
38.50782
38.50782
38.50782
38.62816
38.62816
38.7485
38.7485
38.86883
38.86883
38.86883
38.98917
39.10951
39.10951
39.22984
39.35018
39.35018
39.35018
39.35018
39.35018
39.59085
39.59085
39.59085
39.59085
39.59085
39.59085
39.71119
39.71119
39.71119
39.71119
39.83153
39.83153
40.0722
40.0722
40.0722
40.0722
40.19254
40.19254
40.31288
40.31288
40.31288
40.31288
40.31288
40.31288
40.43321
40.55355
40.55355
40.55355
40.67389
40.79422
40.79422
40.79422
40.79422
40.91456
40.91456
40.91456
41.27557
41.39591
41.51625
41.51625
41.51625
41.51625
41.51625
41.63658
41.63658
41.63658
41.63658
41.63658
41.87726
41.87726
41.99759
41.99759
42.11793
42.11793
42.11793
42.11793
42.23827
42.23827
42.23827
42.23827
42.59928
42.59928
42.59928
42.71961
42.71961
42.83995
42.83995
42.96029
43.08063
43.08063
43.20096
43.44164
43.44164
43.44164
43.44164
43.80265
43.80265
43.80265
44.16366
44.16366
44.16366
44.284
44.64501
44.88568
44.88568
44.88568
45.00602
45.00602
45.24669
45.6077
45.6077
45.72804
45.72804
45.72804
45.72804
45.84838
45.84838
45.96871
46.08905
46.32972
46.45006
46.45006
46.93141
47.17208
47.17208
47.17208
47.41276
47.53309
47.65343
47.65343
47.8941
48.61613
48.73646
50.06017
50.18051
50.54152
50.66185
50.78219
51.26354
51.26354
52.82792
53.91095
54.99398
57.03971
58.48375
61.73285
64.38026
69.91576
70.15644
71.84116
71.84116
75.69194
82.43081
86.16125
88.20698
88.20698
89.04934
91.81709
92.53911
95.4272
97.23225
25.24377
25.5688
27.30228
27.95233
28.16901
28.49404
