0
0
0
0
12.5625
12.3161764705882
11.2668161434978
6.65856890459364
12.8125
12.5612745098039
11.4910313901345
6.7910777385159
13.1458333333333
12.8880718954248
11.7899850523169
6.96775618374559
22.8333333333333
22.3856209150327
20.4783258594918
12.1024734982332
23.5416666666666
23.0800653594771
21.1136023916292
12.4779151943463
29.0416666666666
28.4722222222222
26.0463378176382
15.393109540636
29.7916666666667
29.2075163398693
26.7189835575486
15.7906360424029
30.1666666666667
29.5751633986928
27.0553064275037
15.9893992932862
31.0416666666666
30.4330065359477
27.8400597907324
16.4531802120141
33.2083333333333
32.5571895424836
29.7832585949177
17.601590106007
33.4583333333334
32.8022875816994
30.0074738415546
17.7340989399294
33.5
32.843137254902
30.0448430493274
17.756183745583
33.6250000000001
32.9656862745099
30.1569506726458
17.8224381625442
33.7916666666667
33.1290849673203
30.306427503737
17.910777385159
35.3333333333333
34.640522875817
31.6890881913303
18.7279151943463
38.7083333333333
37.9493464052287
34.7159940209267
20.5167844522968
39.6250000000001
38.8480392156863
35.5381165919283
21.0026501766785
41.1250000000001
40.3186274509805
36.8834080717489
21.797703180212
43.1666666666667
42.3202614379085
38.7144992526158
22.8798586572438
43.2500000000001
42.4019607843138
38.7892376681615
22.9240282685513
43.4166666666666
42.5653594771241
38.9387144992525
23.012367491166
44.8333333333333
43.9542483660131
40.2092675635277
23.7632508833922
56.5
55.3921568627451
50.6726457399103
29.9469964664311
59.2500000000001
58.0882352941178
53.1390134529149
31.404593639576
62.3333333333333
61.1111111111111
55.9043348281016
33.0388692579505
62.6666666666667
61.437908496732
56.203288490284
33.2155477031802
79.8333333333333
78.2679738562092
71.5994020926756
42.3144876325088
80.3333333333333
78.7581699346405
72.0478325859492
42.5795053003534
89.1666666666667
87.4183006535948
79.9701046337818
47.2614840989399
98.6928104575163
90.2840059790732
53.356890459364
68.3745583038869
75.4416961130742
85.5123674911661
96.8197879858657
