0
0
0
0
0
0
0
0
0
0
23.70638
23.94705
24.30806
25.27076
25.63177
25.99278
26.35379
26.35379
26.47413
26.47413
26.59446
26.59446
26.7148
26.95548
27.19615
27.19615
27.19615
27.19615
27.19615
27.19615
27.19615
27.31649
27.43682
27.43682
27.43682
27.43682
27.55716
27.6775
27.6775
27.6775
27.6775
27.79783
27.79783
27.79783
27.79783
27.79783
27.91817
27.91817
27.91817
27.91817
28.03851
28.03851
28.03851
28.15884
28.15884
28.15884
28.27918
28.27918
28.27918
28.27918
28.27918
28.39952
28.39952
28.39952
28.39952
28.51986
28.51986
28.51986
28.64019
28.64019
28.64019
28.64019
28.64019
28.64019
28.76053
28.76053
28.76053
28.76053
28.76053
28.76053
28.88087
28.88087
29.0012
29.0012
29.12154
29.12154
29.12154
29.12154
29.24188
29.36221
29.36221
29.36221
29.36221
29.48255
29.48255
29.48255
29.48255
29.60289
29.60289
29.60289
29.60289
29.60289
29.72323
29.72323
29.84356
29.84356
29.9639
29.9639
30.08424
30.08424
30.08424
30.20457
30.20457
30.20457
30.32491
30.32491
30.32491
30.32491
30.44525
30.44525
30.44525
30.44525
30.44525
30.44525
30.44525
30.44525
30.56558
30.56558
30.68592
30.68592
30.68592
30.68592
30.68592
30.80626
30.80626
30.80626
30.80626
30.80626
30.92659
30.92659
31.04693
31.04693
31.16727
31.16727
31.28761
31.28761
31.28761
31.28761
31.40794
31.40794
31.40794
31.52828
31.52828
31.64862
31.64862
31.76895
31.76895
31.76895
31.88929
32.00963
32.00963
32.00963
32.12996
32.12996
32.12996
32.12996
32.2503
32.37064
32.37064
32.37064
32.49097
32.49097
32.49097
32.49097
32.61131
32.61131
32.61131
32.61131
32.61131
32.61131
32.73165
32.85199
32.85199
32.97232
32.97232
33.09266
33.33333
33.33333
33.57401
33.57401
33.57401
33.57401
33.57401
33.69434
33.69434
33.81468
33.81468
34.05535
34.05535
34.05535
34.17569
34.29603
34.41637
34.41637
34.77738
34.77738
35.01805
35.13839
35.13839
35.25872
35.25872
35.25872
35.37906
35.4994
35.4994
35.4994
35.61974
35.61974
35.61974
35.74007
35.74007
36.10108
36.10108
36.22142
36.34176
36.46209
36.58243
36.94344
37.30445
37.30445
37.66546
37.90614
38.14681
38.26715
38.38748
38.50782
38.7485
39.10951
39.22984
39.35018
39.35018
39.59085
39.71119
39.71119
39.83153
40.0722
40.19254
40.43321
40.43321
40.43321
40.55355
41.0349
41.0349
41.27557
41.39591
41.51625
41.51625
41.63658
41.63658
41.63658
41.63658
41.75692
41.87726
42.23827
42.47894
42.59928
42.83995
42.96029
43.08063
43.20096
43.20096
43.3213
43.3213
43.56197
43.68231
44.04332
44.04332
44.16366
44.76534
44.76534
44.88568
45.12635
45.24669
45.36703
45.84838
45.96871
46.08905
46.08905
