0
88.7445887445886
98.4848484848485
0
26.1146496815286
28.9808917197452
29.4267515923567
31.0828025477707
31.7197452229299
32.3566878980892
32.7388535031847
33.6942675159236
34.140127388535
34.7133757961783
35.4140127388535
36.1783439490446
37.0063694267516
37.1337579617835
37.1974522292994
37.8343949044586
38.0254777070064
38.3439490445859
38.8535031847133
39.1082802547771
39.3630573248407
39.9363057324841
40.0636942675159
40.2547770700637
40.9554140127389
41.2738853503185
41.8471337579618
42.0382165605096
42.3566878980892
42.6751592356688
43.3757961783439
44.0764331210191
44.140127388535
44.2675159235669
44.5222929936306
44.7133757961784
44.9044585987261
45.4777070063694
47.5796178343949
48.0254777070063
48.4076433121019
48.6624203821656
49.0445859872611
49.1082802547771
49.2993630573249
51.7834394904459
55.2229299363057
70.828025477707
71.9745222929935
80
93.6305732484078
0
21.1995863495346
23.5263702171665
23.8883143743537
25.2326783867632
25.7497414684591
26.2668045501551
26.5770423991727
27.3526370217166
27.7145811789038
28.1799379524302
28.7487073422958
29.3691830403309
30.0413650465357
30.1447776628749
30.1964839710445
30.7135470527404
30.8686659772492
31.1271975180972
31.540847983454
31.7476732161324
31.9544984488107
32.4198552223371
32.5232678386763
32.6783867631851
33.2471561530507
33.5056876938987
33.971044467425
34.1261633919338
34.3846949327818
34.6432264736298
35.2119958634953
35.7807652533609
35.8324715615305
35.9358841778697
36.1427094105481
36.2978283350569
36.4529472595657
36.918304033092
38.6246122026887
38.9865563598759
39.2967942088935
39.5036194415719
39.8138572905894
39.8655635987591
40.0206825232679
42.0372285418821
44.8293691830403
57.4974146845915
58.4281282316441
64.9431230610134
76.0082730093073
83.4539813857292
86.0392967942089
0
19.5984703632887
21.7495219885277
22.0841300191205
23.3269598470363
23.8049713193116
24.282982791587
24.5697896749522
25.2868068833652
25.6214149139579
26.0516252390057
26.5774378585086
27.151051625239
27.7724665391969
27.868068833652
27.9158699808795
28.3938814531549
28.5372848948375
28.7762906309751
29.1586998087954
29.3499043977056
29.5411089866157
29.9713193116635
30.0669216061185
30.2103250478011
30.736137667304
30.9751434034417
31.4053537284895
31.5487571701721
31.7877629063097
32.0267686424474
32.5525812619503
33.0783938814532
33.1261950286807
33.2217973231358
33.4130019120459
33.5564053537285
33.6998087954111
34.1300191204589
35.7074569789675
36.0420650095602
36.3288718929254
36.5200764818356
36.8068833652007
36.8546845124283
36.9980879541109
38.8623326959847
41.4435946462715
53.1548757170172
54.0152963671127
60.038240917782
70.2676864244743
77.1510516252391
79.5411089866157
92.8298279158701
0
19.5610687022901
21.7080152671756
22.0419847328245
23.2824427480916
23.7595419847328
24.236641221374
24.5229007633588
25.2385496183206
25.5725190839695
26.0019083969466
26.5267175572519
27.0992366412214
27.719465648855
27.8148854961832
27.8625954198473
28.3396946564885
28.4828244274809
28.7213740458015
29.1030534351145
29.293893129771
29.4847328244275
29.9141221374046
30.0095419847328
30.1526717557252
30.6774809160305
30.9160305343511
31.3454198473282
31.4885496183206
31.7270992366412
31.9656488549619
32.4904580152672
33.0152671755725
33.0629770992366
33.1583969465649
33.3492366412214
33.4923664122138
33.6354961832061
34.0648854961832
35.6393129770992
35.9732824427481
36.2595419847328
36.4503816793893
36.736641221374
36.7843511450382
36.9274809160306
38.7881679389313
41.3645038167939
53.0534351145038
53.9122137404579
59.9236641221374
70.1335877862597
77.0038167938933
79.3893129770992
92.6526717557253
0
18.7728937728938
20.8333333333333
21.1538461538462
22.3443223443223
22.8021978021978
23.2600732600733
23.5347985347985
24.2216117216117
24.5421245421245
24.9542124542124
25.4578754578755
26.007326007326
26.6025641025641
26.6941391941392
26.7399267399267
27.1978021978022
27.3351648351648
27.5641025641025
27.9304029304029
28.1135531135531
28.2967032967033
28.7087912087912
28.8003663003663
28.9377289377289
29.441391941392
29.6703296703297
30.0824175824176
30.2197802197802
30.4487179487179
30.6776556776557
31.1813186813187
31.6849816849817
31.7307692307692
31.8223443223443
32.0054945054945
32.1428571428572
32.2802197802198
32.6923076923077
34.2032967032967
34.5238095238095
34.7985347985348
34.981684981685
35.2564102564102
35.3021978021978
35.4395604395605
37.2252747252747
39.6978021978022
50.9157509157509
51.7399267399266
57.5091575091575
67.3076923076924
73.901098901099
76.1904761904762
88.919413919414
100
0
17.0833333333333
18.9583333333333
19.25
20.3333333333333
20.75
21.1666666666667
21.4166666666666
22.0416666666667
22.3333333333333
22.7083333333333
23.1666666666667
23.6666666666667
