0
0
0
0
76.5343
80.1444
80.86643
87.72563
90.61372
90.97473
92.05776
92.41877
93.14079
93.50181
93.50181
93.50181
93.50181
94.22383
94.22383
94.58484
94.58484
94.94585
94.94585
94.94585
95.66787
96.02888
96.02888
96.7509
96.7509
96.7509
96.7509
97.11191
97.11191
97.11191
97.11191
97.11191
97.47292
97.47292
97.47292
97.47292
97.47292
97.47292
97.47292
97.83394
97.83394
97.83394
98.19495
98.19495
98.19495
98.55596
98.55596
98.55596
98.91697
98.91697
99.63899
100
100
100
100
0
0
0
0
28.68742
30.0406
30.31123
32.88227
33.96482
34.10014
34.50609
34.64141
34.91204
35.04736
35.04736
35.04736
35.04736
35.318
35.318
35.45332
35.45332
35.58863
35.58863
35.58863
35.85927
35.99459
35.99459
36.26522
36.26522
36.26522
36.26522
36.40054
36.40054
36.40054
36.40054
36.40054
36.53586
36.53586
36.53586
36.53586
36.53586
36.53586
36.53586
36.67118
36.67118
36.67118
36.8065
36.8065
36.8065
36.94181
36.94181
36.94181
37.07713
37.07713
37.34777
37.48309
37.48309
37.48309
37.48309
37.6184
37.6184
37.6184
37.6184
37.6184
37.75372
37.75372
37.88904
37.88904
37.88904
37.88904
37.88904
38.02436
38.02436
38.02436
38.02436
38.02436
38.02436
38.02436
38.02436
38.15968
38.15968
38.29499
38.29499
38.29499
38.29499
38.29499
38.29499
38.43031
38.43031
38.43031
38.43031
38.43031
38.43031
38.43031
38.70095
38.70095
38.70095
38.70095
38.70095
38.70095
38.83627
38.83627
38.83627
38.83627
38.97158
38.97158
38.97158
38.97158
39.1069
39.1069
39.1069
39.1069
39.1069
39.1069
39.24222
39.24222
39.24222
39.24222
39.24222
39.24222
39.24222
39.24222
39.24222
39.24222
39.37754
39.37754
39.37754
39.37754
39.37754
39.37754
39.37754
39.37754
39.51286
39.51286
39.51286
39.51286
39.51286
39.51286
39.51286
39.51286
39.51286
39.51286
39.51286
39.51286
39.51286
39.51286
39.64817
39.64817
39.64817
39.64817
39.64817
39.64817
39.64817
39.64817
39.78349
39.78349
39.78349
39.78349
39.78349
39.78349
39.78349
39.78349
39.91881
39.91881
39.91881
39.91881
39.91881
39.91881
39.91881
39.91881
39.91881
39.91881
39.91881
40.05413
40.05413
40.05413
40.05413
40.05413
40.05413
40.05413
40.05413
40.18945
40.18945
40.18945
40.18945
40.18945
40.18945
40.32476
40.32476
40.32476
40.32476
40.32476
40.32476
40.32476
40.32476
40.32476
40.32476
40.32476
40.32476
40.46008
40.46008
40.46008
40.46008
40.46008
40.46008
40.46008
40.46008
40.46008
40.5954
40.5954
40.5954
40.5954
40.5954
40.73072
40.73072
40.73072
40.73072
40.73072
40.73072
40.73072
40.73072
40.73072
40.73072
40.73072
40.73072
40.73072
40.73072
40.73072
40.86604
