96.360153256705
94.7269303201507
93.1481481481482
91.6211293260474
89.9821109123435
88.5563380281691
85.8361774744028
83.1404958677686
81.2600969305332
78.3489096573209
74.6290801186944
72.6878612716763
71.2464589235128
69.3793103448276
68.5286103542235
65.6657963446476
64.4871794871795
62.640099626401
61.869618696187
61.1922141119222
60.8958837772397
60.1674641148326
59.8809523809524
56.1383928571429
55.0328227571116
54.2025862068966
53.6819637139808
52.6150627615063
51.6427104722793
50.4513540621866
50.1996007984032
50
49.5078740157481
49.3137254901961
49.12109375
48.8349514563107
48.1800766283525
47.9961832061069
47.8136882129278
47.5425330812855
46.7472118959108
46.4022140221402
44.9910554561718
44.6714031971581
44.434628975265
44.2781690140845
44.1228070175439
43.9685314685315
43.213058419244
42.9180887372014
42.4114671163575
42.1979865771812
42.056856187291
41.7774086378738
41.2972085385879
40.6300484652666
40.047770700637
39.1744548286605
39.0527950310559
38.2218844984803
37.9909365558913
37.8195488721805
37.7061469265368
37.4255952380953
37.2041420118343
37.039764359352
36.5552325581396
36.3439306358382
35.6232294617564
35.3727144866386
35.1256983240224
34.3579234972678
34.2643051771117
34.1711956521739
34.0324763193505
33.7131367292225
33.6229946524064
33.4441489361702
33.3112582781457
32.8328981723238
32.5355756791721
32.2435897435898
31.5954773869347
31.476846057572
31.3982521847691
30.9348093480935
30.5961070559611
30.5218446601942
29.7633136094675
29.6930342384888
29.62308598351
29.4496487119438
29.2782305005821
29.2102206736353
29.0415704387991
28.9080459770115
28.6773090079818
28.1634938409855
28.0066815144766
27.9444444444445
27.6677667766777
27.3667029379761
27.1012931034483
26.8983957219252
26.7838125665602
26.6985138004246
26.6419491525424
26.5856236786469
25.7684426229508
25.6894790602656
25.5070993914807
25.4554655870446
25.2256770310933
25.1751751751752
25.0498007968128
25
24.8763600395648
24.827245804541
24.7053045186641
24.6568627450981
24.3701550387597
24.2760617760618
23.9980916030534
23.9068441064639
23.7712665406427
23.5928705440901
23.3302411873841
23.2439926062847
23.0733944954129
22.9890310786106
22.8221415607986
22.7396021699819
22.6985559566787
22.3754448398577
22.0614035087719
21.8695652173913
21.8315972222222
21.3135593220339
21.2774957698816
21.1700336700337
21.0989932885906
20.9583333333333
19.2868098159509
17.5628491620112
14.3386545039909
13.9722222222222
13.6240520043337
13.2928118393235
12.6636455186304
12.1146435452794
11.6005535055351
11.3492779783394
11.1086572438163
10.6748726655348
10.0922953451043
9.23274596182086
8.50811907983762
7.67704517704518
6.89418859649123
6.64640591966174
5.44844020797227
4.77773556231003
4.25405953991881
3.26115145228216
2.86838503649635
2.82203770197487
2.56842320261438
2.4637539184953
2.27149566473989
1.84709165687427
1.60231906218145
1.36922909407666
1.36447482638889
1.27380470016208
0.591820406626506
98.4674329501915
96.7984934086628
95.1851851851851
93.6247723132968
91.9499105545616
90.4929577464788
87.7133105802047
84.9586776859503
83.0371567043618
80.0623052959501
76.2611275964391
74.2774566473988
72.8045325779036
70.8965517241379
70.0272479564032
67.1018276762401
65.8974358974358
64.0099626400996
63.2226322263222
62.5304136253041
62.2276029055689
61.4832535885167
61.1904761904761
57.3660714285714
56.2363238512034
55.3879310344827
54.8559231590181
53.765690376569
52.7720739219712
51.5546639919759
51.2974051896207
51.093439363817
50.5905511811023
50.392156862745
50.1953124999999
49.9029126213592
49.2337164750957
49.0458015267175
48.8593155893536
48.5822306238185
47.7695167286245
47.4169741697416
45.9749552772808
45.6483126110124
45.4063604240282
45.2464788732394
45.0877192982456
44.9300699300699
44.1580756013745
43.8566552901023
43.3389544688026
43.1208053691275
42.9765886287625
42.6910299003322
42.2003284072249
41.5185783521809
40.9235668789808
40.031152647975
39.9068322981366
39.0577507598784
38.821752265861
38.6466165413533
38.5307346326836
38.2440476190476
38.0177514792899
37.8497790868924
37.3546511627907
37.1387283236994
36.4022662889518
36.1462728551336
35.8938547486033
35.1092896174863
35.0136239782016
34.9184782608695
34.7767253044655
34.4504021447721
34.3582887700534
34.1755319148936
34.0397350993377
33.5509138381201
33.2470892626132
32.9487179487179
32.286432160804
32.1652065081351
32.0848938826467
31.6113161131611
31.265206812652
31.1893203883495
30.4142011834319
30.3423848878394
30.2709069493521
30.0936768149883
29.918509895227
29.849012775842
29.676674364896
29.5402298850574
29.3044469783352
28.7793952967525
28.6191536748329
28.5555555555555
28.2728272827282
27.9651795429815
27.6939655172413
