0
0
0
0
21.64179
30.13777
30.76923
32.6062
33.29506
33.52468
34.67279
34.84501
35.07463
35.30425
35.36165
35.36165
35.47646
36.05052
36.05052
36.10792
36.56716
36.969
37.19862
37.37084
37.42824
37.60046
37.71527
37.88749
37.94489
38.0023
38.0597
38.0597
38.11711
38.11711
38.11711
38.17451
38.23192
38.23192
38.28932
38.34673
38.40413
38.46154
38.63375
38.86338
38.86338
38.86338
38.86338
38.92078
38.97819
39.03559
39.093
39.1504
39.26521
39.26521
39.32262
39.32262
39.55224
39.55224
39.55224
39.66705
39.66705
39.78186
39.83927
39.83927
39.83927
39.95408
39.95408
40.01148
40.01148
40.06889
40.06889
40.06889
40.12629
40.1837
40.1837
40.1837
40.2411
40.29851
40.29851
40.35591
40.41332
40.47072
40.52813
40.52813
40.58553
40.70034
40.70034
40.75775
40.75775
40.75775
40.81515
40.81515
40.87256
40.87256
40.87256
40.92997
40.92997
40.92997
40.92997
40.98737
40.98737
41.04478
41.04478
41.04478
41.10218
41.10218
41.10218
41.21699
41.2744
41.2744
41.2744
41.2744
41.3318
41.38921
41.38921
41.44661
41.56142
41.56142
41.61883
41.61883
41.61883
41.61883
41.67623
41.67623
41.67623
41.67623
41.79104
41.79104
41.84845
41.84845
41.84845
41.84845
41.90586
41.90586
41.96326
41.96326
41.96326
42.02067
42.02067
42.07807
42.13548
42.13548
42.13548
42.13548
42.13548
42.13548
42.19288
42.19288
42.19288
42.19288
42.19288
42.25029
42.25029
42.25029
42.30769
42.30769
42.3651
42.3651
42.3651
42.4225
42.4225
42.4225
42.47991
42.47991
42.47991
42.59472
42.59472
42.59472
42.70953
42.70953
42.70953
42.76693
42.76693
42.76693
42.76693
42.76693
42.76693
42.82434
42.82434
42.82434
42.88175
42.93915
42.93915
42.93915
42.93915
42.93915
42.99656
43.05396
43.05396
43.11137
43.11137
43.16877
43.16877
43.16877
43.16877
43.16877
43.16877
43.22618
43.22618
43.22618
43.22618
43.28358
43.28358
43.28358
43.28358
43.34099
43.34099
43.34099
43.39839
43.39839
43.39839
43.39839
43.39839
43.5132
43.5132
43.57061
43.57061
43.57061
43.57061
43.57061
43.57061
43.62801
43.62801
43.62801
43.62801
43.62801
43.68542
43.74282
43.74282
43.80023
43.80023
43.80023
43.80023
43.85763
43.85763
43.85763
43.91504
43.91504
43.91504
43.91504
43.91504
43.97245
43.97245
43.97245
43.97245
44.02985
44.02985
44.02985
44.08726
44.08726
44.08726
44.08726
44.08726
44.14466
44.14466
44.14466
44.14466
44.14466
44.20207
44.20207
44.20207
44.20207
44.25947
44.25947
44.25947
44.25947
44.25947
44.25947
44.25947
44.25947
44.31688
44.31688
44.31688
44.37428
44.37428
44.37428
44.37428
44.37428
44.43169
44.43169
44.48909
44.48909
44.48909
44.5465
44.5465
44.66131
44.66131
44.66131
