99.4962216624686
94.0476190476191
92.9411764705883
83.8641188959661
82.983193277311
82.2916666666667
77.7559055118111
71.9489981785064
71.2996389891697
69.5422535211268
69.0559440559441
67.4061433447099
65.8333333333334
63.8126009693054
62.5
62.0094191522763
61.1455108359134
59.3984962406016
59.0433482810165
58.6053412462908
58.1737849779087
57.0809248554914
56.2678062678063
55.9490084985836
55.5555555555556
54.8611111111111
51.5665796344648
50.9020618556701
50.6410256410257
50.0633713561471
49.7481108312343
48.8861386138614
48.0535279805353
45.7705677867903
45.2462772050401
44.7845804988662
44.5823927765237
44.3322109988777
43.8888888888889
43.646408839779
42.981501632209
42.795232936078
42.5646551724138
42.336548767417
42.1558164354323
41.1458333333334
40.7636738906089
39.4211576846308
39.2644135188867
39.0702274975272
37.5475285171103
37.1939736346516
37.0544090056285
36.7100371747212
36.5740740740741
36.4391143911439
35.9744990892532
35.521582733813
35.3309481216458
34.7711267605634
34.5279720279721
34.3478260869565
34.1105354058722
33.703071672355
33.4179357021997
32.6446280991736
32.2712418300654
31.701444622793
31.5495207667732
31.25
29.0868924889544
28.6231884057971
28.5404624277457
28.4172661870504
28.2546494992847
28.0539772727273
27.9745042492918
27.7777777777778
27.5837988826816
27.3545706371191
26.9808743169399
26.8342391304348
26.7253044654939
26.5814266487214
25.6827048114435
25.6160830090791
25.2557544757033
25.1592356687898
25.0316856780735
24.9368686868687
24.7183979974969
24.3827160493827
24.1738066095471
24.1147741147741
24.0267639902677
23.910411622276
23.5680190930788
23.4282325029656
23.3175914994097
22.8852838933952
22.8060046189377
22.7534562211982
22.5714285714286
22.2911963882619
22.2159730033746
22.1661054994388
22.0424107142857
21.9444444444445
21.8715393133998
21.8232044198895
21.7750826901874
21.4907508161045
21.4440825190011
21.397616468039
21.2823275862069
21.236559139785
20.7240293809024
20.508826583593
20.4239917269907
20.2356557377049
20.1325178389399
19.949494949495
19.889224572004
19.8094282848546
19.4389763779528
19.30596285435
19.2120622568094
19.100580270793
19.0637065637066
18.9176245210728
18.8814531548757
18.562030075188
18.5272045028143
18.3550185873606
18.3209647495362
17.6654740608229
17.602495543672
17.3550087873462
16.9965576592083
16.8515358361775
16.5410385259632
16.4309484193012
16.1620294599018
16.0830618892508
15.6746031746032
7.25036710719531
6.47965879265092
4.80301556420234
4.27859618717505
1.63277116402117
94.6921443736731
93.6974789915968
92.9166666666668
87.7952755905513
81.2386156648453
80.505415162455
78.5211267605635
77.9720279720281
76.1092150170649
74.3333333333334
72.0516962843297
70.5696202531646
70.0156985871272
69.0402476780186
67.0676691729324
66.6666666666667
66.1721068249259
65.6848306332843
64.4508670520232
63.5327635327636
63.172804532578
62.7285513361463
61.9444444444445
58.22454308094
57.4742268041238
57.1794871794872
56.5272496831433
56.1712846347608
55.1980198019803
54.2579075425791
51.6801853997683
51.0882016036656
50.5668934240363
50.3386004514673
50.0561167227835
49.5555555555556
49.2817679558012
48.5310119695322
48.320693391116
48.0603448275863
47.8027867095392
47.5987193169691
46.4583333333334
46.0268317853458
44.5109780439122
44.3339960238569
44.1147378832839
42.3954372623575
41.9962335216573
41.8386491557224
41.4498141263941
41.2962962962963
41.1439114391144
40.6193078324226
40.1079136690648
39.8926654740609
39.2605633802817
38.986013986014
38.7826086956522
38.5146804835924
38.0546075085325
37.7326565143824
36.8595041322315
36.4379084967321
35.7945425361156
35.6230031948882
35.2848101265823
32.8424153166422
32.3188405797102
32.2254335260116
32.0863309352518
31.9027181688126
31.6761363636364
31.586402266289
31.3642756680732
31.1452513966481
30.8864265927978
30.464480874317
30.2989130434783
30.1759133964818
30.0134589502019
28.998699609883
28.9234760051881
28.5166240409207
28.4076433121019
28.2636248415716
28.1565656565657
27.909887359199
27.5308641975309
27.2949816401469
27.2283272283273
27.1289537712896
26.997578692494
26.6109785202864
26.4531435349941
26.3282172373082
25.8400926998842
25.7505773672056
25.6912442396314
25.4857142857143
25.1693002257337
25.0843644544432
25.0280583613917
24.8883928571429
24.7777777777778
24.6954595791805
24.6408839779006
24.5865490628446
24.2655059847661
24.2128121606949
24.160346695558
24.0301724137931
23.9784946236559
23.3997901364114
23.1568016614746
23.0610134436401
22.8483606557377
22.7319062181448
22.5252525252526
