0
0
0
0
0
0
0
28.96254
30.11527
30.54755
31.12392
31.5562
31.70029
32.70893
32.70893
33.14121
33.2853
33.42939
33.42939
33.42939
33.57349
33.86167
34.00576
34.43804
34.72622
34.87032
34.87032
34.87032
35.01441
35.1585
35.30259
35.59078
35.59078
35.73487
35.73487
36.02305
36.02305
36.16715
36.59942
36.59942
36.88761
37.0317
37.17579
37.17579
37.31988
37.31988
37.31988
37.46398
37.46398
37.46398
37.60807
37.60807
37.60807
37.89625
38.04035
38.18444
38.18444
38.32853
38.47262
38.61671
38.76081
38.76081
38.9049
39.04899
39.62536
39.76945
39.91354
39.91354
39.91354
40.20173
40.20173
40.48991
40.48991
40.63401
40.7781
40.7781
40.92219
41.35447
41.35447
41.49856
41.64265
41.78674
42.07493
42.36311
42.36311
42.79539
42.79539
42.93948
43.08357
43.08357
43.37176
43.51585
43.51585
43.65994
43.80403
44.23631
44.3804
44.5245
44.5245
44.5245
44.5245
44.5245
44.5245
44.95677
44.95677
44.95677
45.24496
45.24496
45.38905
45.53314
46.39769
46.97406
47.98271
48.27089
48.41499
48.70317
49.13545
49.42363
49.85591
49.85591
50.28818
50.43228
51.58501
51.72911
52.01729
52.59366
52.59366
53.02594
53.17003
54.17867
54.75504
55.33141
55.4755
55.4755
55.6196
56.48415
56.62824
56.77233
57.63689
59.36599
59.51009
59.94236
60.08646
60.66282
60.80692
61.52738
61.95965
63.25648
64.40922
68.29971
69.59654
77.37752
79.5389
88.32853
89.04899
90.7781
92.93948
93.08357
0
0
0
0
0
0
0
24.18773
25.15042
25.51143
25.99278
26.35379
26.47413
27.31649
27.31649
27.6775
27.79783
27.91817
27.91817
27.91817
28.03851
28.27918
28.39952
28.76053
29.0012
29.12154
29.12154
29.12154
29.24188
29.36221
29.48255
29.72323
29.72323
29.84356
29.84356
30.08424
30.08424
30.20457
30.56558
30.56558
30.80626
30.92659
31.04693
31.04693
31.16727
31.16727
31.16727
31.28761
31.28761
31.28761
31.40794
31.40794
31.40794
31.64862
31.76895
31.88929
31.88929
32.00963
32.12996
32.2503
32.37064
32.37064
32.49097
32.61131
33.09266
33.213
33.33333
33.33333
33.33333
33.57401
33.57401
33.81468
33.81468
33.93502
34.05535
34.05535
34.17569
34.5367
34.5367
34.65704
34.77738
34.89771
35.13839
35.37906
35.37906
35.74007
35.74007
35.86041
35.98075
35.98075
36.22142
36.34176
36.34176
36.46209
36.58243
36.94344
37.06378
37.18412
37.18412
37.18412
37.18412
37.18412
37.18412
37.54513
37.54513
37.54513
37.7858
37.7858
37.90614
38.02647
38.7485
39.22984
40.0722
40.31288
40.43321
40.67389
41.0349
41.27557
41.63658
41.63658
41.99759
42.11793
43.08063
43.20096
43.44164
43.92298
43.92298
44.284
44.40433
45.24669
