86.9047619047618
80.7522123893805
79.8687089715535
76.0416666666666
71.8503937007873
70.5996131528046
67.5925925925925
64.2605633802816
63.8111888111888
63.2582322357019
62.2866894197952
61.7597292724196
61.241610738255
60.8333333333333
58.9660743134087
58.5874799357945
57.753164556962
56.0675883256528
55.640243902439
54.1543026706231
53.4407027818448
52.3672883787661
51.3361462728551
50.6944444444444
50.3448275862069
49.7275204359673
49.1251682368775
48.7967914438502
47.3411154345006
45.4545454545454
44.8954489544895
43.9229843561973
43.6602870813397
42.7400468384075
42.2943221320973
42.0506912442396
41.8098510882016
40.9652076318743
40.5555555555555
39.7170837867247
38.9541088580576
38.0208333333333
37.6676986584107
36.9433198380567
35.7843137254902
35.64453125
35.4368932038835
34.4990548204159
32.6475849731663
31.9055944055944
31.5198618307426
30.7757166947723
30.4166666666666
30.0658978583196
29.9671592775041
29.4830371567043
28.876582278481
28.7401574803149
28.4267912772585
28.250773993808
28.1201848998459
27.5679758308157
27.3613193403298
27.1577380952381
26.8777614138439
26.798825256975
26.7203513909224
26.2589928057554
26.1087267525036
25.997150997151
25.9232954545454
25.8498583569405
25.7404795486601
25.3472222222222
25.1031636863824
24.931693989071
24.6955345060893
24.6288798920378
24.5625841184387
24.3983957219251
24.3333333333333
24.2686170212766
24.108322324967
23.8874345549738
22.3926380368098
22.3378212974296
21.9614921780987
21.6488730723606
21.4201877934272
21.3700234192037
21.1962833914053
20.8571428571428
20.4826038159371
20.4367301231803
20.3683035714286
20.3229398663697
20.1212789415656
19.9671772428884
19.9235807860262
19.7724810400867
19.6659482758621
19.5605573419078
19.5187165775401
19.3326271186441
19.1500524658972
19.0501043841336
19.0104166666667
18.9119170984456
18.8338493292053
18.775720164609
18.5091277890466
18.2682682682683
18.1772908366534
18.1411530815109
18.0157946692991
17.8396871945259
17.822265625
17.7529182879377
17.6499032882011
17.6158301158301
17.3809523809524
17.1845574387947
16.9925512104283
16.9609665427509
16.8981481481481
16.8357933579336
16.7124542124542
16.6819012797075
16.6211293260473
16.5607985480944
16.500904159132
16.2078152753108
16.1790780141844
16.1219081272085
16.0934744268077
15.9527972027972
15.897212543554
15.7871972318339
15.6786941580756
15.6518010291595
15.625
15.5982905982906
15.3878583473862
14.8615635179153
10.1388888888889
9.88624052004333
9.18932527693856
8.10390763765541
8.06095406360423
6.59320809248554
6.27579092159559
1.13608067729084
0.876056067588325
98.0088495575222
96.9365426695843
92.2916666666667
87.2047244094489
85.6866537717602
82.0370370370371
77.9929577464789
77.4475524475525
76.7764298093588
75.5972696245734
74.9576988155669
74.3288590604027
73.8333333333334
71.5670436187399
71.107544141252
70.0949367088608
68.0491551459294
67.5304878048781
65.7270029673591
64.8609077598829
63.558106169297
62.3066104078763
61.5277777777778
61.1034482758621
60.3542234332426
59.6231493943473
59.2245989304813
57.4578469520104
55.1681195516812
54.489544895449
53.309265944645
52.9904306220096
51.8735362997658
51.332560834299
51.036866359447
50.7445589919817
49.7194163860831
49.2222222222223
48.2045701849837
47.2785485592316
46.1458333333334
45.7172342621259
44.838056680162
43.4313725490196
43.26171875
43.0097087378641
41.8714555765596
39.6243291592129
38.7237762237762
38.2556131260795
37.3524451939292
36.9166666666667
36.4909390444811
36.3711001642036
35.78352180937
35.0474683544304
34.8818897637795
34.5015576323988
34.2879256965944
34.1294298921418
33.4592145015106
33.208395802099
32.9613095238095
32.6215022091311
32.5256975036711
32.4304538799415
31.8705035971223
31.6881258941345
31.5527065527066
31.4630681818182
31.3739376770538
31.2411847672779
30.7638888888889
30.4676753782669
30.2595628415301
29.9729364005413
29.8920377867747
29.8115746971736
29.6122994652407
29.5333333333333
29.4547872340426
29.2602377807134
28.9921465968587
27.1779141104295
27.1113831089351
26.6546329723225
26.2752075919336
25.9976525821596
25.9367681498829
25.725900116144
25.3142857142857
24.8597081930415
24.8040313549832
24.7209821428572
24.6659242761693
24.4211686879824
24.2341356673961
24.1812227074236
23.9978331527627
23.8685344827586
23.7406216505895
23.6898395721925
23.4639830508475
23.2423924449108
23.1210855949896
23.0729166666667
22.9533678756477
22.858617131063
22.7880658436214
22.4645030425964
22.1721721721722
22.0617529880478
22.0178926441352
21.8657453109576
21.6520039100684
21.630859375
21.5466926070039
21.4216634429401
21.3803088803089
21.0952380952381
20.8568738229755
20.6238361266294
20.5855018587361
20.5092592592593
20.4335793357934
20.2838827838828
20.2468007312614
20.1730418943534
20.0998185117967
20.0271247739602
19.6714031971581
19.636524822695
19.5671378091873
19.5326278659612
