0
0
0
0
0
18.20152
19.1766
20.26002
20.69339
22.7519
24.37703
24.8104
25.02709
25.5688
25.67714
25.89382
25.89382
26.21885
26.32719
26.54388
26.65222
26.76056
26.76056
26.76056
26.76056
26.86891
26.97725
26.97725
27.08559
27.08559
27.19393
27.30228
27.30228
27.51896
27.51896
27.6273
27.73564
27.73564
27.95233
28.06067
28.16901
28.16901
28.16901
28.27736
28.27736
28.27736
28.3857
28.3857
28.3857
28.49404
28.49404
28.49404
28.49404
28.49404
28.60238
28.81907
28.81907
28.81907
28.92741
28.92741
28.92741
29.03575
29.03575
29.1441
29.1441
29.1441
29.25244
29.25244
29.36078
29.36078
29.46912
29.46912
29.46912
29.46912
29.57746
29.57746
29.68581
29.68581
29.79415
29.79415
29.79415
29.90249
29.90249
29.90249
30.01083
30.11918
30.11918
30.11918
30.22752
30.22752
30.22752
30.33586
30.33586
30.4442
30.4442
30.4442
30.55255
30.55255
30.66089
30.66089
30.66089
30.76923
30.76923
30.76923
30.87757
30.98592
30.98592
31.09426
31.09426
31.2026
31.2026
31.2026
31.2026
31.2026
31.2026
31.31094
31.31094
31.31094
31.31094
31.41928
31.41928
31.41928
31.41928
31.41928
31.52763
31.52763
31.52763
31.63597
31.63597
31.74431
31.74431
31.85265
31.85265
31.961
31.961
32.06934
32.06934
32.06934
32.06934
32.17768
32.17768
32.17768
32.17768
32.17768
32.28602
32.28602
32.39437
32.50271
32.50271
32.61105
32.61105
32.71939
32.71939
32.71939
32.82774
32.82774
32.82774
32.93608
32.93608
32.93608
32.93608
33.04442
33.04442
33.04442
33.15276
33.26111
33.26111
33.26111
33.36945
33.36945
33.36945
33.47779
33.47779
33.47779
33.58613
33.69447
33.91116
33.91116
34.0195
34.0195
34.0195
34.0195
34.12784
34.23619
34.34453
34.56121
34.56121
34.56121
34.7779
34.7779
34.88624
34.88624
34.88624
34.88624
34.99458
35.10293
35.21127
35.21127
35.31961
35.42795
35.42795
35.53629
35.53629
35.64464
35.64464
35.75298
35.96966
35.96966
35.96966
36.07801
36.07801
36.18635
36.40303
36.40303
36.51138
36.8364
37.16143
37.16143
37.37811
37.48646
37.70314
37.81148
37.91983
38.67822
38.67822
38.78657
38.89491
39.11159
39.43662
39.76165
39.86999
40.08667
40.19502
40.19502
40.4117
40.4117
40.52004
40.52004
40.73673
40.84507
40.84507
41.60347
42.03684
42.79523
43.87866
44.96208
46.69556
47.5623
48.21235
49.29577
50.48754
50.70423
51.67931
52.11268
53.73781
59.04659
60.3467
65.87216
66.63055
66.95558
69.12243
70.09751
97.39978
0
0
0
0
0
5.511811
5.807087
6.135171
6.266404
6.889764
7.38189
7.513123
7.57874
7.742782
7.775591
7.841207
7.841207
7.939633
7.972441
8.038058
8.070866
8.103675
8.103675
8.103675
8.103675
