69.2307692307693
60.7535321821037
59.447004608295
51.4627659574468
48.4355444305382
45.583038869258
45.3161592505855
45.0523864959255
44.5852534562212
44.3298969072165
43.1919642857143
43
41.7025862068966
41.4790996784566
40.9090909090909
40.4811715481172
40.3125
40.1036269430052
39.9380804953561
39.7330595482547
39.5301327885598
39.17004048583
38.9728096676737
38.8164493480442
38.4691848906561
38.2789317507419
37.79296875
37.0689655172414
36.9274809160306
35.8333333333334
35.5045871559633
33.9473684210527
31.7733990147783
31.4123376623377
30.7142857142857
30.2816901408451
29.4969512195122
28.7091988130564
28.6242603550296
28.4977908689249
28.125
26.875
26.8005540166205
26.5432098765432
25.8
25.1625487646294
25.0323415265201
24.8076923076923
24.3090452261307
24.2177722152691
23.8007380073801
23.7423312883436
23.2851985559567
23.1459330143541
22.9537366548043
22.8994082840237
22.791519434629
22.2413793103448
21.7660292463442
20.6510138740662
17.7849264705882
17.5589836660617
17.4010791366907
17.3076923076923
15.7317073170732
10.4821235102925
8.06250000000001
7.76484751203853
7.61811023622048
7.48839009287926
7.23094170403588
4.93119266055046
3.35471567267684
3.03863065326633
2.75798175598632
1.2009682224429
1.16510115606937
1.09346745027125
0.579202586206897
72.9874776386404
64.0502354788069
62.6728110599078
54.2553191489362
51.063829787234
48.0565371024735
47.7751756440281
47.4970896391153
47.0046082949309
46.7353951890034
45.5357142857143
45.3333333333333
43.9655172413793
43.7299035369775
43.1289640591966
42.6778242677824
42.5
42.279792746114
42.1052631578947
41.8891170431211
41.6751787538304
41.2955465587045
41.0876132930514
40.9227683049147
40.5566600397614
40.3560830860534
39.84375
39.0804597701149
38.9312977099237
37.7777777777778
37.4311926605505
35.7894736842105
33.4975369458128
33.1168831168831
32.3809523809524
31.924882629108
31.0975609756098
30.2670623145401
30.1775147928994
30.0441826215022
29.6511627906977
28.3333333333333
28.2548476454294
27.9835390946502
27.2
26.5279583875163
26.3906856403622
26.1538461538462
25.6281407035176
25.531914893617
25.0922509225092
25.0306748466258
24.5487364620939
24.4019138755981
24.1992882562278
24.1420118343195
24.0282685512367
23.448275862069
22.9471316085489
21.7716115261473
18.75
18.5117967332123
18.3453237410072
18.2468694096601
16.5853658536585
11.0509209100758
8.5
8.18619582664527
8.03149606299213
7.89473684210526
7.62331838565022
5.19877675840979
3.53675450762829
3.2035175879397
2.90763968072976
1.26613704071499
1.22832369942197
1.15280289330922
0.610632183908046
72.9874776386404
64.0502354788069
62.6728110599078
54.2553191489362
51.063829787234
48.0565371024735
47.7751756440281
47.4970896391153
47.0046082949309
46.7353951890034
45.5357142857143
45.3333333333333
43.9655172413793
43.7299035369775
43.1289640591966
42.6778242677824
42.5
42.279792746114
42.1052631578947
41.8891170431211
41.6751787538304
41.2955465587045
41.0876132930514
40.9227683049147
40.5566600397614
40.3560830860534
39.84375
39.0804597701149
38.9312977099237
37.7777777777778
37.4311926605505
35.7894736842105
33.4975369458128
33.1168831168831
32.3809523809524
31.924882629108
31.0975609756098
30.2670623145401
30.1775147928994
30.0441826215022
29.6511627906977
28.3333333333333
28.2548476454294
27.9835390946502
27.2
26.5279583875163
26.3906856403622
26.1538461538462
25.6281407035176
25.531914893617
25.0922509225092
25.0306748466258
24.5487364620939
24.4019138755981
24.1992882562278
24.1420118343195
24.0282685512367
23.448275862069
22.9471316085489
21.7716115261473
18.75
18.5117967332123
18.3453237410072
18.2468694096601
16.5853658536585
11.0509209100758
8.5
8.18619582664527
8.03149606299213
7.89473684210526
7.62331838565022
5.19877675840979
3.53675450762829
3.2035175879397
2.90763968072976
1.26613704071499
1.22832369942197
1.15280289330922
0.610632183908046
74.2397137745975
65.149136577708
63.7480798771122
55.186170212766
51.9399249061327
48.8810365135454
48.5948477751757
48.3119906868452
47.8110599078341
47.5372279495991
46.3169642857143
46.1111111111111
44.7198275862069
44.4801714898178
43.8689217758985
43.4100418410042
43.2291666666667
43.0051813471503
42.827657378741
42.6078028747434
42.3901940755874
42.004048582996
41.7925478348439
41.6248746238716
41.2524850894632
41.0484668644906
40.52734375
39.7509578544062
39.5992366412214
38.425925925926
38.0733944954129
36.4035087719299
34.072249589491
33.685064935065
32.936507936508
32.472613458529
31.6310975609756
30.786350148368
30.6952662721894
30.559646539028
30.1598837209303
28.8194444444445
28.7396121883657
28.4636488340192
27.6666666666667
26.9830949284786
26.843467011643
26.6025641025641
26.0678391959799
25.9699624530664
25.5227552275523
