0
0
0
0
94.11765
0
19.81424
29.79876
30.57276
31.23065
31.38545
31.46285
31.50155
31.54025
31.73375
32.43034
32.46904
33.01084
33.04954
33.28173
33.63003
33.74613
33.90093
33.97833
34.05573
34.13313
34.17183
34.17183
34.24923
34.24923
34.52012
34.75232
34.82972
34.90712
35.06192
35.06192
35.06192
35.17802
35.21672
35.44892
35.48762
35.56502
35.60372
35.71981
35.79721
35.79721
35.83591
35.83591
35.91331
35.95201
35.95201
35.99071
36.02941
36.06811
36.14551
36.18421
36.22291
36.26161
36.26161
36.37771
36.37771
36.37771
36.41641
36.41641
36.41641
36.41641
36.45511
36.49381
36.57121
36.60991
36.60991
36.60991
36.64861
36.64861
36.72601
36.72601
36.76471
36.76471
36.8808
36.9195
36.9582
36.9582
36.9969
37.113
37.1517
37.1904
37.2291
37.3065
37.3065
37.3452
37.3452
37.3452
37.3839
37.4613
37.4613
37.4613
37.5774
37.5774
37.5774
37.5774
37.6161
37.6161
37.6935
37.7322
37.7322
37.7322
37.7322
37.7709
37.7709
37.8096
37.8096
37.8096
37.8483
37.887
37.887
37.887
37.9257
37.9257
37.9644
38.0031
38.0031
38.0031
38.0418
38.0418
38.0418
38.0418
38.0805
38.0805
38.15789
38.15789
38.15789
38.23529
38.23529
38.27399
38.27399
38.27399
38.27399
38.31269
38.31269
38.35139
38.39009
38.42879
38.42879
38.46749
38.46749
38.46749
38.50619
38.50619
38.54489
38.54489
38.54489
38.54489
38.58359
38.58359
38.62229
38.62229
38.62229
38.66099
38.69969
38.69969
38.69969
38.69969
38.69969
38.69969
38.69969
38.77709
38.77709
38.81579
38.85449
38.85449
38.85449
38.85449
38.85449
38.93189
38.97059
38.97059
38.97059
38.97059
39.00929
39.00929
39.00929
39.04799
39.08669
39.08669
39.08669
39.12539
39.12539
39.12539
39.12539
39.12539
39.12539
39.16409
39.16409
39.20279
39.24149
39.24149
39.24149
39.24149
39.24149
39.28019
39.28019
39.28019
39.28019
39.35759
39.35759
39.39628
39.39628
39.39628
39.43498
39.43498
39.47368
39.47368
39.47368
39.47368
39.51238
39.51238
39.51238
39.55108
39.55108
39.55108
39.55108
39.58978
39.58978
39.58978
39.58978
39.62848
39.62848
39.62848
39.62848
39.62848
39.70588
39.70588
39.78328
39.78328
39.78328
39.78328
39.78328
39.86068
39.86068
39.86068
39.86068
39.93808
39.93808
39.93808
40.01548
40.01548
40.01548
40.01548
40.01548
40.09288
40.09288
40.09288
40.09288
40.17028
40.17028
40.17028
40.24768
40.24768
40.24768
40.24768
40.24768
40.32508
40.32508
40.32508
40.32508
40.32508
40.40248
40.40248
40.40248
40.40248
40.40248
40.40248
40.40248
40.40248
40.40248
40.40248
40.47988
40.47988
40.47988
40.47988
40.47988
40.47988
40.55728
40.55728
40.55728
40.55728
40.55728
40.55728
