96.6029723991508
95.5882352941177
93.0470347648262
91.182364729459
85.6873822975518
80.8170515097691
78.8561525129983
78.1786941580756
77.6450511945393
76.3422818791947
75.8333333333334
74.1042345276873
71.993670886076
71.4285714285715
70.8722741433022
68.421052631579
67.0103092783506
65.7514450867052
65.2797704447633
64.4475920679887
62.7586206896552
61.5696887686063
61.2382234185734
60.105680317041
59.3994778067885
58.3333333333334
57.3047858942066
56.9461827284105
52.9685681024447
52.4193548387097
52.1191294387171
43.8342967244702
42.2862453531599
41.0649819494585
40.5525846702318
40.0528169014085
39.7727272727273
39.5652173913044
37.9166666666667
36.9318181818182
36.2261146496815
36.1111111111111
35.8267716535433
35.0539291217258
34.9462365591398
34.469696969697
34.3655589123867
34.2105263157895
33.7537091988131
33.5051546391753
33.4067547723936
32.8757225433526
32.7338129496403
32.3153409090909
31.5096952908587
31.3793103448276
31.292984869326
31.0792349726776
30.9945504087194
30.7017543859649
30.4144385026738
30.1324503311258
29.8556430446194
29.5838751625488
29.5071335927367
29.4307891332471
28.9808917197452
28.8339670468948
28.6523929471033
28.5804020100503
28.4730913642053
28.3312577833126
28.1559405940594
27.9827798277983
27.8457772337821
27.6092233009709
27.5423728813559
27.4427020506635
27.3766546329723
27.0833333333333
26.9230769230769
26.7962308598351
26.4842840512224
26.4227642276423
26.3615295480881
26.270207852194
26
25.9407069555302
25.8816837315131
25.7936507936508
25.7352941176471
25.6772009029346
24.7551686615887
24.3837084673098
24.2796157950907
24.1507430997877
24.0486257928119
23.972602739726
23.6240913811007
23.5263702171665
23.3572895277208
23.1434384537131
23.0263157894737
22.7045908183633
22.6143141153082
22.5024727992087
22.3039215686275
22.2385141739981
22.1303501945525
21.9594594594595
21.8330134357006
21.7080152671756
21.6666666666667
21.6254752851711
21.1431226765799
21.1038961038961
21.0648148148148
20.8715596330275
20.8333333333333
20.7952468007313
20.757299270073
20.6442831215971
20.5324909747293
20.4954954954955
20.4586330935252
20.3488372093023
20.2402135231317
20.2042628774423
20.1684397163121
20.0971731448763
19.7826086956522
19.7482638888889
19.6459412780656
19.5783132530121
19.5111492281304
19.4444444444445
19.3781942078365
19.1821247892074
19.1498316498317
18.9899833055092
18.9583333333333
18.9267886855241
18.8327814569537
18.801652892562
18.7706270627063
18.5562805872757
18.4959349593496
18.3764135702746
18.317230273752
18.2877813504823
18.2584269662921
18.1419457735247
18.0842607313196
17.9416403785489
17.5269645608629
15.4551630434783
11.1958661417323
10.4935424354244
8.50149476831092
8.07883522727273
7.65477792732167
6.08288770053476
5.59793307086615
4.60899513776337
4.52106518282989
4.28275602409639
3.82224462365592
3.57255025125628
3.54582294264339
3.42208182912154
3.28377598152425
2.98713235294118
2.75557170542636
1.8882802124834
1.7048860911271
1.68269230769231
1.37246621621622
96.2335216572505
90.7637655417407
88.5615251299827
87.8006872852234
87.2013651877134
85.7382550335571
85.1666666666667
83.2247557003258
80.8544303797469
80.2197802197803
79.595015576324
76.8421052631579
75.2577319587629
73.8439306358382
73.3142037302726
72.3796033994335
70.4827586206897
69.1474966170501
68.7752355316286
67.5033025099076
66.7101827676241
65.5128205128206
64.3576826196474
63.9549436795995
59.4877764842841
58.8709677419355
58.5337915234823
49.2292870905588
47.4907063197026
46.1191335740073
45.5436720142603
44.9823943661972
44.6678321678322
44.4347826086957
42.5833333333334
41.4772727272727
40.6847133757962
40.5555555555556
40.236220472441
39.3682588597843
39.247311827957
38.7121212121212
38.595166163142
38.421052631579
37.9080118694362
37.6288659793815
37.5183553597651
36.9219653179191
36.7625899280576
36.2926136363637
35.387811634349
35.2413793103448
35.1444291609354
34.9043715846995
34.8092643051771
34.4804318488529
34.1577540106952
33.841059602649
33.5301837270341
33.2249674902471
33.1387808041505
33.0530401034929
32.547770700637
32.382762991128
32.1788413098237
32.0979899497488
31.9774718397998
31.8181818181818
31.6212871287129
31.4268142681427
31.2729498164015
31.0072815533981
30.9322033898305
30.8202653799759
30.7460890493382
30.4166666666667
30.2366863905326
30.0942285041225
29.743888242142
29.6747967479675
29.6060254924682
29.5034642032333
29.2
29.133409350057
29.0671217292378
28.968253968254
28.9027149321267
28.8374717832957
27.8019586507073
27.384780278671
27.2678762006404
27.1231422505308
27.0084566596195
26.9230769230769
26.5316718587747
26.4219234746639
26.2320328542095
