32.2
32.0166666666667
32.05
32.0833333333333
32.35
32.2
32.0833333333333
32.2166666666667
32.0666666666667
32.1
31.9333333333333
35.9166666666667
37.5333333333333
34.1833333333333
35.4833333333333
32.1833333333333
32.1833333333333
32.1166666666667
32.25
32.1
31.9166666666667
32.0666666666667
32.2666666666667
32.55
32.25
32.2
32.3166666666667
32.2
32.1166666666667
32.2666666666667
32.5166666666667
32.0333333333333
31.9333333333333
32.1166666666667
32.25
32.1833333333333
32.05
32.3166666666667
32.1166666666667
31.9166666666667
32
32.2833333333333
32.6
32.0166666666667
32.35
32.0333333333333
31.9666666666667
32.3
32.15
32.0333333333333
32.1
32.3
32.1166666666667
32.4333333333333
32.4666666666667
31.9666666666667
32.0166666666667
32.0333333333333
32.15
32.3
32.4166666666667
32.1666666666667
31.8666666666667
32.4
32.2833333333333
32.5
32.5166666666667
32.0333333333333
32.0666666666667
31.95
32.1
31.9333333333333
32.2333333333333
32.25
32.3166666666667
31.9666666666667
32.1833333333333
32
32.45
32.2166666666667
32.0166666666667
32.2333333333333
32.4666666666667
32.3166666666667
31.9333333333333
32.3166666666667
32.4166666666667
32.0833333333333
32.2
32.4666666666667
32.3666666666667
32.6166666666667
32.1
32.1166666666667
32.0166666666667
31.9833333333333
32.2333333333333
32.1833333333333
32.1666666666667
32.4166666666667
32.45
32.4833333333333
32.2333333333333
32.2
32.15
32.6833333333333
32.3833333333333
32.3166666666667
32.4166666666667
32.1333333333333
32.1166666666667
32.0666666666667
32.25
32.1666666666667
32.5
32.15
32.0333333333333
32.5333333333333
32.4666666666667
32.3833333333333
32.1833333333333
32.3333333333333
32.2166666666667
32.2666666666667
32.2166666666667
32.2833333333333
32.2166666666667
31.85
32.1
32.0833333333333
32.0333333333333
32.0833333333333
32.2666666666667
32.2166666666667
31.8833333333333
31.9666666666667
32.2833333333333
32.4666666666667
32.2333333333333
31.8333333333333
32.4
32.15
31.9666666666667
32.4
32.2666666666667
32
31.9666666666667
32.1833333333333
32.4
32.25
32.0833333333333
31.95
32.2
32.1
32.0166666666667
32.3333333333333
32.15
32.15
32.1833333333333
32.2833333333333
32.2666666666667
32.3
31.9666666666667
31.95
32.2333333333333
32.0333333333333
32.2
32.2166666666667
32.05
31.85
32.0666666666667
32.25
32.2333333333333
32.2666666666667
32.1166666666667
31.85
32.3333333333333
32.1333333333333
32.05
32.1666666666667
32.4
32.1
32.65
32.45
32.5666666666667
32.0666666666667
32.2166666666667
32.05
32.5166666666667
32.3666666666667
32.3
32
32.1666666666667
31.8666666666667
32.05
32.1166666666667
32.3
32.1166666666667
32.1833333333333
31.95
32.3333333333333
32
32.1
32.0333333333333
32.1666666666667
32.0166666666667
32.1833333333333
32.1
32.1166666666667
32.1833333333333
32.0666666666667
32.2666666666667
32.2166666666667
32.4166666666667
32.3
32.2666666666667
32.2666666666667
32.15
32.35
32.1666666666667
32.3166666666667
32.3
32.1166666666667
32
32.4166666666667
32.1166666666667
32.2833333333333
32.25
31.9833333333333
31.9666666666667
32.1166666666667
32.1166666666667
32.3666666666667
32.3833333333333
32.4166666666667
32.1166666666667
32.2166666666667
32.55
32.2166666666667
32.3
32.5833333333333
32.15
32.3333333333333
32.25
32.1833333333333
32.3666666666667
32.5166666666667
32.1833333333333
32.35
32.4333333333333
32.2166666666667
32.6333333333333
32.35
31.85
32.1833333333333
32.1833333333333
32.25
32.25
32.3333333333333
32.1666666666667
32.3666666666667
32.3333333333333
32.2833333333333
32.2
32
31.75
32.1
32.1666666666667
32.05
32.1833333333333
32.35
32.1833333333333
33.1166666666667
32.0166666666667
32.3
32.5
32.3666666666667
32.2166666666667
32.15
32.2833333333333
32.3166666666667
32.1333333333333
31.9833333333333
32.2166666666667
32.0166666666667
32.2
32.1333333333333
32.1666666666667
