0
0
0
0
0.5420054200542
0
0
0
0
97.1861471861471
0.432900432900433
0
0
0
0
27.08082026538
28.1664656212304
28.4680337756333
31.7249698431846
31.9059107358263
33.3534378769602
33.8962605548854
35.4644149577805
35.6453558504222
35.7056694813028
36.6103739445115
36.670687575392
36.9119420989144
37.4547647768395
37.5150784077202
37.6357056694813
37.6357056694813
37.8769601930036
38.0579010856454
38.1785283474065
38.6007237635706
38.7213510253317
38.7816646562123
38.9022919179735
39.0229191797346
39.3848009650181
39.7466827503016
39.8069963811821
39.8673100120627
40.2291917973462
40.5910735826297
40.7117008443908
41.254523522316
41.7370325693607
41.8576598311219
41.9179734620024
41.978287092883
42.1592279855247
42.1592279855247
42.1592279855247
42.3401688781665
42.4004825090471
42.4607961399276
42.5814234016887
42.7020506634499
42.8829915560917
43.0036188178528
43.0639324487334
43.3051869722558
43.3655006031363
43.3655006031363
43.6067551266586
44.0289505428226
44.0289505428226
44.2098914354644
44.4511459589867
44.692400482509
44.692400482509
44.8130277442702
44.8733413751508
44.9939686369119
45.6574185765983
46.0193003618818
46.0796139927624
46.0796139927624
46.7430639324487
46.9843184559711
47.2858866103739
47.9493365500603
47.9493365500603
48.1905910735826
48.3112183353438
48.7937273823884
48.9746682750302
50
51.6284680337756
51.6887816646562
51.9903498190591
52.0506634499397
53.0759951749095
55.6091676718938
55.6091676718938
57.1170084439083
57.7201447527141
58.443908323281
58.6248492159228
61.7008443908323
66.3449939686372
69.722557297949
70.0844390832326
72.9794933655004
73.7032569360677
77.3220747889021
81.3027744270202
83.2328106151987
83.3534378769604
86.4897466827501
86.8516284680338
88.057901085645
95.8986731001208
0.120627261761158
0
0
0
0
25.5986316989738
26.6248574686431
26.9099201824401
29.9885974914482
30.1596351197263
31.5279361459521
32.0410490307867
33.5233751425314
33.6944127708096
33.751425313569
34.6066134549601
34.6636259977195
34.8916761687571
35.4047890535918
35.4618015963512
35.57582668187
35.57582668187
35.8038768529076
35.9749144811859
36.0889395667047
36.4880273660205
36.6020524515393
36.6590649942988
36.7730900798175
36.8871151653364
37.2291904218928
37.5712656784493
37.6282782212087
37.6852907639681
38.0273660205245
38.3694412770809
38.4834663625998
38.9965792474344
39.4526795895097
39.5667046750285
39.6237172177879
39.6807297605473
39.8517673888256
39.8517673888256
39.8517673888256
40.0228050171038
40.0798175598632
40.1368301026226
40.2508551881414
40.3648802736602
40.5359179019384
40.6499429874572
40.7069555302166
40.9350057012543
40.9920182440137
40.9920182440137
41.2200684150513
41.6191562143671
41.6191562143671
41.7901938426454
42.018244013683
42.2462941847206
42.2462941847206
42.3603192702395
42.4173318129989
42.5313568985176
43.1584948688711
43.5005701254276
43.557582668187
43.557582668187
44.1847206385405
44.4127708095781
44.6978335233751
45.3249714937286
45.3249714937286
45.5530216647663
45.6670467502851
46.1231470923603
46.2941847206385
47.2633979475484
48.8027366020524
48.8597491448119
49.1448118586089
49.2018244013683
50.1710376282782
52.5655644241733
52.5655644241733
53.9908779931585
54.5610034207525
55.2451539338654
55.4161915621437
58.3238312428734
62.7137970353481
65.9064994298743
66.2485746864309
68.9851767388824
69.6693272519956
73.0900798175597
76.8529076396804
78.6773090079814
78.7913340935007
81.7559863169896
82.0980615735462
83.238312428734
90.6499429874574
98.4036488027368
99.7719498289625
0.114025085518814
0
0
0
0
24.3228602383532
25.2979414951246
25.5687973997833
28.4940411700975
28.6565547128927
29.9566630552546
30.4442036836403
31.8526543878657
32.0151679306609
32.0693391115926
32.8819068255688
32.9360780065005
33.1527627302275
33.6403033586132
33.694474539545
33.8028169014084
33.8028169014084
34.0195016251354
34.1820151679307
34.2903575297941
34.6695557963164
34.7778981581798
34.8320693391116
34.9404117009751
35.0487540628386
35.373781148429
35.6988082340195
35.7529794149512
35.807150595883
36.1321776814735
36.4572047670639
36.5655471289274
37.0530877573131
37.4864572047671
37.5947995666306
37.6489707475623
37.703141928494
37.8656554712893
37.8656554712893
37.8656554712893
38.0281690140845
38.0823401950163
38.136511375948
38.2448537378115
38.353196099675
38.5157096424702
38.6240520043337
38.6782231852654
38.8949079089925
38.9490790899242
38.9490790899242
39.1657638136511
39.5449620801733
39.5449620801733
39.7074756229686
39.9241603466955
40.1408450704225
40.1408450704225
40.249187432286
40.3033586132178
40.4117009750812
