87.878787878788
79.9212598425198
79.2968750000001
75.1851851851853
74.4954128440368
73.952641165756
73.2851985559568
72.1136767317941
63.2398753894082
61.8902439024391
61.0526315789474
59.7938144329898
59.0116279069768
57.8347578347579
55.6927297668039
54.6433378196501
51.71974522293
51.4575411913816
51.1335012594459
50.2475247524753
49.6940024479805
47.8209658421673
47.0451911935111
46.7741935483872
46.5063001145476
45.5667789001123
45.3125000000001
44.4201312910285
43.9869989165764
43.7500000000001
43.3297758804696
43.099787685775
42.9175475687104
42.6919032597267
41.6837782340863
40.7221664994985
40.5189620758483
40.1582591493571
39.1136801541426
38.8888888888889
38.374291115312
37.1115173674589
36.976320582878
36.6425992779784
36.1853832442068
35.6140350877193
35.4895104895105
35.1819757365685
34.8797250859107
34.3485617597293
34.0604026845638
33.8333333333334
32.9545454545455
32.6892109500806
32.5842696629214
32.4281150159745
32.2222222222223
32.120253164557
30.3437967115098
30.2083333333334
30.1186943620178
29.8969072164949
29.8091042584435
29.5918367346939
29.4202898550725
29.2086330935252
29.0414878397711
28.7535410764873
28.5513361462729
28.4712482468444
28
27.9229711141679
27.846364883402
27.5815217391305
27.469553450609
27.0666666666667
26.8874172185431
26.8163804491414
26.6404199475066
26.5013054830288
26.0925449871466
26.0256410256411
25.7941550190598
25.7287705956908
25.566750629723
25.5025125628141
25.4067584480601
25.1237623762377
25.0617283950618
24.969249692497
24.9079754601227
24.7863247863248
24.3697478991597
24.2243436754177
24.0806642941875
23.9669421487604
23.9104829210837
23.8262910798122
23.7149532710281
23.2531500572738
23.094425483504
23.015873015873
22.4309392265194
22.3814773980155
22.3322332233224
22.2587719298246
22.0412595005429
21.8279569892473
21.7577706323687
21.6648879402348
21.390937829294
21.3459516298633
21.1899791231733
21.0799584631361
21.0362694300518
20.9494324045408
20.6931702344547
20.3203203203203
20.2191235059761
19.8435972629521
19.7087378640777
19.4444444444445
19.1509433962264
19.0789473684211
18.9013035381751
18.8661710037175
18.6238532110092
18.5897435897436
18.5557586837295
18.521897810219
18.3876811594203
18.3544303797469
18.1574239713775
18.0926916221034
17.7758318739054
17.6215277777778
17.560553633218
17.4698795180723
17.4398625429553
17.3801369863014
17.2913117546849
17.23259762309
17.1452702702703
17.1163575042159
16.9166666666667
16.6666666666667
16.1624203821656
12.9299363057325
11.8852459016394
11.2777777777778
9.1606498194946
8.29248366013073
7.58594917787744
6.66010498687665
6.56532988357051
5.42780748663102
4.11264181523501
3.1639650872818
2.98881036513546
2.45881782945737
1.68492695883134
1.50147928994083
0.834703947368422
98.7012987012987
89.7637795275591
89.0625
84.4444444444444
83.6697247706422
83.0601092896175
82.3104693140794
80.9946714031972
71.0280373831776
69.5121951219512
68.5714285714286
67.1575846833579
66.2790697674419
64.957264957265
62.5514403292181
61.3728129205922
58.0891719745223
57.7946768060836
57.4307304785894
56.4356435643564
55.8139534883721
53.7102473498233
52.8389339513326
52.5345622119816
52.233676975945
51.1784511784512
50.8928571428571
49.890590809628
49.4041170097508
49.1379310344828
48.6659551760939
48.4076433121019
48.2029598308668
47.9495268138801
46.8172484599589
45.7372116349047
45.5089820359281
45.1038575667656
43.9306358381503
43.6781609195402
43.1001890359168
41.6819012797075
41.5300546448087
41.1552346570397
40.6417112299465
40
39.8601398601399
39.5147313691508
39.1752577319588
38.5786802030457
38.255033557047
38
37.012987012987
36.7149758454106
36.5971107544141
36.4217252396166
36.1904761904762
36.0759493670886
34.0807174887892
33.9285714285714
33.8278931750742
33.5787923416789
33.4801762114537
33.2361516034985
33.0434782608696
32.8057553956835
32.618025751073
32.2946175637394
32.0675105485232
31.9775596072931
31.448275862069
31.3617606602476
31.2757201646091
30.9782608695652
30.8525033829499
30.4
30.1986754966887
30.1188903566711
29.9212598425197
29.7650130548303
29.305912596401
29.2307692307692
28.9707750952986
28.8973384030418
28.7153652392947
28.643216080402
28.5356695869837
28.2178217821782
28.1481481481481
28.0442804428044
27.9754601226994
27.8388278388278
27.3709483793517
27.2076372315036
27.0462633451957
26.9185360094451
26.8551236749117
26.7605633802817
26.6355140186916
26.1168384879725
25.938566552901
25.8503401360544
25.1933701657459
25.1378169790518
25.0825082508251
25
24.7557003257329
24.5161290322581
24.4372990353698
24.332977588047
24.0252897787144
23.9747634069401
23.7995824634656
23.6760124610592
23.6269430051813
23.5294117647059
23.2415902140673
22.8228228228228
22.7091633466135
22.2873900293255
22.1359223300971
21.8390804597701
21.5094339622642
21.4285714285714
21.2290502793296
