0
0
0
0
0
0
0
0
0
0
0
0
0
0
15.75145
15.89595
16.18497
16.18497
16.32948
16.32948
16.90751
17.05202
17.05202
17.19653
17.34104
17.77457
17.91908
18.06358
18.64162
19.07514
19.21965
19.21965
19.50867
20.23121
20.37572
20.52023
20.95376
21.09827
21.24277
21.24277
21.38728
21.38728
21.53179
21.6763
21.96532
21.96532
22.10983
22.39884
22.54335
22.83237
22.97688
23.12139
23.4104
23.69942
23.98844
24.56647
24.71098
24.85549
25
25.28902
26.30058
26.30058
26.44509
26.5896
26.5896
27.02312
28.17919
28.46821
28.90173
28.90173
29.33526
29.47977
30.0578
30.0578
30.20231
30.34682
30.92486
30.92486
31.21387
31.35838
31.35838
31.6474
31.79191
32.51445
32.65896
32.94798
32.94798
32.94798
33.09249
33.3815
33.3815
33.52601
33.81503
33.81503
33.95954
33.95954
33.95954
34.10405
34.10405
34.10405
34.10405
34.39306
34.68208
34.82659
34.82659
34.82659
34.82659
34.82659
34.82659
34.9711
34.9711
34.9711
34.9711
34.9711
34.9711
34.9711
35.11561
35.26012
35.26012
35.26012
35.26012
35.26012
35.40462
35.40462
35.40462
35.40462
35.40462
35.40462
35.54913
35.54913
35.54913
35.69364
35.69364
35.69364
35.69364
35.69364
35.69364
35.69364
35.83815
35.83815
35.83815
35.83815
35.83815
35.83815
35.83815
35.83815
35.83815
35.98266
35.98266
35.98266
35.98266
35.98266
35.98266
35.98266
36.12717
36.12717
36.12717
36.12717
36.12717
36.12717
36.12717
36.27168
36.27168
36.27168
36.27168
36.27168
36.41618
36.41618
36.41618
36.56069
36.56069
36.56069
36.56069
36.56069
36.56069
36.56069
36.56069
36.7052
36.7052
36.7052
36.7052
36.7052
36.7052
36.7052
36.7052
36.7052
36.7052
36.7052
36.7052
36.7052
36.7052
36.7052
36.7052
36.84971
36.84971
36.84971
36.84971
36.84971
36.84971
36.84971
36.84971
36.84971
36.99422
36.99422
36.99422
36.99422
36.99422
36.99422
37.13873
37.13873
37.13873
37.13873
37.13873
37.13873
37.13873
37.13873
37.28324
37.28324
37.28324
37.28324
37.28324
37.28324
37.42775
37.42775
37.42775
37.42775
37.42775
37.42775
37.42775
37.42775
37.42775
37.42775
37.42775
37.57225
37.57225
37.57225
37.57225
37.57225
37.57225
37.57225
37.57225
37.57225
37.71676
37.71676
37.71676
37.71676
37.71676
37.71676
37.71676
37.71676
37.71676
37.71676
37.71676
37.71676
37.86127
37.86127
37.86127
37.86127
37.86127
37.86127
37.86127
37.86127
37.86127
37.86127
37.86127
37.86127
37.86127
37.86127
37.86127
37.86127
38.00578
38.00578
38.00578
38.00578
38.00578
38.00578
38.00578
38.00578
38.15029
38.15029
38.15029
38.15029
38.15029
38.15029
38.2948
38.2948
38.2948
38.2948
