24.5222929936306
26.1146496815286
26.687898089172
27.5796178343949
27.7707006369427
27.8980891719746
28.1528662420382
29.0445859872611
29.3630573248407
30.1910828025477
30.3184713375796
30.3821656050955
31.656050955414
32.547770700637
33.0573248407643
34.0764331210191
34.2675159235668
34.5859872611465
34.968152866242
34.968152866242
34.968152866242
36.2420382165605
37.0063694267516
37.1337579617835
37.2611464968153
37.8980891719745
38.0891719745223
38.2165605095541
39.6178343949045
39.8726114649681
40.7643312101911
40.8917197452229
42.0382165605096
42.2292993630573
42.484076433121
43.6942675159236
43.9490445859872
44.0764331210191
44.203821656051
44.4585987261146
44.968152866242
45.0955414012739
45.2866242038217
46.1783439490446
46.7515923566879
46.8789808917197
50.5095541401274
50.6369426751592
50.828025477707
52.9299363057325
58.6624203821656
60.6369426751592
65.8598726114649
74.9044585987261
76.6878980891717
87.3885350318475
23.164861612515
24.6690734055355
25.2105896510229
26.0529482551143
26.2334536702768
26.3537906137184
26.5944645006017
27.4368231046931
27.7376654632972
28.5198555956678
28.6401925391095
28.7003610108303
29.9037304452467
30.7460890493382
31.2274368231047
32.1901323706378
32.3706377858002
32.6714801444043
33.0324909747292
33.0324909747292
33.0324909747292
34.2358604091456
34.9578820697954
35.0782190132371
35.1985559566787
35.8002406738869
35.9807460890494
36.101083032491
37.424789410349
37.6654632972322
38.5078219013237
38.6281588447653
39.7111913357401
39.8916967509025
40.1323706377858
41.2755716004814
41.5162454873646
41.6365824308063
41.7569193742479
41.9975932611311
42.4789410348977
42.5992779783394
42.7797833935018
43.6221419975933
44.1636582430807
44.2839951865223
47.7135980746089
47.8339350180506
48.014440433213
50
55.4151624548736
57.280385078219
62.2141997593261
70.7581227436823
72.4428399518649
82.551143200963
95.0661853188932
20.8559046587215
22.2101841820151
22.6977248104009
23.4561213434453
23.6186348862405
23.726977248104
23.943661971831
24.7020585048754
24.9729144095341
25.6771397616468
25.7854821235103
25.839653304442
26.9230769230769
27.6814734561214
28.1148429035753
28.9815817984832
29.1440953412784
29.4149512459372
29.7399783315276
29.7399783315276
29.7399783315276
30.8234019501625
31.4734561213434
31.5817984832069
31.6901408450704
32.2318526543879
32.3943661971831
32.5027085590466
33.694474539545
33.9111592632719
34.6695557963164
34.7778981581798
35.7529794149512
35.9154929577465
36.1321776814735
37.1614301191766
37.3781148429035
37.4864572047671
37.5947995666306
37.8114842903575
38.2448537378115
38.353196099675
38.5157096424702
39.2741061755146
39.7616468039004
39.8699891657638
42.9577464788732
43.0660888407367
43.228602383532
45.0162513542795
49.8916576381365
51.5709642470206
56.0130010834236
63.7053087757313
65.2221018418199
74.3228602383535
85.5904658721563
90.4658721560131
97.5081256771398
98.483206933911
98.916576381365
17.4050632911392
18.5352622061483
18.9421338155515
19.5750452079566
19.7106690777577
19.8010849909584
19.9819168173598
20.6148282097649
20.8408679927667
21.4285714285714
21.5189873417722
21.5641952983725
22.4683544303797
23.1012658227848
23.4629294755877
24.1862567811935
24.3218806509945
24.5479204339964
24.8191681735985
24.8191681735985
24.8191681735985
25.7233273056058
26.2658227848101
26.3562386980109
26.4466546112116
26.8987341772152
27.0343580470163
27.124773960217
28.119349005425
28.3001808318264
28.9330922242315
29.0235081374322
29.8372513562387
29.9728752260398
30.1537070524412
31.0126582278481
31.1934900542495
31.2839059674503
31.374321880651
31.5551537070524
31.9168173598553
32.0072332730561
32.1428571428572
32.7757685352622
33.1826401446655
33.2730560578662
35.8499095840868
35.9403254972875
36.0759493670886
37.5678119349006
41.6365280289331
43.0379746835443
46.7450271247739
53.1645569620253
54.4303797468352
62.0253164556964
71.4285714285717
75.4972875226041
81.374321880651
82.1880650994574
82.5497287522603
88.9692585895118
95.8408679927667
98.5533453887882
16.9753086419753
18.0776014109347
18.4744268077602
19.0917107583774
19.2239858906526
19.3121693121693
19.4885361552028
20.1058201058201
20.326278659612
20.8994708994709
20.9876543209877
21.031746031746
21.9135802469136
22.5308641975309
22.8835978835979
23.5890652557319
23.721340388007
23.941798941799
24.2063492063492
24.2063492063492
24.2063492063492
25.0881834215167
25.6172839506173
25.705467372134
25.7936507936508
26.2345679012346
26.3668430335097
26.4550264550265
27.4250440917108
27.6014109347442
28.2186948853616
28.3068783068783
29.1005291005291
29.2328042328042
29.4091710758378
30.2469135802469
30.4232804232804
30.5114638447972
30.599647266314
30.7760141093474
31.1287477954144
31.2169312169312
31.3492063492064
31.9664902998236
32.3633156966491
32.4514991181658
34.9647266313933
35.0529100529101
35.1851851851852
36.6402116402117
