0
0
0
0
0
0
0
0
0
0
25.5057803468208
27.0231213872833
28.6849710982659
29.1184971098266
30.3468208092486
30.8526011560694
32.0086705202312
32.1531791907514
32.8034682080925
32.8757225433526
33.8872832369942
33.9595375722544
34.3208092485549
34.4653179190751
34.7543352601156
35.4046242774566
35.8381502890173
35.8381502890173
35.9826589595375
36.5606936416185
36.5606936416185
37.0664739884393
37.2109826589596
38.0780346820809
38.150289017341
38.3670520231214
38.5115606936416
38.9450867052023
39.2341040462428
39.3063583815029
39.378612716763
39.7398843930636
40.4624277456647
40.6069364161849
40.7514450867052
41.0404624277457
42.2687861271676
42.3410404624277
42.8468208092485
42.9913294797688
43.3526011560694
43.6416184971098
43.8583815028902
44.0751445086705
44.1473988439307
44.2196531791908
44.5809248554913
44.6531791907514
44.8699421965318
45.014450867052
45.014450867052
45.1589595375722
45.2312138728323
45.5202312138729
45.6647398843931
46.0260115606936
46.0982658959538
46.242774566474
46.3150289017341
46.3872832369942
46.6763005780347
46.8208092485549
47.0375722543353
47.6156069364162
47.7601156069364
48.0491329479769
48.121387283237
48.3381502890173
48.4826589595376
48.5549132947977
48.9884393063584
49.2774566473988
49.4942196531792
49.6387283236994
49.7832369942196
50
50.0722543352601
50.3612716763006
51.3728323699422
51.8786127167631
51.9508670520231
52.0953757225433
52.6734104046243
53.4682080924855
53.9017341040462
54.2630057803468
54.407514450867
54.8410404624278
54.9132947976879
55.3468208092486
55.3468208092486
55.5635838150289
56.7919075144508
60.0433526011561
62.7890173410404
63.3670520231214
63.5838150289017
63.6560693641618
66.4739884393064
67.4132947976878
68.0635838150289
68.135838150289
68.2080924855491
70.014450867052
74.7109826589595
77.8901734104048
87.2832369942196
0
0
0
0
0
21.2394705174488
22.5030084235861
23.8868832731648
24.2478941034898
25.2707581227437
25.6919374247894
26.6546329723225
26.7749699157641
27.3164861612515
27.3766546329723
28.2190132370638
28.2791817087846
28.5800240673887
28.7003610108303
28.9410348977136
29.4825511432009
29.8435619735259
29.8435619735259
29.9638989169675
30.445246690734
30.445246690734
30.8664259927798
30.9867629362214
31.7087845968713
31.7689530685921
31.9494584837545
32.0697954271961
32.4308062575211
32.6714801444043
32.7316486161252
32.791817087846
33.0926594464501
33.6943441636582
33.8146811070999
33.9350180505415
34.1756919374248
35.1985559566787
35.2587244283995
35.6799037304452
35.8002406738869
36.101083032491
36.3417569193742
36.5222623345367
36.7027677496991
36.76293622142
36.8231046931408
37.1239470517449
37.1841155234657
37.3646209386281
37.4849578820698
37.4849578820698
37.6052948255114
37.6654632972322
37.9061371841156
38.0264741275572
38.3273164861612
38.3874849578821
38.5078219013237
38.5679903730445
38.6281588447653
38.8688327316487
38.9891696750903
39.1696750902527
39.6510228640193
39.7713598074609
40.0120336943442
40.0722021660649
40.2527075812274
40.3730445246691
40.4332129963899
40.7942238267148
41.034897713598
41.2154031287605
41.3357400722022
41.4560770156438
41.6365824308063
41.6967509025271
41.9374247894103
42.7797833935018
43.2009626955476
43.2611311672684
43.38146811071
43.8628158844765
44.5246690734055
44.8856799037304
45.1865222623345
45.3068592057762
45.6678700361011
45.7280385078219
46.0890493381469
46.0890493381469
46.2695547533093
47.2924187725631
50
52.2864019253911
52.7677496991576
52.9482551143201
53.0084235860409
55.3549939831528
56.1371841155235
56.6787003610109
56.7388688327317
56.7990373044525
58.3032490974729
62.2141997593261
64.8616125150423
72.6835138387485
85.6799037304452
88.2069795427195
88.5679903730445
89.0493381468111
89.5306859205776
90.7340553549937
94.3441636582431
0
0
0
0
0
20.1254275940707
21.3226909920183
22.6339794754846
22.9760547320411
23.945267958951
24.3443557582668
25.2565564424173
25.3705815279361
25.8836944127708
25.9407069555302
26.7388825541619
26.7958950969214
27.0809578107184
27.1949828962372
27.4230330672748
27.9361459521094
28.2782212086659
28.2782212086659
28.3922462941847
28.8483466362599
28.8483466362599
29.2474344355758
29.3614595210947
30.0456100342075
30.1026225769669
30.2736602052452
30.387685290764
30.7297605473204
30.9578107183581
31.0148232611174
31.0718358038768
31.3568985176739
31.927023945268
32.0410490307867
32.1550741163056
32.3831242873432
33.3523375142531
33.4093500570125
33.8084378563284
33.9224629418472
34.2075256556442
34.4355758266819
34.6066134549601
34.7776510832383
34.8346636259977
34.8916761687571
35.1767388825541
