0
0
0
0
30.69164
31.5562
33.42939
34.43804
34.72622
35.01441
35.73487
35.87896
36.02305
36.74352
36.88761
36.88761
37.0317
37.46398
37.46398
37.46398
37.75216
38.04035
38.04035
38.04035
38.04035
38.18444
38.18444
38.18444
38.18444
38.32853
38.32853
38.47262
38.61671
38.61671
38.61671
38.9049
38.9049
38.9049
39.04899
39.04899
39.04899
39.04899
39.04899
39.19308
39.19308
39.33718
39.33718
39.33718
39.33718
39.33718
39.33718
39.48127
39.48127
39.48127
39.48127
39.48127
39.48127
39.48127
39.48127
39.62536
39.62536
39.62536
39.62536
39.62536
39.62536
39.62536
39.76945
39.76945
39.76945
39.76945
39.76945
39.76945
39.76945
39.91354
39.91354
39.91354
39.91354
40.05764
40.05764
40.05764
40.05764
40.05764
40.05764
40.05764
40.05764
40.20173
40.20173
40.34582
40.34582
40.34582
40.34582
40.34582
40.48991
40.48991
40.48991
40.48991
40.48991
40.48991
40.48991
40.63401
40.63401
40.63401
40.63401
40.63401
40.63401
40.7781
40.7781
40.7781
40.92219
40.92219
40.92219
40.92219
41.06628
41.06628
41.06628
41.06628
41.06628
41.21037
41.21037
41.21037
41.21037
41.21037
41.21037
41.35447
41.35447
41.35447
41.35447
41.35447
41.35447
41.35447
41.35447
41.35447
41.49856
41.49856
41.49856
41.49856
41.49856
41.49856
41.49856
41.49856
41.49856
41.49856
41.49856
41.49856
41.64265
41.64265
41.64265
41.64265
41.64265
41.78674
41.78674
41.78674
41.78674
41.78674
41.93084
41.93084
41.93084
42.07493
42.07493
42.07493
42.07493
42.07493
42.07493
42.07493
42.21902
42.21902
42.21902
42.21902
42.21902
42.21902
42.21902
42.21902
42.21902
42.21902
42.21902
42.36311
42.36311
42.36311
42.36311
42.36311
42.36311
42.36311
42.5072
42.5072
42.5072
42.5072
42.5072
42.5072
42.5072
42.5072
42.5072
42.5072
42.5072
42.5072
42.5072
42.6513
42.6513
42.6513
42.6513
42.6513
42.6513
42.6513
42.79539
42.79539
42.79539
42.79539
42.79539
42.79539
42.79539
42.79539
42.79539
42.79539
42.93948
42.93948
42.93948
42.93948
42.93948
43.08357
43.08357
43.08357
43.08357
43.08357
43.08357
43.08357
43.08357
43.08357
43.08357
43.22767
43.22767
43.22767
43.22767
43.22767
43.22767
43.22767
43.22767
43.22767
43.22767
43.22767
43.37176
43.37176
43.37176
43.37176
43.37176
43.37176
43.37176
43.37176
43.37176
43.51585
43.51585
43.51585
43.51585
43.51585
43.51585
43.51585
43.51585
43.51585
43.51585
43.65994
43.65994
43.65994
43.65994
43.65994
43.65994
43.65994
43.65994
43.65994
43.65994
43.65994
43.65994
43.65994
43.65994
43.65994
43.80403
43.80403
43.80403
43.80403
43.80403
43.80403
43.80403
43.80403
43.80403
43.94813
43.94813
43.94813
43.94813
43.94813
43.94813
43.94813
