0
0
0
0
0
0
0
69.26407
85.28139
88.74459
90.04329
91.34199
92.20779
93.50649
93.93939
94.37229
95.2381
95.671
95.671
96.1039
96.5368
98.2684
98.2684
98.7013
99.5671
0
0
0
0
0
0
0
24.7678
30.49536
31.73375
32.19814
32.66254
32.97214
33.43653
33.59133
33.74613
34.05573
34.21053
34.21053
34.36533
34.52012
35.13932
35.13932
35.29412
35.60372
35.75851
36.06811
36.22291
36.37771
36.37771
36.37771
36.53251
36.84211
36.84211
36.84211
36.9969
37.1517
37.3065
37.3065
37.3065
37.4613
37.6161
37.6161
37.6161
37.7709
37.9257
38.0805
38.23529
38.23529
38.23529
38.54489
38.54489
38.54489
38.54489
38.69969
38.69969
38.69969
38.85449
39.00929
39.00929
39.00929
39.16409
39.62848
39.62848
39.62848
39.78328
39.78328
39.93808
40.09288
40.09288
40.24768
40.24768
40.40248
40.40248
40.40248
40.40248
40.40248
40.55728
40.55728
40.55728
40.55728
40.55728
40.71207
40.71207
40.86687
40.86687
40.86687
40.86687
41.02167
41.17647
41.17647
41.33127
41.33127
41.33127
41.33127
41.33127
41.48607
41.48607
41.48607
41.48607
41.64087
41.64087
41.64087
41.64087
41.64087
41.79567
41.79567
41.95046
41.95046
41.95046
41.95046
41.95046
42.10526
42.10526
42.26006
42.41486
42.41486
42.41486
42.41486
42.41486
42.56966
42.56966
42.56966
42.72446
42.72446
42.72446
42.87926
43.03406
43.03406
43.03406
43.18885
43.18885
43.34365
43.49845
43.49845
43.49845
43.49845
43.65325
43.65325
43.65325
43.80805
43.80805
43.96285
43.96285
44.11765
44.11765
44.27245
44.27245
44.42724
44.42724
44.42724
44.42724
44.58204
44.73684
44.73684
44.73684
44.73684
44.89164
45.04644
45.04644
45.20124
45.20124
45.20124
45.20124
45.35604
45.35604
45.35604
45.35604
45.66563
45.66563
45.66563
45.66563
45.82043
45.82043
45.97523
45.97523
46.13003
46.13003
46.13003
46.28483
46.43963
46.43963
46.43963
46.59443
46.59443
46.74923
46.74923
46.90402
47.21362
47.36842
47.52322
47.52322
47.52322
47.52322
47.67802
47.98762
47.98762
48.14241
48.29721
48.29721
48.29721
48.45201
48.45201
48.60681
48.60681
48.60681
48.76161
48.76161
48.91641
49.22601
49.3808
49.3808
49.3808
49.5356
49.6904
49.8452
50.3096
50.6192
50.6192
50.77399
51.08359
51.08359
51.54799
51.70279
51.70279
51.70279
51.85759
52.16718
52.32198
52.47678
52.94118
53.40557
53.40557
53.71517
53.86997
54.64396
55.10836
55.26316
55.41796
55.57276
55.57276
56.19195
56.50155
56.81115
56.96594
57.12074
57.27554
57.27554
57.58514
57.73994
58.04954
58.51393
58.51393
58.82353
58.97833
59.28793
59.28793
60.37152
60.52632
60.68111
60.83591
60.99071
61.14551
