93.6974789915968
91.958762886598
91.2065439672803
90.2834008097167
87.1093750000001
79.7853309481217
78.5211267605635
77.9720279720281
76.6323024054984
74.3333333333334
73.7190082644629
71.5890850722312
71.0191082802549
68.509984639017
67.5757575757576
66.6666666666667
64.8255813953489
62.7285513361463
62.2905027932962
61.9444444444445
61.5172413793104
61.1796982167353
58.5301837270342
58.22454308094
57.8469520103762
57.1794871794872
54.5899632802938
51.6801853997683
51.3824884792627
50.0561167227835
49.5555555555556
49.2817679558012
48.7964989059082
48.320693391116
47.5987193169691
44.1147378832839
43.3009708737865
41.8386491557224
41.4498141263941
39.7504456327986
38.986013986014
37.6053962900506
37.4161073825504
37.2909698996656
37.1666666666667
37.0431893687708
36.8595041322315
35.0078492935636
34.1500765696784
33.4332833583209
33.0860534124629
32.8424153166422
32.6500732064422
32.5072886297376
32.4127906976745
32.2254335260116
32.0863309352518
31.9942611190818
31.9027181688126
31.1452513966481
30.7586206896552
30.3814713896458
29.812834224599
29.3807641633729
29.2650918635171
29.11227154047
28.4076433121019
28.1565656565657
27.8401997503121
27.6674937965261
27.429274292743
27.3619631901841
27.2949816401469
27.1289537712896
26.997578692494
26.8998793727383
26.5476190476191
26.3905325443787
26.2661955241461
25.9604190919674
25.632183908046
25.4275940706956
25.1693002257337
25.0843644544432
24.9720044792833
24.3982494529541
24.3449781659389
24.2128121606949
24.0820734341253
24.0301724137931
23.9013933547696
23.7993596584846
23.6730360934183
23.4984193888304
23.4490010515247
23.2776617954071
23.2291666666667
23.0610134436401
22.8952772073922
22.7319062181448
22.3671013039118
22.2111553784861
22.057368941642
22.0138203356367
21.9488188976378
21.7986314760509
21.5250965250965
21.2380952380953
20.7249070631971
20.6864564007421
20.4212454212454
20.3839122486289
20.1992753623189
20.1627486437613
19.9107142857143
19.8752228163993
19.7695035460993
19.6996466431096
19.6302816901409
19.5957820738137
19.493006993007
19.425087108014
19.3913043478261
19.3576388888889
19.3240901213172
19.2573402417962
19.1910499139415
19.1252144082333
19.0598290598291
18.9948892674617
18.8026981450253
18.7710437710438
18.6143572621035
18.5833333333334
18.4297520661157
18.3993399339934
18.3388157894737
18.3087027914614
18.130081300813
18.1006493506494
17.983870967742
17.9260450160772
17.7265500794913
17.6424050632912
17.5867507886436
17.1802773497689
15.1494565217391
14.203821656051
7.50336473755048
7.00376884422111
5.89323467230445
4.8310225303293
2.6854527938343
2.40301724137931
1.81006493506494
1.68939393939394
1.65332147093713
1.5002691065662
1.13868464052288
94.3277310924369
92.5773195876288
91.8200408997954
90.8906882591093
87.6953124999999
80.3220035778175
79.0492957746478
78.4965034965035
77.147766323024
74.8333333333333
74.2148760330578
72.0706260032102
71.4968152866242
68.9708141321044
68.030303030303
67.1150971599402
65.2616279069767
63.1504922644163
62.7094972067039
62.3611111111111
61.9310344827586
61.5912208504801
58.9238845144357
58.6161879895561
58.2360570687419
57.5641025641025
54.9571603427172
52.0278099652375
51.7281105990783
50.3928170594837
49.8888888888889
49.6132596685083
49.124726477024
48.6457204767064
47.9188900747065
44.4114737883284
43.5922330097087
42.1200750469043
41.728624535316
40.0178253119429
39.2482517482517
37.858347386172
37.6677852348993
37.5418060200669
37.4166666666666
37.2923588039867
37.1074380165289
35.2433281004709
34.3797856049004
33.6581709145427
33.3086053412463
33.0633284241531
32.8696925329429
32.7259475218659
32.6308139534883
32.4421965317919
32.3021582733813
32.209469153515
32.1173104434907
31.3547486033519
30.9655172413793
30.5858310626703
30.0133689839572
29.5783926218709
29.4619422572178
29.3080939947781
28.5987261146497
28.3459595959596
28.0274656679151
27.8535980148883
27.6137761377614
27.5460122699386
27.4785801713586
27.3114355231143
27.1791767554479
27.08082026538
26.7261904761905
26.5680473372781
26.4428739693757
26.1350407450524
25.8045977011494
25.5986316989738
25.3386004514673
25.2530933633296
25.1399776035834
24.562363238512
24.5087336244541
24.3756786102063
24.244060475162
24.1918103448276
24.0621650589496
23.9594450373532
23.8322717622081
23.6564805057956
23.6067297581493
23.4342379958246
23.3854166666667
23.2161323681489
23.0492813141684
22.8848114169215
22.5175526579739
22.3605577689243
22.2057368941642
22.1618953603159
22.0964566929134
21.9452590420332
21.6698841698842
21.3809523809524
20.864312267658
20.8256029684601
20.558608058608
