33.637339055794
33.2449628844115
32.5207468879668
32.319587628866
31.859756097561
31.7629179331307
31.570996978852
31.2250996015936
31.1320754716981
30.615234375
30.4961089494163
30.3779069767442
30.2023121387283
29.8571428571429
29.6313799621928
29.5197740112994
29.4642857142857
29.3539325842697
29.0277777777778
28.9206642066421
28.5
28.448275862069
27.9910714285714
27.6943462897527
26.8867924528302
26.7035775127768
26.2562814070352
24.9205087440382
24.8809523809524
22.9838709677419
22.7173913043478
22.0464135021097
21.953781512605
21.6505524861878
21.0685483870968
20.734126984127
20.5708661417323
19.968152866242
18.9311594202899
18.1004618937644
18.0587557603687
17.4944196428571
13.7984154929577
9.84610552763819
7.63888888888889
3.32661290322581
90.3458213256484
90.2158273381295
89.9569583931133
89.5714285714286
87.4476987447699
87.3259052924791
85.3061224489796
84.1610738255034
70.1342281879195
65.8613445378151
60.0574712643678
57.5229357798165
47.2138554216867
45.3034682080925
42.5951086956522
41.6334661354582
40.8735332464146
40.5562742561449
40.2439024390244
39.9363057324841
35.9931113662457
35.625
35.5039637599094
35.3837471783296
33.745963401507
33.637339055794
33.2449628844115
32.5207468879668
32.319587628866
31.859756097561
31.7629179331307
31.570996978852
31.2250996015936
31.1320754716981
30.615234375
30.4961089494163
30.3779069767442
30.2023121387283
29.8571428571429
29.6313799621928
29.5197740112994
29.4642857142857
29.3539325842697
29.0277777777778
28.9206642066421
28.5
28.448275862069
27.9910714285714
27.6943462897527
26.8867924528302
26.7035775127768
26.2562814070352
24.9205087440382
24.8809523809524
22.9838709677419
22.7173913043478
22.0464135021097
21.953781512605
21.6505524861878
21.0685483870968
20.734126984127
20.5708661417323
19.968152866242
18.9311594202899
18.1004618937644
18.0587557603687
17.4944196428571
13.7984154929577
9.84610552763819
7.63888888888889
3.32661290322581
90.3458213256484
90.2158273381295
89.9569583931133
89.5714285714286
87.4476987447699
87.3259052924791
85.3061224489796
84.1610738255034
70.1342281879195
65.8613445378151
60.0574712643678
57.5229357798165
47.2138554216867
45.3034682080925
42.5951086956522
41.6334661354582
40.8735332464146
40.5562742561449
40.2439024390244
39.9363057324841
35.9931113662457
35.625
35.5039637599094
35.3837471783296
33.745963401507
33.637339055794
33.2449628844115
32.5207468879668
32.319587628866
31.859756097561
31.7629179331307
31.570996978852
31.2250996015936
31.1320754716981
30.615234375
30.4961089494163
30.3779069767442
30.2023121387283
29.8571428571429
29.6313799621928
29.5197740112994
29.4642857142857
29.3539325842697
29.0277777777778
28.9206642066421
28.5
28.448275862069
27.9910714285714
27.6943462897527
26.8867924528302
26.7035775127768
26.2562814070352
24.9205087440382
24.8809523809524
22.9838709677419
22.7173913043478
22.0464135021097
21.953781512605
21.6505524861878
21.0685483870968
20.734126984127
20.5708661417323
19.968152866242
18.9311594202899
18.1004618937644
18.0587557603687
17.4944196428571
13.7984154929577
9.84610552763819
7.63888888888889
3.32661290322581
90.3458213256484
90.2158273381295
89.9569583931133
89.5714285714286
87.4476987447699
87.3259052924791
85.3061224489796
84.1610738255034
70.1342281879195
65.8613445378151
60.0574712643678
57.5229357798165
47.2138554216867
45.3034682080925
42.5951086956522
41.6334661354582
40.8735332464146
40.5562742561449
40.2439024390244
39.9363057324841
35.9931113662457
35.625
35.5039637599094
35.3837471783296
33.745963401507
