0
0
18.8092
20.43302
21.10961
21.10961
21.7862
22.59811
22.73342
23.81597
26.52233
27.19892
27.33424
27.46955
27.74019
27.74019
27.87551
27.87551
28.01083
28.01083
28.28146
28.28146
28.41678
28.5521
28.5521
28.68742
28.68742
28.82273
28.82273
28.95805
29.09337
29.09337
29.09337
29.09337
29.22869
29.22869
29.76996
29.90528
29.90528
30.0406
30.0406
30.0406
30.17591
30.31123
30.31123
30.31123
30.31123
30.44655
30.44655
30.44655
30.44655
30.44655
30.44655
30.44655
30.58187
30.58187
30.71719
30.71719
30.71719
30.71719
30.71719
30.71719
30.71719
30.8525
30.8525
30.8525
30.98782
30.98782
31.12314
31.12314
31.12314
31.12314
31.12314
31.12314
31.25846
31.39378
31.39378
31.39378
31.39378
31.52909
31.52909
31.52909
31.52909
31.52909
31.52909
31.52909
31.52909
31.52909
31.52909
31.66441
31.66441
31.66441
31.66441
31.66441
31.79973
31.79973
31.79973
31.79973
31.79973
31.79973
31.79973
31.79973
31.79973
31.93505
31.93505
31.93505
32.07037
32.07037
32.07037
32.07037
32.07037
32.07037
32.07037
32.07037
32.20568
32.20568
32.20568
32.20568
32.20568
32.20568
32.20568
32.20568
32.20568
32.20568
32.20568
32.20568
32.341
32.341
32.341
32.341
32.47632
32.47632
32.47632
32.47632
32.47632
32.47632
32.61164
32.61164
32.61164
32.61164
32.61164
32.61164
32.61164
32.74696
32.74696
32.74696
32.74696
32.74696
32.74696
32.74696
32.74696
32.74696
32.88227
32.88227
32.88227
32.88227
32.88227
32.88227
33.01759
33.01759
33.01759
33.01759
33.01759
33.15291
33.15291
33.15291
33.15291
33.15291
33.15291
33.28823
33.28823
33.28823
33.28823
33.28823
33.28823
33.28823
33.28823
33.28823
33.28823
33.42355
33.42355
33.42355
33.42355
33.42355
33.42355
33.42355
33.42355
33.55886
33.55886
33.55886
33.55886
33.55886
33.55886
33.55886
33.55886
33.55886
33.55886
33.69418
33.69418
33.69418
33.69418
33.69418
33.69418
33.69418
33.69418
33.69418
33.69418
33.8295
33.8295
33.8295
33.8295
33.8295
33.8295
33.96482
33.96482
33.96482
33.96482
33.96482
33.96482
33.96482
33.96482
33.96482
33.96482
33.96482
33.96482
33.96482
34.10014
34.10014
34.10014
34.10014
34.23545
34.23545
34.23545
34.23545
34.23545
34.37077
34.37077
34.37077
34.37077
34.37077
34.37077
34.50609
34.50609
34.50609
34.50609
34.50609
34.50609
34.64141
34.64141
34.64141
34.64141
34.64141
34.64141
34.64141
34.64141
34.64141
34.64141
34.64141
34.64141
34.64141
34.77673
34.77673
34.77673
34.77673
34.77673
34.77673
34.77673
34.77673
34.77673
34.91204
34.91204
34.91204
34.91204
34.91204
34.91204
34.91204
35.04736
35.04736
35.04736
35.04736
35.04736
35.18268
35.18268
35.18268
35.18268
35.18268
35.318
35.318
