26.4666666666667
27.1
28.7333333333333
27.1666666666667
27.3
29.6666666666667
29.5666666666667
30.5
28.7333333333333
26.9
28.5
28.6666666666667
28.1
27.0666666666667
27.2666666666667
27.4333333333333
26.4666666666667
28.0333333333333
27.0333333333333
30
28.6666666666667
26.8666666666667
27.3333333333333
28.2666666666667
26.5666666666667
26.9333333333333
27.3666666666667
27.2666666666667
28
29.4
27.4
29.1333333333333
28.8
27.7333333333333
26.7666666666667
27.9666666666667
27.8666666666667
27.4333333333333
29
27.6333333333333
27.0666666666667
29.3333333333333
29.2666666666667
30.1666666666667
29.5666666666667
29.4333333333333
29.5
29.5666666666667
28.8333333333333
26.3333333333333
27.4333333333333
29.1
28.3666666666667
29
29.2333333333333
28.3
31.4333333333333
28.4666666666667
27.4333333333333
27.4333333333333
28.2333333333333
27.2
27.1666666666667
27.2333333333333
27.1
30.8333333333333
29.3333333333333
28.3666666666667
29.8333333333333
28.1
26.6666666666667
28.9333333333333
27.3
27.5333333333333
27.1
26.7666666666667
28.5333333333333
31.0333333333333
29.9
30.7
29.2666666666667
28.6666666666667
29.6666666666667
29.1333333333333
30.4333333333333
28.1666666666667
29.5
31.0333333333333
30.8333333333333
29.9
29.9333333333333
31.2
31.4666666666667
31.3
29.2666666666667
28
28.9333333333333
31
27.7
28.2666666666667
30.7
29.0666666666667
30.5
29.4333333333333
30.3333333333333
29.8666666666667
29.8333333333333
30.6333333333333
30.6
31.4
32.3
29.4333333333333
30.2666666666667
31.6333333333333
33.6
35.2333333333333
33.5
33.8666666666667
32.9
32.1333333333333
34.7
33.6666666666667
33.5666666666667
33.5666666666667
34.6333333333333
34.4666666666667
36.3333333333333
34.3
34.3666666666667
37.4333333333333
35.8666666666667
33.4
33.1333333333333
32.3
33.7
32.8666666666667
34.1333333333333
32.0333333333333
31.3666666666667
30.1666666666667
28.7666666666667
31.4333333333333
29.0666666666667
29.9666666666667
30.9333333333333
29.4666666666667
29.8333333333333
28.1666666666667
29.2333333333333
29.7666666666667
29.7
31.7333333333333
31.2666666666667
29.8666666666667
29.2333333333333
29.0333333333333
29.4666666666667
29.9666666666667
29
29.2333333333333
28.9666666666667
27.1
28.5333333333333
27.6
29.4
29.8333333333333
29.7333333333333
32.6333333333333
32.3666666666667
33.8666666666667
30.6333333333333
29.9
28.3333333333333
29.5333333333333
28.4
29.9666666666667
29.6333333333333
29.9666666666667
29.3
29.7
28.0666666666667
28
28.0666666666667
27.1
28.3
30.7666666666667
30.6333333333333
32.7666666666667
30.6
29.2333333333333
26.1333333333333
28.8333333333333
26.7333333333333
28.2666666666667
27.3333333333333
27.9666666666667
27.9333333333333
28.8666666666667
27.6
28.0666666666667
27.3666666666667
28.4666666666667
28.8666666666667
25.7666666666667
26.5666666666667
27.6666666666667
29.0666666666667
28.9
29.3333333333333
30.5666666666667
28.8
29.7666666666667
29.0333333333333
27.3333333333333
28.5333333333333
27
27.9333333333333
29.1666666666667
28.3666666666667
28.2666666666667
27.7666666666667
28
28.3
28.0666666666667
29.1
27.8333333333333
26.8333333333333
27.4
29
27.7
27.7333333333333
27.6666666666667
27.5666666666667
29.0333333333333
27.1333333333333
27.1666666666667
27.4
27.6666666666667
27.8333333333333
28.6666666666667
27.6
27.9333333333333
28.1666666666667
27.9666666666667
30.3333333333333
29.6333333333333
29.0666666666667
29.3333333333333
28.6333333333333
28.1666666666667
27.5666666666667
27.3333333333333
28.5666666666667
27.6
28.5
28.5333333333333
29.4666666666667
29.6333333333333
29.0666666666667
27.8333333333333
30.3666666666667
29.4333333333333
28.7333333333333
29.3666666666667
28.5
27.5333333333333
28
28.4333333333333
29.0333333333333
29.2333333333333
30.1333333333333
27.5333333333333
27.1333333333333
26.7333333333333
28.5666666666667
27.5333333333333
28.2333333333333
28.9666666666667
29.8666666666667
29.1666666666667
29.9333333333333
27.9
30.7333333333333
27.3333333333333
29.9
28.2333333333333
28.9666666666667
29.7
