80.1851851851851
78.1588447653429
75.6993006993007
75.0433275563258
71.1001642036124
69.5024077046548
64.7234678624813
64.2433234421365
62.1233859397417
59.3964334705075
58.2772543741588
57.8877005347593
57.5797872340425
55.1592356687898
54.5340050377833
54.1927409261577
52.1058965102286
51.7942583732057
51.0011778563015
50.4074505238649
48.1111111111111
47.8453038674033
47.6347634763476
46.9122426868905
46.6594827586207
46.2113127001067
45.2928870292887
45.1041666666666
44.6852425180598
44.4558521560575
43.6052366565961
43.4302908726178
42.8288822947576
42.6181102362204
42.4509803921568
40.9262759924385
40.6191369606004
39.2210144927536
39.0794223826715
38.4547069271758
38.2508833922261
37.9824561403508
37.6521739130435
37.3920552677029
37.1993127147766
36.9453924914676
36.6328257191201
36.5092748735244
35.375816993464
34.9757673667205
34.7512038523274
34.5846645367412
34.4745222929936
34.3650793650793
34.256329113924
33.9874411302983
33.8810641627543
33.7227414330218
33.6180124223602
33.3590138674884
33.2565284178187
33.0030487804878
32.90273556231
32.4587706146926
32.2172619047619
32.1216617210682
31.791483113069
31.6983894582723
31.5597667638484
30.9728183118741
30.8404558404558
30.6657223796034
29.9861495844875
29.7799174690509
29.6982167352538
29.4959128065395
29.1386271870794
29.0214477211796
28.8666666666666
28.3376963350785
28.0077619663648
27.5796178343949
27.3358585858586
26.9613947696139
26.7945544554455
26.7283950617284
25.6213017751479
25.5005889281507
25.2920560747663
24.8850574712644
24.7995418098511
24.6302616609784
24.109131403118
23.9756367663344
23.6870897155361
23.5582154515778
23.4561213434453
23.3297413793103
23.2047159699893
23.1056563500533
22.9830148619957
22.6464435146443
22.5991649269311
22.5520833333333
22.2279260780287
21.8686868686869
21.8026183282981
21.2671905697446
21.142578125
21.0603112840467
20.7375478927203
20.5798479087452
20.5407969639469
20.4631379962193
20.3477443609022
20.3095684803002
20.2715355805243
20.1582867783985
20.1208178438662
19.7897623400365
19.7536496350365
19.5045045045045
19.3303571428571
19.2615658362989
18.9912280701754
18.7934027777778
18.7283737024221
18.6960276338515
18.631669535284
18.5359589041096
18.4726962457338
18.4412265758092
18.3786078098472
18.1020066889632
18.0116472545757
17.8630363036303
17.833607907743
17.687908496732
17.6016260162602
17.4315619967794
17.2372611464968
17.1553090332805
17.0741324921136
12.3432155074116
10.4287090558767
9.98616236162361
9.56272084805653
4.83258928571428
2.7418946301925
99.3579454253612
92.526158445441
91.839762611276
88.8091822094692
84.9108367626886
83.3109017496636
82.7540106951872
82.3138297872341
78.8535031847134
77.9596977329975
77.4718397997497
74.4885679903731
74.043062200957
72.9093050647821
72.0605355064028
68.7777777777778
68.3977900552486
68.0968096809681
67.0639219934995
66.7025862068966
66.0618996798293
64.7489539748954
64.4791666666667
63.8802889576884
63.5523613963039
62.3363544813696
62.086258776329
61.2265084075173
60.9251968503937
60.6862745098039
58.5066162570889
58.0675422138837
56.0688405797102
55.8664259927798
54.9733570159858
54.6819787985866
54.2982456140351
53.8260869565218
53.4542314335061
53.1786941580756
52.8156996587031
52.3688663282572
52.1922428330523
50.5718954248366
50
49.6789727126806
49.4408945686901
49.2834394904459
49.1269841269841
48.9715189873418
48.5871271585557
48.435054773083
48.208722741433
48.0590062111801
47.6887519260401
47.542242703533
47.1798780487805
47.0364741641338
46.4017991004498
46.0565476190476
45.919881305638
45.4478707782673
45.3147877013177
45.1166180758018
44.277539341917
44.0883190883191
43.8385269121813
42.8670360110804
42.5722145804677
42.4554183813443
42.16621253406
41.6554508748318
41.4879356568365
41.2666666666667
40.5104712041885
40.0388098318241
39.4267515923567
39.0782828282828
38.5429638854297
38.3044554455446
38.2098765432099
36.6272189349113
36.4546525323911
36.1565420560748
35.5747126436782
35.4524627720504
35.2104664391354
34.4654788418708
34.2746400885936
33.8621444201313
33.6779107725789
33.5319609967497
33.3512931034483
33.1725616291533
33.0309498399146
32.8556263269639
32.3744769874477
32.3068893528184
32.2395833333333
31.776180698152
31.2626262626263
31.1681772406848
30.4027504911591
30.224609375
30.1070038910506
29.6455938697318
29.4201520912548
29.3643263757116
29.2533081285444
29.0883458646617
29.0337711069418
28.9794007490637
28.8175046554935
28.7639405204461
28.290676416819
28.2390510948905
27.8828828828829
27.6339285714286
27.5355871886121
27.1491228070176
26.8663194444445
26.7733564013841
26.727115716753
26.6351118760757
26.4982876712329
26.4078498293515
26.3628620102215
26.2733446519525
25.8779264214047
25.7487520798669
25.536303630363
25.494233937397
25.2859477124183
25.1626016260163
