92.9149797570851
90.3543307086615
87.9310344827587
87.2623574144487
82.8519855595668
80.2447552447553
77.6649746192894
75.8677685950414
75.3694581280789
73.0891719745223
67.2035139092241
66.7151162790698
66.3294797687862
61.3636363636364
59.9216710182768
55.5690072639226
54.9043062200957
53.1865585168019
52.3375142531357
52.0408163265306
50.218818380744
48.9861259338314
48.2649842271294
48.0125523012553
47.1252566735113
46.8845760980593
46.6937945066124
46.2235649546828
45.4005934718101
45.1771653543307
45
43.9655172413793
43.7977099236641
43.0581613508443
42.6579925650558
42.1100917431193
40.9090909090909
40.4049295774648
40.1223776223776
39.7746967071057
39.1638225255973
38.7015177065768
38.3779264214047
37.9338842975207
37.5
36.5445859872612
36.1417322834646
36.0282574568289
34.7727272727273
34.407796101949
33.9497041420119
33.7004405286344
32.9268292682927
32.6923076923077
32.5070821529745
32.3695345557123
29.9608355091384
29.8439531859558
29.7665369649806
29.6895213454075
29.4987146529563
29.4230769230769
29.3478260869565
28.9772727272727
28.5803237858033
28.159509202454
28.0905752753978
27.9197080291971
27.5510204081633
27.4521531100479
27.3866348448688
27.3214285714286
27.2241992882562
27.0956316410862
26.8735362997658
26.8107476635514
26.5932792584009
26.4400921658986
26.3793103448276
26.1092150170649
26.0204081632653
25.9615384615385
25.9029345372461
25.8155230596176
25.5567928730512
25.2475247524753
24.7840172786177
24.5454545454546
24.3630573248408
24.1833508956797
24.1324921135647
24.0818467995803
23.7823834196891
23.6111111111111
23.5626283367557
22.9041916167665
22.7452923686819
22.6554787759131
22.5885826771654
22.5442043222004
22.5
22.1098265895954
21.8155893536122
21.7741935483871
21.6509433962264
21.4085820895523
21.25
21.1715867158672
21.09375
21.0164835164835
20.6384892086331
20.6014362657092
20.4910714285714
20.4545454545455
20.2380952380952
20.2024647887324
20.0963222416813
19.921875
19.4821731748727
19.3507588532884
19.2211055276382
19.0614617940199
18.7806873977087
18.75
18.6282467532468
18.5379644588045
18.4782608695652
18.3306709265176
18.2432432432433
18.1566455696203
18.0708661417323
18.0141287284145
17.9577464788733
17.8738317757009
17.846034214619
17.7906976744186
17.7357032457496
17.5996932515338
17.545871559633
16.7274052478134
16.1165730337079
13.0843785632839
11.0549132947977
10.8050847457627
8.14985795454546
6.45388076490439
5.92105263157895
5.77794561933535
5.23494525547446
4.78125
4.73391089108911
4.60473515248796
4.47542901716069
4.28811659192825
4.07492897727273
2.49891114982579
2.47306034482759
2.41477272727273
2.22039473684211
2.18988549618321
2.06384892086331
1.954189373297
1.86282467532468
1.80879571248424
1.35830965909091
1.08010165662651
94.5344129554656
91.9291338582678
89.4636015325671
88.7832699619772
84.2960288808665
81.6433566433567
79.0186125211506
77.1900826446281
76.6830870279147
74.3630573248408
68.3748169838946
67.8779069767442
67.485549132948
62.4331550802139
60.9660574412533
56.5375302663439
55.8612440191388
54.1135573580533
53.2497149372862
52.9478458049887
51.0940919037199
49.8399146211313
49.1062039957939
48.8493723849373
47.946611909651
47.7017364657814
47.5076297049848
47.0292044310171
46.1918892185955
45.9645669291339
45.7843137254902
44.7318007662836
44.5610687022901
43.8086303939963
43.4014869888476
42.8440366972477
41.6221033868093
41.1091549295775
40.8216783216783
40.4679376083189
39.8464163822526
39.3760539629005
39.0468227424749
38.5950413223141
38.1535947712419
37.1815286624204
36.7716535433071
36.6562009419153
35.3787878787879
35.0074962518741
34.5414201183432
34.287812041116
33.5007173601148
33.2621082621083
33.0736543909349
32.9337094499295
30.4830287206266
30.3641092327698
30.2853437094682
30.2069857697284
30.012853470437
29.9358974358975
29.8593350383632
29.4823232323232
29.0784557907846
28.6503067484663
28.5801713586291
28.4063260340633
28.031212484994
27.9306220095694
27.8639618138425
27.7976190476191
27.6986951364176
27.5678866587958
27.3419203747073
27.2780373831776
27.0567786790267
26.9009216589862
26.8390804597701
26.5642775881684
26.4739229024943
26.4140271493213
26.3544018058691
26.2654668166479
26.0022271714922
25.6875687568757
25.2159827213823
24.9732620320856
24.7876857749469
24.6048472075869
24.553101997897
24.501573976915
24.1968911917099
24.022633744856
23.9733059548255
23.3033932135729
23.1417244796829
23.0503455083909
22.9822834645669
22.9371316306483
22.8921568627451
22.495183044316
22.1958174904943
22.1537001897533
22.0283018867925
21.7817164179105
21.6203703703704
21.5405904059041
21.4613970588235
21.3827838827839
20.9982014388489
20.9605026929982
