0
24.54874
0
18.41155
0
14.73988
84.53757
0
13.80244
79.16103
0
8.319739
47.71615
75.61175
0
8.006279
45.91837
72.76295
97.48823
0
7.063712
40.51247
64.19668
86.01108
89.61219
90.30471
0
6.836461
39.20912
62.13137
83.24397
86.72922
87.39946
0
2.125
12.1875
19.3125
25.875
26.95833
27.16667
31.75
32.66667
33.79167
34.33333
35.375
35.95833
36.20833
36.75
37
37
37.75
37.79167
37.875
37.91667
38.08333
38.08333
38.29167
38.58333
38.95833
39.08333
39.45833
39.5
39.70833
40.04167
40.20833
40.45833
40.58333
40.625
40.66667
40.91667
41.04167
41.125
41.16667
41.33333
41.375
41.625
41.79167
41.83333
41.83333
42
42.20833
42.41667
42.5
42.66667
43
43.08333
43.08333
43.08333
43.33333
43.41667
43.41667
43.5
43.5
43.66667
43.91667
43.91667
44
44.08333
44.25
44.25
44.33333
44.41667
44.66667
44.66667
44.83333
44.91667
44.91667
45
45.25
45.25
45.25
45.33333
45.33333
45.41667
45.5
45.58333
45.66667
45.75
45.91667
45.91667
45.91667
45.91667
46
46.08333
46.08333
46.16667
46.16667
46.16667
46.25
46.33333
46.33333
46.41667
46.41667
46.5
46.5
46.58333
46.58333
46.58333
46.58333
46.66667
46.66667
46.75
46.75
46.75
46.83333
46.83333
46.91667
47
47
47.08333
47.08333
47.08333
47.08333
47.16667
47.25
47.25
47.25
47.41667
47.5
47.5
47.58333
47.58333
47.58333
47.58333
47.66667
47.66667
47.75
47.75
47.75
47.83333
47.83333
47.83333
47.91667
48
48.08333
48.08333
48.08333
48.08333
48.25
48.25
48.25
48.25
48.25
48.33333
48.33333
48.33333
48.33333
48.41667
48.5
48.5
48.58333
48.58333
48.58333
48.58333
48.58333
48.66667
48.66667
48.75
48.75
48.75
48.83333
48.83333
48.83333
48.83333
48.83333
48.83333
48.91667
48.91667
49
49
49
49
49
49
49
49.08333
49.16667
49.16667
49.16667
49.25
49.25
49.25
49.25
49.33333
49.33333
49.33333
49.41667
49.41667
49.41667
49.41667
49.41667
49.41667
49.5
49.5
49.58333
49.58333
49.58333
49.58333
49.66667
49.66667
49.66667
49.66667
49.66667
49.75
49.75
49.75
49.75
49.75
49.83333
49.83333
49.91667
49.91667
49.91667
49.91667
49.91667
49.91667
49.91667
50
50
50
50
50
50
50.08333
50.08333
50.16667
50.16667
50.16667
50.16667
50.16667
50.16667
50.16667
50.25
50.33333
50.33333
50.33333
50.33333
50.33333
50.41667
50.41667
50.41667
50.41667
50.41667
50.41667
50.5
50.5
50.5
50.5
