0
0
0
0
0
0
0
0
0
0
22.60062
23.37461
24.14861
24.9226
25.85139
26.00619
26.31579
26.62539
26.78019
26.93498
28.17337
28.63777
31.26935
31.42415
32.19814
32.50774
32.81734
33.74613
34.36533
34.67492
35.13932
35.13932
35.13932
35.44892
35.44892
35.60372
35.75851
35.91331
35.91331
35.91331
36.06811
36.06811
36.06811
36.22291
36.22291
36.22291
36.22291
36.37771
36.53251
36.53251
36.68731
36.84211
36.9969
36.9969
37.1517
37.1517
37.3065
37.4613
37.4613
37.4613
37.4613
37.6161
37.7709
37.9257
37.9257
37.9257
37.9257
38.0805
38.0805
38.23529
38.23529
38.39009
38.39009
38.39009
38.39009
38.39009
38.54489
38.69969
38.69969
38.69969
38.69969
38.85449
38.85449
38.85449
38.85449
38.85449
38.85449
38.85449
39.00929
39.00929
39.00929
39.00929
39.00929
39.00929
39.16409
39.16409
39.16409
39.16409
39.16409
39.31889
39.31889
39.31889
39.31889
39.47368
39.47368
39.47368
39.47368
39.47368
39.47368
39.47368
39.62848
39.62848
39.62848
39.62848
39.78328
39.78328
39.78328
39.78328
39.93808
39.93808
39.93808
39.93808
40.09288
40.09288
40.09288
40.09288
40.09288
40.24768
40.24768
40.24768
40.24768
40.24768
40.40248
40.40248
40.40248
40.40248
40.40248
40.40248
40.55728
40.55728
40.55728
40.55728
40.55728
40.55728
40.55728
40.55728
40.55728
40.55728
40.71207
40.71207
40.71207
40.71207
40.86687
40.86687
40.86687
41.02167
41.02167
41.02167
41.02167
41.02167
41.02167
41.02167
41.02167
41.33127
41.33127
41.48607
41.48607
41.48607
41.64087
41.64087
41.64087
41.79567
41.79567
41.95046
41.95046
42.10526
42.10526
42.10526
42.10526
42.10526
42.10526
42.10526
42.10526
42.10526
42.26006
42.26006
42.26006
42.26006
42.41486
42.41486
42.41486
42.41486
42.41486
42.41486
42.41486
42.41486
42.41486
42.56966
42.56966
42.72446
42.72446
42.72446
42.72446
42.87926
42.87926
42.87926
42.87926
42.87926
42.87926
42.87926
42.87926
42.87926
43.03406
43.03406
43.03406
43.03406
43.18885
43.18885
43.18885
43.18885
43.18885
43.18885
43.18885
43.18885
43.34365
43.34365
43.34365
43.34365
43.49845
43.49845
43.49845
43.49845
43.65325
43.65325
43.65325
43.65325
43.65325
43.80805
43.80805
43.80805
43.80805
43.80805
43.96285
43.96285
43.96285
43.96285
44.11765
44.11765
44.11765
44.11765
44.11765
44.27245
44.42724
44.42724
44.42724
44.58204
44.58204
44.58204
44.58204
44.58204
44.58204
44.58204
44.73684
44.73684
44.73684
44.73684
44.89164
44.89164
44.89164
45.04644
45.04644
45.04644
45.04644
45.20124
45.20124
45.20124
45.20124
45.35604
45.35604
45.35604
45.35604
45.51084
45.51084
45.51084
45.51084
45.51084
45.66563
45.66563
