93.3179723502303
89.6017699115044
87.6623376623376
84.3749999999999
83.5051546391752
82.8220858895705
81.1623246492985
76.9961977186311
73.1046931407942
72.4508050089445
69.1126279863481
67.9530201342281
65.0080256821829
64.4904458598726
63.5792778649921
62.6934984520123
62.2119815668202
61.3636363636363
60.9022556390977
60.5381165919282
58.8662790697674
57.6923076923077
57.3654390934844
51.5923566878981
49.5716034271725
48.2142857142857
45.2008928571428
43.4083601286173
42.1875
41.5811088295688
40.9919028340081
40.6218655967903
40.4191616766467
40.2584493041749
40.0593471810089
39.7058823529411
39.3203883495145
38.6450381679389
38.4980988593156
38.2797731568998
37.9924953095685
37.5
37.1559633027523
36.6847826086956
36.5523465703971
36.4208633093525
35.6514084507042
34.9740932642487
34.556313993174
33.9765100671141
33.6378737541528
33.3607907742998
33.2512315270936
32.9804560260586
32.8733766233766
32.6086956521739
32.3482428115016
32.2452229299363
31.6901408450704
31.3467492260062
31.1059907834101
30.7750759878419
30.5891238670695
30.2690582959641
30.0445103857567
29.4331395348837
28.8461538461538
28.0470914127424
27.9310344827586
27.7777777777778
27.6639344262295
27.2543741588156
26.9281914893617
26.5748031496063
26.4360313315927
26.332899869961
26.2645914396887
26.0953608247422
26.0282776349614
25.9615384615384
25.796178343949
25.7306226175349
25.4396984924623
25.3441802252816
25
24.7252747252747
24.3097238895558
24.1646778042959
24.0213523131672
23.9079102715466
23.7676056338028
23.1958762886598
23.1428571428571
22.9591836734694
22.9072398190045
22.8555304740406
22.7784026996625
22.6004464285714
22.5
22.3263506063947
22.1069868995633
21.9393282773564
21.8682505399568
21.4968152866242
21.4512711864407
21.4059196617336
20.9844559585492
20.7479508196721
20.6843718079673
20.6002034587996
20.3109327983952
20.2095808383233
20.1693227091633
19.6984435797665
19.6601941747573
19.2125237191651
19.1398865784499
19.031954887218
18.9962476547842
18.9606741573034
18.7847866419295
18.5779816513761
18.5100548446069
17.9840142095915
17.9521276595745
17.7631578947368
17.6393728222996
17.578125
17.3670668953688
17.1030405405405
17.0454545454545
16.5711947626841
16.4902280130293
16.4634146341463
16.4366883116883
16.4100486223663
16.3306451612903
16.3043478260869
15.5769230769231
15.1345291479821
10.1963746223565
7.3157514450867
3.51074895977808
2.98496462264151
1.19624291115312
1.0835830479452
0.985689252336448
0.897606382978723
97.7186311787071
92.7797833935017
91.9499105545616
87.7133105802047
86.2416107382549
82.5040128410914
81.8471337579617
80.6907378335949
79.5665634674922
78.9554531490015
77.8787878787878
77.2932330827067
76.8310911808669
74.7093023255813
73.2193732193731
72.8045325779036
65.4777070063694
62.9130966952264
61.1904761904761
57.3660714285714
55.091103965702
53.5416666666666
52.7720739219712
52.0242914979757
51.5546639919759
51.2974051896207
51.093439363817
50.8407517309594
50.392156862745
49.9029126213592
49.0458015267175
48.8593155893536
48.5822306238185
48.217636022514
47.5925925925925
47.1559633027522
46.5579710144927
46.3898916967509
46.2230215827338
45.2464788732394
44.3868739205526
43.8566552901023
43.1208053691275
42.6910299003322
42.3393739703459
42.2003284072249
41.8566775244299
41.7207792207792
41.3848631239935
41.0543130990415
40.9235668789808
40.2190923317683
39.7832817337461
39.4777265745007
39.0577507598784
38.821752265861
38.4155455904334
38.1305637982195
37.3546511627907
36.6096866096866
35.595567867036
35.4482758620689
35.2537722908093
35.1092896174863
34.5895020188425
34.1755319148936
33.7270341207349
33.5509138381201
33.4200260078023
33.3333333333333
33.1185567010309
33.0334190231362
32.9487179487179
32.7388535031847
32.6556543837357
32.286432160804
32.1652065081351
31.7283950617284
31.3797313797313
30.8523409363745
30.6682577565632
30.4863582443653
30.3423848878394
30.1643192488263
29.438717067583
29.3714285714285
29.1383219954648
29.0723981900452
29.0067720090293
28.9088863892013
28.6830357142857
28.5555555555555
28.335170893054
28.0567685589519
27.8439869989165
27.7537796976242
27.2823779193206
27.2245762711864
27.1670190274841
26.6321243523316
26.3319672131147
26.2512768130745
26.1444557477111
25.7773319959879
25.6487025948104
25.597609561753
25
24.9514563106796
24.3833017077799
24.2911153119092
24.1541353383458
24.108818011257
24.063670411985
23.8404452690167
23.5779816513761
23.4917733089579
22.8241563055062
22.7836879432624
22.5438596491228
22.3867595818815
22.3090277777778
22.041166380789
21.7060810810811
