99.0267639902677
80.9145129224653
76.647834274953
75.9328358208956
75.3703703703704
73.4657039711192
72.8085867620752
72.2912966252221
71.6549295774648
71.1538461538462
69.9312714776633
63.8932496075354
63.3956386292835
62.0426829268293
60.3857566765579
57.977207977208
57.2433192686358
56.8435754189945
56.5277777777778
55.8299039780522
53.4120734908137
53.1331592689295
52.7885862516213
52.4484536082475
50.0615006150062
49.2736077481841
48.9771359807461
48.6842105263158
48.452380952381
47.6580796252928
46.889400921659
46.4082098061574
45.9367945823928
45.4241071428572
45.2222222222222
44.2872687704026
43.0232558139535
40.8224674022066
39.9019607843138
39.2100192678228
38.1801125703565
37.5461254612546
37.2029250457039
37.0673952641166
36.7328519855596
36.4042933810376
36.2745098039216
35.7017543859649
34.8458904109589
34.4331641285956
34.0301003344482
33.5255354200989
33.4154351395731
33.0357142857143
32.875605815832
32.4044585987261
32.3015873015873
32.1993670886076
31.2596006144393
31.1638591117918
30.8333333333334
30.6015037593985
30.5097451274363
30.103550295858
29.9705449189985
29.66472303207
29.4927536231884
29.4075144508671
29.1965566714491
28.988603988604
28.8243626062323
28.3426183844011
27.5372124492558
27.4628879892038
27.2058823529412
27.1333333333334
26.882430647292
26.8115942028986
26.4629388816645
26.0897435897436
26.0230179028133
25.9235668789809
25.6944444444445
25.6297229219144
25.5653266331658
25.4693366708386
24.8473748473749
24.7566909975669
24.2840095465394
24.2261904761905
24.025974025974
23.8849765258216
23.8290398126464
23.4447004608295
23.3908045977012
22.9683972911964
22.8395061728395
22.6614699331849
22.5359911406423
22.3135964912281
22.2647702407002
22.0955483170467
22.04767063922
21.976241900648
21.9288793103448
21.8817204301075
21.764705882353
21.7182497331911
21.6029723991508
21.4436248682824
21.3985278654049
21.3536201469045
21.2866108786611
20.8504098360656
20.4934541792548
20.4112337011033
20.309381237525
20.2689243027889
20.2286282306163
20.0888450148075
20.0295275590551
19.9509803921569
19.4179389312977
19.3809523809524
19.1981132075472
19.1259398496241
18.9832089552239
18.8775510204082
18.8425925925926
18.7730627306273
18.7040441176471
18.6355311355311
18.5336976320583
18.4664246823957
18.3664259927798
18.2675044883304
18.1696428571429
18.1049822064057
18.0728241563055
17.8822495606327
17.8508771929825
17.2165820642978
16.9301164725458
16.2280701754386
12.2442839951865
9.38653136531366
88.2703777335984
83.6158192090395
82.8358208955224
82.2222222222222
80.14440433213
79.4275491949911
78.8632326820604
78.169014084507
77.6223776223776
76.2886597938144
69.701726844584
69.1588785046729
67.6829268292683
65.8753709198813
63.2478632478632
62.4472573839662
62.0111731843575
61.6666666666667
60.9053497942387
58.2677165354331
57.9634464751958
57.5875486381323
57.2164948453608
54.6125461254613
53.7530266343826
53.4296028880866
53.11004784689
52.8571428571429
51.9906323185012
51.1520737327189
50.6271379703535
50.1128668171558
49.5535714285714
49.3333333333333
48.3133841131665
46.9344608879493
44.5336008024072
43.5294117647059
42.7745664739884
41.6510318949343
40.9594095940959
40.5850091407678
40.4371584699454
40.072202166065
39.7137745974955
39.572192513369
38.9473684210526
38.013698630137
37.5634517766497
37.123745819398
36.5733113673806
36.4532019704434
36.038961038961
35.8642972536349
35.3503184713376
35.2380952380952
35.126582278481
34.1013824884793
33.9969372128637
33.6363636363636
33.3834586466165
33.2833583208396
32.8402366863905
32.6951399116348
32.3615160349854
32.1739130434783
32.0809248554913
31.8507890961263
31.6239316239316
31.4447592067989
30.9192200557103
30.0405953991881
29.9595141700405
29.6791443850267
29.6
29.3262879788639
29.2490118577075
28.8686605981795
28.4615384615385
28.3887468030691
28.2802547770701
28.030303030303
27.9596977329975
27.8894472361809
27.7847309136421
27.1062271062271
27.007299270073
26.491646778043
26.4285714285714
26.2101534828808
26.056338028169
25.9953161592506
25.5760368663594
25.5172413793103
25.0564334085779
24.9158249158249
24.7216035634744
24.5847176079734
24.3421052631579
24.2888402625821
24.1042345276873
24.0520043336945
23.9740820734341
23.9224137931034
23.8709677419355
23.7433155080214
23.692636072572
23.5668789808917
23.3930453108535
23.3438485804416
23.2948583420776
23.2217573221757
22.7459016393443
22.3564954682779
22.2668004012036
22.1556886227545
22.1115537848606
22.0675944333996
21.9151036525173
21.8503937007874
21.7647058823529
21.1832061068702
21.1428571428571
20.9433962264151
20.8646616541353
20.7089552238806
20.5936920222635
20.5555555555556
20.479704797048
