36
36.1833333333333
44.4666666666667
41.0166666666667
43.8666666666667
42.9333333333333
41.2166666666667
43.5166666666667
45.6833333333333
43.6333333333333
48.9166666666667
51.5
44.5
44.05
49.2
42.2666666666667
45.8666666666667
45.7166666666667
46.8666666666667
50.7333333333333
49.5166666666667
54.0166666666667
47.9166666666667
47.4166666666667
54.7833333333333
71.0166666666667
69.3666666666667
70.6666666666667
67.9
75.2166666666667
74.15
72.1
66.05
26.0666666666667
24.6666666666667
23.9166666666667
27.0833333333333
28.6
22.7833333333333
22.4333333333333
23.9666666666667
23.65
24.1666666666667
28.0333333333333
24.5666666666667
25.2666666666667
24.1333333333333
24.2
24.6333333333333
26.8
23.3
22.8
23.5666666666667
23.3
32
31.8833333333333
33.7
30.5333333333333
29.7166666666667
26.9833333333333
26.8333333333333
23.3333333333333
32.6333333333333
31.0666666666667
32.3666666666667
31.1666666666667
31.5833333333333
30.4166666666667
33.6
24.9166666666667
23.5666666666667
27.4166666666667
29.1166666666667
28.5666666666667
33.0833333333333
29.9333333333333
28.1166666666667
28.0666666666667
28.8166666666667
28.2166666666667
28.0166666666667
33.15
30.2166666666667
29.1
28.85
28.4333333333333
29.4666666666667
27.2166666666667
27.1
27.8333333333333
24.1
21.1166666666667
21.05
32.45
30.2833333333333
28.2666666666667
28.7833333333333
28.0166666666667
28.7333333333333
28.6166666666667
34.7833333333333
28.85
28.8666666666667
28.55
28.9
28.2833333333333
33.2333333333333
28.2833333333333
29.2833333333333
28.0166666666667
27.9666666666667
28.1166666666667
35.3833333333333
25.05
27.9166666666667
22.4666666666667
28.3
22.65
22.1
13.2833333333333
17.9333333333333
18.9333333333333
14.8833333333333
20.7
22.4666666666667
28.8166666666667
29.7333333333333
28.8
27.7166666666667
21.2333333333333
20.8166666666667
30.5333333333333
22.4666666666667
24.9166666666667
28.8166666666667
25.75
26.1
31.9
28.8333333333333
27.5166666666667
28.4166666666667
28.1
28.3333333333333
26.8333333333333
22.45
20.95
23.35
21.3
22.2666666666667
24.7833333333333
33.6666666666667
29.2
29.2
29.0666666666667
29.5
28.8833333333333
34.6666666666667
28.3
28.8166666666667
27.7833333333333
28.3333333333333
29.25
33.9833333333333
28.5333333333333
27.85
28.3833333333333
28.6666666666667
30.25
33.7333333333333
29.95
27.65
27.9166666666667
28.85
31.1166666666667
30.5
34.7833333333333
28.1333333333333
28.5
29.0666666666667
28.7333333333333
29.6
34.55
29.1
28.4333333333333
29.05
28.3333333333333
31.65
31.7666666666667
30.6666666666667
28.4166666666667
28.4
28.6833333333333
31.0833333333333
28.85
34.5833333333333
31.4833333333333
33.15
29.4166666666667
28.4333333333333
28.4666666666667
33.6833333333333
28.65
29
27.95
28.4833333333333
30.7833333333333
34.35
29.1666666666667
27.3666666666667
26.05
27.8
26.9333333333333
29.75
33.25
29.8
26.3166666666667
27.0333333333333
25.6833333333333
26.2666666666667
30.7833333333333
26.95
27.1833333333333
28.7666666666667
29.2166666666667
26.75
31.1833333333333
27.1333333333333
25.4166666666667
26.0833333333333
26.1333333333333
28.3833333333333
29.15
32.8666666666667
27.95
28.5
26
27.2
24.8333333333333
31.7166666666667
28.25
29.1
26
28.1166666666667
25.9666666666667
32.2166666666667
26.2333333333333
26.9333333333333
27.6666666666667
29.1833333333333
27.95
30.4666666666667
28.55
33.25
33.1833333333333
28.4333333333333
20.9166666666667
22.75
27.35
21.6166666666667
19.75
19.8666666666667
23.1833333333333
21.9833333333333
27.1166666666667
25.45
28.1166666666667
27.25
34
44.3833333333333
48.8166666666667
48.6
49.9166666666667
44.1666666666667
48.15
49.4333333333333
51.0333333333333
51.3666666666667
40.2833333333333
42.65
45.25
49.1
45.3166666666667
53.35
43.7166666666667
37.8333333333333
40.2333333333333
42.1833333333333
41.3333333333333
