92.665474060823
87.6480541455162
86.9127516778524
86.3333333333334
72.8551336146274
67.1854734111544
66.4102564102565
65.6527249683144
63.4026927784578
63.0170316301704
61.9617224880383
61.6666666666667
60.6557377049181
60.0231749710314
59.0649942987458
57.8125000000001
56.985698569857
55.8189655172414
54.1841004184101
53.9583333333334
53.1827515400411
52.9111338100103
52.6958290946084
51.4910536779325
51.2363996043522
50.2912621359224
49.2395437262358
48.960302457467
48.3208955223881
48.1412639405205
47.3491773308958
47.176684881603
46.0035523978686
45.5985915492958
45.4385964912281
45.0434782608696
44.5017182130585
44.3493150684932
44.1979522184301
43.8240270727581
42.8099173553719
42.668863261944
42.3202614379085
41.70692431562
41.5730337078652
41.2420382165606
41.1111111111112
40.9810126582279
40.6593406593407
40.2173913043479
39.4817073170732
39.2424242424243
39.1238670694864
38.7144992526159
38.5416666666667
38.3136094674557
38.1443298969073
38.0323054331865
37.9209370424598
36.5303244005642
36.3253856942497
36.1731843575419
35.8725761772854
35.5281207133059
35.1902173913044
34.8586810228803
34.7184986595175
34.6256684491979
33.8120104438643
33.6801040312094
33.5927367055772
33.5058214747736
33.2051282051282
32.8263624841572
32.6196473551638
32.4155193992491
32.0544554455446
31.4320388349515
31.3559322033899
31.1672683513839
31.09243697479
30.9808612440192
30.8333333333334
30.7236061684461
30.5064782096585
30.3278688524591
29.9076212471132
29.8387096774194
29.667812142039
29.3650793650794
29.003359462486
28.7777777777778
28.6187845303868
28.2751091703057
27.9094827586207
27.8494623655914
27.7599142550911
27.7005347593583
27.6414087513341
27.5825346112886
27.4946921443737
27.2918861959958
26.7838676318511
26.7285861713107
26.5913757700206
26.2145748987855
26.1616161616162
25.925925925926
25.796812749004
25.6181998021761
25.5676209279369
25.3921568627451
25.29296875
25.0968992248062
25
24.808429118774
24.573055028463
24.0706319702603
23.9371534195934
23.6745886654479
23.6313868613139
23.2913669064748
23.0837789661319
23.0017761989343
22.9609929078014
22.6795096322242
22.6398601398602
22.4436741767765
22.4048442906575
22.3661485319517
22.21269296741
22.098976109215
21.9491525423729
21.875
21.5116279069768
21.3696369636964
21.1601307189543
21.1256117455139
21.0912052117264
20.8199356913183
20.7532051282052
20.6869009584665
20.6210191082803
20.5882352941177
20.5229793977813
20.3616352201258
20.2660406885759
20.139968895801
20.077519379845
20.015455950541
19.8619631901841
19.8012232415902
18.8775510204082
18.71387283237
9.67862481315397
9.19744318181819
9.04329608938548
8.71467025572006
8.37645536869341
7.4769053117783
7.09978070175439
6.84460887949261
6.23795761078999
6.16666666666667
4.28240740740741
2.31912607449857
2.21746575342466
1.51568352059925
99.4633273703041
94.077834179357
93.2885906040269
92.6666666666667
78.1997187060478
72.1141374837873
71.2820512820513
70.468948035488
68.0538555691554
67.639902676399
66.5071770334928
66.1904761904762
65.1053864168618
64.4264194669757
63.3979475484607
62.0535714285714
61.1661166116612
59.9137931034483
58.1589958158996
57.9166666666667
57.0841889117043
56.7926455566905
56.5615462868769
55.2683896620278
54.9950544015826
53.9805825242718
52.851711026616
52.5519848771267
51.865671641791
51.6728624535316
50.8226691042048
50.6375227686703
49.3783303730018
48.943661971831
48.7719298245614
48.3478260869565
47.766323024055
47.6027397260274
47.4402730375427
47.0389170896785
45.9504132231405
45.7990115321252
45.4248366013072
44.7665056360709
44.6227929373997
44.2675159235669
44.1269841269841
43.9873417721519
43.6420722135008
43.167701863354
42.3780487804878
42.1212121212121
41.9939577039275
41.5545590433483
41.3690476190476
41.1242603550296
40.9425625920471
40.8223201174743
40.7027818448023
39.2101551480959
38.9901823281907
38.8268156424581
38.5041551246537
38.1344307270233
37.7717391304348
37.4158815612382
37.2654155495979
37.1657754010695
36.2924281984334
36.1508452535761
36.0570687418936
35.9637774902975
35.6410256410256
35.234474017744
35.0125944584383
34.793491864831
34.4059405940594
33.7378640776699
33.6561743341404
33.453670276775
33.3733493397359
33.2535885167464
33.0952380952381
32.9774614472123
32.7444051825677
32.5526932084309
32.1016166281755
32.0276497695853
31.84421534937
31.5192743764172
31.1310190369541
30.8888888888889
30.7182320441989
30.3493449781659
29.9568965517241
29.8924731182796
29.7963558413719
29.7326203208556
29.6691568836713
29.6059637912673
29.5116772823779
29.2939936775553
28.7487073422958
28.6893704850361
28.5420944558522
28.1376518218623
28.0808080808081
27.8278278278278
27.6892430278884
27.4975272007913
27.4432379072063
27.2549019607843
27.1484375
26.937984496124
26.8339768339768
26.6283524904215
26.3757115749526
25.8364312267658
25.6931608133087
25.4113345521024
