0
0
0
0
0
0
0
0
0
0
0
0
44.7154471544715
90.5149051490516
95.6639566395663
96.7479674796747
98.6449864498645
98.9159891598915
99.7289972899729
0
0
0
0
0
0
0
0
0
0
0
0
17.8764897074756
36.1863488624053
38.2448537378115
38.6782231852654
39.4366197183099
39.5449620801733
39.8699891657638
40.4117009750812
40.6283856988083
40.7367280606717
40.9534127843986
41.0617551462622
41.2784398699891
41.3867822318527
41.7118093174431
41.9284940411701
42.0368364030336
42.4702058504875
42.578548212351
42.6868905742145
42.795232936078
42.9035752979415
42.9035752979415
43.011917659805
43.1202600216685
43.1202600216685
43.228602383532
43.228602383532
43.228602383532
43.3369447453954
43.3369447453954
43.4452871072589
43.5536294691224
43.6619718309859
43.7703141928494
44.0953412784399
44.2036836403034
44.2036836403034
44.5287107258939
44.5287107258939
44.6370530877573
44.7453954496208
45.0704225352113
45.0704225352113
45.0704225352113
45.1787648970747
45.2871072589382
45.3954496208018
45.6121343445287
45.6121343445287
45.9371614301192
45.9371614301192
46.0455037919826
46.0455037919826
46.0455037919826
46.1538461538461
46.3705308775731
46.4788732394366
46.5872156013002
46.5872156013002
46.6955579631636
46.8039003250271
47.3456121343445
47.5622968580715
47.5622968580715
47.8873239436619
48.1040086673889
48.1040086673889
48.6457204767064
48.6457204767064
48.7540628385698
48.7540628385698
48.8624052004334
49.0790899241603
49.4041170097508
50.2708559046587
50.3791982665222
50.3791982665222
50.5958829902492
50.8125677139761
51.0292524377032
51.0292524377032
51.7876489707476
52.112676056338
52.112676056338
52.329360780065
52.762730227519
52.8710725893825
53.1960996749729
53.3044420368364
53.6294691224269
53.6294691224269
55.4712892741062
55.7963163596967
56.3380281690141
57.5297941495125
57.9631635969664
65.1137594799566
65.2221018418201
75.1895991332612
86.2405200433369
93.1744312026002
94.4745395449621
96.6413867822318
97.7248104008668
0
0
0
0
0
0
0
0
0
0
0
0
16.2401574803149
32.8740157480315
34.7440944881889
35.1377952755905
35.8267716535433
35.9251968503937
36.2204724409449
36.7125984251968
36.9094488188977
37.007874015748
37.2047244094488
37.3031496062992
37.5
37.5984251968504
37.8937007874015
38.0905511811024
38.1889763779528
38.5826771653543
38.6811023622047
38.7795275590551
38.8779527559055
38.9763779527559
38.9763779527559
39.0748031496063
39.1732283464567
39.1732283464567
39.2716535433071
39.2716535433071
39.2716535433071
39.3700787401575
39.3700787401575
39.4685039370078
39.5669291338582
39.6653543307087
39.7637795275591
40.0590551181103
40.1574803149606
40.1574803149606
40.4527559055118
40.4527559055118
40.5511811023622
40.6496062992126
40.9448818897638
40.9448818897638
40.9448818897638
41.0433070866141
41.1417322834645
41.240157480315
41.4370078740157
41.4370078740157
41.7322834645669
41.7322834645669
41.8307086614173
41.8307086614173
41.8307086614173
41.9291338582677
42.1259842519685
42.2244094488189
42.3228346456693
42.3228346456693
42.4212598425197
42.5196850393701
43.011811023622
43.2086614173229
43.2086614173229
43.503937007874
43.7007874015748
43.7007874015748
44.1929133858267
44.1929133858267
44.2913385826771
44.2913385826771
44.3897637795276
44.5866141732283
44.8818897637795
45.6692913385827
45.767716535433
45.767716535433
45.9645669291339
46.1614173228346
46.3582677165355
46.3582677165355
47.0472440944882
47.3425196850393
47.3425196850393
47.5393700787402
47.9330708661418
48.0314960629921
48.3267716535433
48.4251968503937
48.7204724409449
48.7204724409449
50.3937007874016
50.6889763779528
51.1811023622047
52.2637795275591
52.6574803149607
59.1535433070866
59.251968503937
68.3070866141733
78.3464566929134
84.6456692913386
85.8267716535433
87.7952755905512
88.7795275590552
90.8464566929134
93.5039370078741
0
0
0
0
0
0
0
0
0
0
0
0
12.7708978328173
25.8513931888545
27.3219814241486
27.6315789473684
28.1733746130031
28.250773993808
28.4829721362229
28.8699690402477
29.0247678018576
29.1021671826625
29.2569659442724
29.3343653250774
29.4891640866873
29.5665634674923
29.7987616099071
29.9535603715171
30.030959752322
30.3405572755418
30.4179566563467
30.4953560371517
30.5727554179567
