40.8666666666667
42.1
40.7333333333333
44
42.3
45
52.7666666666667
52.8333333333333
53.3
41.7
42
40.9666666666667
42.3666666666667
40.0333333333333
41.3
40.4
40
42.0333333333333
40.6
40.0333333333333
41.7
38.3666666666667
41.5
42.1666666666667
43.3333333333333
38.3
41.3333333333333
39.9666666666667
46.4333333333333
44.8
42.9666666666667
39.4333333333333
41.0666666666667
47.6
48.9666666666667
47.8333333333333
46.6
47.3
51.6666666666667
48.0333333333333
50.5666666666667
46.2
52.6333333333333
48.6
51.4666666666667
49.5
51.4333333333333
47.7
47.8
48.9666666666667
51.3333333333333
50.6666666666667
50.5666666666667
49.7333333333333
52.9333333333333
49.1
51.8333333333333
46.1666666666667
51.2666666666667
48.0666666666667
48.7333333333333
45.2333333333333
42.3
39.4
43.7
39.7333333333333
41.4333333333333
40.1333333333333
41.2
41.2666666666667
40.5
45.5333333333333
42.1333333333333
42.4333333333333
40.3
39.9333333333333
40.3
43.9
45.9
41.7333333333333
41.5666666666667
41.7666666666667
39.6666666666667
41.8666666666667
41.7333333333333
40.5333333333333
41.5666666666667
38.7333333333333
39.0666666666667
39.4333333333333
41.6
39.5
42.5666666666667
40.4
41.3
42.9
45.3333333333333
40.9666666666667
42.2333333333333
39.9333333333333
44.1333333333333
43.3666666666667
42.7
40.0666666666667
38.5
42.2
41.8333333333333
41.6333333333333
41.9333333333333
45.5333333333333
39.1333333333333
41.6333333333333
41.3333333333333
41.5333333333333
43.9666666666667
48.9
49.1
49.9333333333333
49.5333333333333
47.4666666666667
51.9666666666667
50.4666666666667
53.2666666666667
48.9333333333333
51.4666666666667
48.5666666666667
49.5666666666667
52.4
49.5333333333333
50.3
50.8333333333333
48.6
40.3
40.5
43.2
39.2
41.5666666666667
43.1666666666667
41.2666666666667
39.6333333333333
39.3666666666667
42.6
40.6666666666667
48.2666666666667
40.5
39.5
44.8
47.5666666666667
44.7333333333333
42.5333333333333
50.3
49.0333333333333
49.0333333333333
48.1
45.5
48.3333333333333
48.4666666666667
47.7
51.8333333333333
52.4666666666667
51.4333333333333
52.9666666666667
51.6666666666667
50.6666666666667
51.0666666666667
49.8
48.1333333333333
51.5333333333333
51.2666666666667
51.9333333333333
52
51.2
49.2
49.2333333333333
42.2333333333333
48.7333333333333
49.9
47.7
42.2333333333333
46.1666666666667
41.3666666666667
43.8333333333333
43.4666666666667
44.9333333333333
43.8
45
41.8333333333333
45.9
44.3666666666667
49.1333333333333
44.6666666666667
43.2333333333333
42.3
45.6
42.1666666666667
44.6
45.2666666666667
46.2666666666667
42.7666666666667
44.1
44.6
45.1666666666667
45.1666666666667
44.3666666666667
45.6666666666667
51.4
52.8666666666667
47.4333333333333
42.0666666666667
44.7
40.5666666666667
42.7
43.6333333333333
43.2
44.8666666666667
47.9333333333333
51.8666666666667
42.9
45.7333333333333
43.9
43.9
39.7
43.2666666666667
35.4333333333333
40.6666666666667
46.2
48.1
50.3666666666667
48.7333333333333
48.8666666666667
47.5666666666667
48.3
49.1
50
50.6666666666667
51.9333333333333
50.2333333333333
49.6333333333333
51
49.1666666666667
49.5
45.5333333333333
50.3333333333333
48.7333333333333
49.4666666666667
51.9333333333333
46.0666666666667
50.7
49.2
46.8333333333333
46.2
50.5
49.8666666666667
46.3
44.9333333333333
46.5
45.1
40.5333333333333
46.9333333333333
54.9
52.1666666666667
50.4666666666667
52.2333333333333
51.9
51.8333333333333
49.7333333333333
47.1
46.9
47.3333333333333
47.9666666666667
49.7
48.1333333333333
49.9666666666667
47.7
47.8666666666667
49.6333333333333
49.9666666666667
48.6333333333333
47.2333333333333
48.2333333333333
48.8333333333333
47.1333333333333
48.2666666666667
45.2333333333333
49.9333333333333
51.4
49.2333333333333
50.9666666666667
