1.25
1.28333333333333
1.3
1.3
1.31666666666667
1.25
1.26666666666667
1.26666666666667
1.3
1.3
1.48333333333333
1.26666666666667
1.28333333333333
1.28333333333333
1.26666666666667
1.26666666666667
1.28333333333333
1.3
1.3
1.3
1.3
1.25
1.48333333333333
1.26666666666667
1.28333333333333
1.28333333333333
1.3
1.3
1.28333333333333
1.26666666666667
1.25
1.26666666666667
1.28333333333333
1.31666666666667
1.5
1.26666666666667
1.26666666666667
1.25
1.26666666666667
1.28333333333333
1.3
1.31666666666667
1.28333333333333
1.3
1.26666666666667
1.26666666666667
1.48333333333333
1.3
1.3
1.3
1.36666666666667
1.3
1.25
1.3
1.25
1.25
1.28333333333333
1.33333333333333
1.53333333333333
1.28333333333333
1.28333333333333
1.25
1.25
1.3
1.31666666666667
1.28333333333333
1.28333333333333
1.3
1.3
1.3
1.45
1.25
1.25
1.28333333333333
1.3
1.3
1.3
1.3
1.3
1.3
1.35
1.3
1.45
1.25
1.25
1.28333333333333
1.25
1.28333333333333
1.3
1.25
1.3
1.28333333333333
1.3
1.3
1.48333333333333
1.3
1.3
1.3
1.28333333333333
1.3
1.23333333333333
1.06666666666667
1.13333333333333
1.11666666666667
1.15
1.01666666666667
1.3
1.01666666666667
1.11666666666667
1.08333333333333
1.2
1.08333333333333
1.13333333333333
1.1
1.1
1.1
1.16666666666667
1.16666666666667
1.38333333333333
1.16666666666667
1.13333333333333
1.15
1.15
1.05
1.2
1.13333333333333
1.1
1.1
1.08333333333333
1.11666666666667
1.31666666666667
1
1.16666666666667
1.11666666666667
1.06666666666667
1.11666666666667
1.13333333333333
1.08333333333333
1.11666666666667
1.11666666666667
1.06666666666667
1.08333333333333
1.31666666666667
1.13333333333333
1.1
1.18333333333333
1.11666666666667
1.11666666666667
1.88333333333333
2.01666666666667
1.13333333333333
1.11666666666667
1.13333333333333
1.11666666666667
1.28333333333333
1.05
1.15
1.23333333333333
1.16666666666667
1.1
1.16666666666667
1.18333333333333
1.11666666666667
1.13333333333333
1.06666666666667
1.08333333333333
1.35
1.15
1.08333333333333
1.16666666666667
1.05
1.06666666666667
1.13333333333333
1.1
1.13333333333333
1.18333333333333
1.1
1.11666666666667
1.38333333333333
1.1
1.16666666666667
1.13333333333333
1.15
1.1
1.23333333333333
1.11666666666667
1.1
1.1
1.1
1.2
1.31666666666667
1.1
1.13333333333333
1.15
1.15
1.05
1.11666666666667
1.11666666666667
1.18333333333333
1.13333333333333
1.08333333333333
1.08333333333333
1.35
1.08333333333333
1.15
1.23333333333333
1.13333333333333
1.1
1.13333333333333
1.18333333333333
1.26666666666667
1.15
1.1
1.05
1.31666666666667
1.06666666666667
1.13333333333333
1.1
1.21666666666667
1.23333333333333
1.1
1.1
1.08333333333333
1.08333333333333
1.13333333333333
1.16666666666667
1.3
1.13333333333333
1.16666666666667
1.13333333333333
1.1
1.13333333333333
1.08333333333333
1.21666666666667
1.11666666666667
1.15
1.08333333333333
1.11666666666667
1.33333333333333
1.2
1.11666666666667
1.11666666666667
1.15
1.11666666666667
1.1
1.13333333333333
1.06666666666667
1.15
1.05
1.11666666666667
1.35
1.2
1.1
1.15
1.11666666666667
1.1
1.13333333333333
1.13333333333333
1.13333333333333
1.08333333333333
1.06666666666667
1.13333333333333
1.33333333333333
1.2
1.13333333333333
1.18333333333333
1.13333333333333
1.13333333333333
1.13333333333333
1.26666666666667
1.13333333333333
1.13333333333333
1.16666666666667
1.13333333333333
1.26666666666667
1.11666666666667
1.25
1.3
1.28333333333333
1.28333333333333
1.3
1.33333333333333
1.28333333333333
1.25
1.3
1.3
1.46666666666667
1.26666666666667
