1.73333333333333
1.6
1.6
2.06666666666667
1.6
1.5
1.63333333333333
2.4
1.63333333333333
1.5
1.6
1.5
1.76666666666667
1.5
1.6
2.1
1.6
1.53333333333333
1.73333333333333
1.5
1.6
1.5
1.7
1.53333333333333
2.76666666666667
1.8
1.86666666666667
2.46666666666667
10.2333333333333
1.6
1.56666666666667
1.6
1.5
1.6
1.5
1.6
1.73333333333333
1.6
1.5
2.3
1.5
1.6
1.6
1.6
1.6
1.53333333333333
1.6
1.5
5.16666666666667
1.5
1.6
2.7
1.6
1.5
1.73333333333333
1.5
1.6
1.5
1.63333333333333
1.5
1.73333333333333
1.5
1.6
2.1
1.6
1.53333333333333
1.66666666666667
1.53333333333333
1.6
1.5
1.6
1.63333333333333
1.7
1.5
1.63333333333333
2.1
1.6
1.5
1.6
1.5
1.6
1.5
1.6
1.5
1.73333333333333
1.5
1.6
2.03333333333333
1.6
1.5
1.7
1.5
1.6
1.5
1.6
1.5
1.8
1.56666666666667
1.6
2.1
1.7
1.53333333333333
1.66666666666667
1.5
1.63333333333333
1.5
1.6
1.56666666666667
1.83333333333333
1.53333333333333
1.6
2.1
1.63333333333333
1.5
1.66666666666667
1.5
1.63333333333333
1.5
1.63333333333333
1.5
1.76666666666667
1.53333333333333
1.6
2.13333333333333
1.6
1.6
1.7
1.63333333333333
1.53333333333333
1.6
1.63333333333333
1.63333333333333
1.7
1.6
1.6
2.2
1.6
1.83333333333333
1.63333333333333
1.63333333333333
1.6
1.6
1.63333333333333
1.6
1.93333333333333
1.66666666666667
1.56666666666667
2.2
1.6
1.6
1.63333333333333
1.6
1.6
1.6
1.53333333333333
1.6
1.7
1.6
1.6
2.16666666666667
1.6
1.56666666666667
1.6
1.6
1.6
1.63333333333333
1.6
1.6
1.63333333333333
1.6
1.6
2.2
2.26666666666667
7.23333333333333
1.63333333333333
1.6
1.6
1.53333333333333
1.76666666666667
1.6
1.76666666666667
1.6
1.6
2.16666666666667
1.6
1.6
1.56666666666667
1.56666666666667
1.6
1.6
1.6
3.17857142857143
8.86666666666667
2.42307692307692
1.7
2.2
1.6
1.6
1.76666666666667
1.76666666666667
1.63333333333333
1.53333333333333
1.6
1.56666666666667
1.66666666666667
1.66666666666667
1.6
2.2
1.56666666666667
1.6
1.63333333333333
1.6
1.6
1.6
1.56666666666667
1.53333333333333
1.73333333333333
1.66666666666667
1.56666666666667
2.1
1.6
1.6
1.53333333333333
1.6
1.63333333333333
1.6
1.6
1.6
1.66666666666667
1.6
1.56666666666667
2.1
1.6
1.6
1.66666666666667
1.6
1.6
1.56666666666667
1.56666666666667
1.6
1.7
1.6
1.8
2.13333333333333
1.6
1.56666666666667
1.53333333333333
1.6
1.6
1.6
1.6
1.6
1.7
1.56666666666667
1.53333333333333
2.13333333333333
1.56666666666667
1.6
1.6
1.6
1.6
1.5
1.6
1.6
1.73333333333333
1.6
1.6
2.2
1.53333333333333
1.56666666666667
1.66666666666667
1.7
1.6
1.6
1.56666666666667
1.53333333333333
1.73333333333333
1.6
1.63333333333333
2.13333333333333
1.6
1.6
1.53333333333333
1.6
1.6
1.56666666666667
1.6
1.6
