1.175
1.19166666666667
1.175
1.15
1.15833333333333
1.19166666666667
1.19166666666667
1.15
1.25
1.18333333333333
1.18333333333333
1.175
1.15833333333333
1.18333333333333
1.15
1.2
1.175
1.2
1.16666666666667
1.16666666666667
1.25833333333333
1.15
1.16666666666667
1.16666666666667
1.175
1.175
1.16666666666667
1.18333333333333
1.16666666666667
1.15833333333333
1.15833333333333
1.175
1.23333333333333
1.15
1.15833333333333
1.15833333333333
1.15
1.175
1.15833333333333
1.15833333333333
1.16666666666667
1.18333333333333
1.16666666666667
1.16666666666667
1.24166666666667
1.175
1.15
1.15
1.15833333333333
1.18333333333333
1.15833333333333
1.15833333333333
1.16666666666667
1.2
1.175
1.16666666666667
1.275
1.18333333333333
1.16666666666667
1.15
1.16666666666667
1.15833333333333
1.175
1.13333333333333
1.16666666666667
1.175
1.18333333333333
1.175
1.25833333333333
1.18333333333333
1.175
1.15
1.19166666666667
1.15833333333333
1.15833333333333
1.16666666666667
1.18333333333333
1.20833333333333
1.21666666666667
1.2
1.29166666666667
1.19166666666667
1.175
1.19166666666667
1.15
1.19166666666667
1.2
1.19166666666667
1.15
1.20833333333333
1.19166666666667
1.175
1.26666666666667
1.15833333333333
1.16666666666667
1.15833333333333
1.15833333333333
1.15
1.15833333333333
1.18333333333333
1.125
1.10833333333333
1.10833333333333
1.125
1.16666666666667
1.125
1.09166666666667
1.10833333333333
1.425
1.10833333333333
1.11666666666667
1.10833333333333
1.1
1.11666666666667
1.08333333333333
1.10833333333333
1.2
1.1
1.075
1.10833333333333
1.1
1.125
1.125
1.11666666666667
1.1
1.2
1.11666666666667
1.11666666666667
1.175
1.15
1.09166666666667
1.11666666666667
1.11666666666667
1.2
1.10833333333333
1.11666666666667
1.075
1.1
1.125
1.1
1.18333333333333
1.11666666666667
1.125
1.125
1.1
1.13333333333333
1.10833333333333
1.09166666666667
1.46666666666667
1.49166666666667
1.14166666666667
1.13333333333333
1.33333333333333
1.125
1.1
1.11666666666667
1.10833333333333
1.1
1.09166666666667
1.13333333333333
1.11666666666667
1.125
1.13333333333333
1.125
1.19166666666667
1.09166666666667
1.125
1.10833333333333
1.125
1.11666666666667
1.125
1.14166666666667
1.125
1.13333333333333
1.13333333333333
1.10833333333333
1.20833333333333
1.13333333333333
1.10833333333333
1.125
1.125
1.10833333333333
1.1
1.1
1.08333333333333
1.1
1.11666666666667
1.1
1.20833333333333
1.10833333333333
1.1
1.11666666666667
1.125
1.10833333333333
1.1
1.09166666666667
1.10833333333333
1.13333333333333
1.13333333333333
1.125
1.225
1.125
1.075
1.1
1.1
1.1
1.10833333333333
1.10833333333333
1.11666666666667
1.11666666666667
1.10833333333333
1.125
1.19166666666667
1.11666666666667
1.125
1.125
1.10833333333333
1.10833333333333
1.13333333333333
1.11666666666667
1.125
1.11666666666667
1.13333333333333
1.13333333333333
1.18333333333333
1.11666666666667
1.11666666666667
1.11666666666667
1.13333333333333
1.15
1.1
1.13333333333333
1.125
1.14166666666667
1.13333333333333
1.10833333333333
1.2
1.11666666666667
1.09166666666667
1.125
1.10833333333333
1.125
1.1
1.11666666666667
1.125
1.10833333333333
1.15
1.11666666666667
1.19166666666667
1.10833333333333
1.13333333333333
1.1
1.125
1.11666666666667
1.10833333333333
1.1
1.125
1.13333333333333
1.125
1.11666666666667
1.18333333333333
1.14166666666667
1.10833333333333
1.125
1.10833333333333
1.125
1.13333333333333
1.11666666666667
1.11666666666667
1.13333333333333
1.11666666666667
1.10833333333333
1.18333333333333
1.11666666666667
1.09166666666667
1.11666666666667
1.175
1.175
1.15833333333333
1.15
1.15
1.19166666666667
1.15833333333333
1.16666666666667
1.275
1.16666666666667
1.15833333333333
1.18333333333333
