1.4
1.4
1.48333333333333
1.4
1.4
1.39166666666667
1.38333333333333
1.4
1.4
1.4
1.4
1.4
1.4
1.4
1.475
1.4
1.4
1.4
1.4
1.4
1.4
1.375
1.4
1.4
1.4
1.41666666666667
1.48333333333333
1.4
1.375
1.40833333333333
1.4
1.4
1.4
1.4
1.4
1.41666666666667
1.375
1.4
1.48333333333333
1.4
1.4
1.40833333333333
1.4
1.39166666666667
1.375
1.4
1.4
1.4
1.4
1.425
1.48333333333333
1.4
1.39166666666667
1.4
1.39166666666667
1.4
1.4
1.4
1.4
1.38333333333333
1.375
1.38333333333333
1.48333333333333
1.4
1.4
1.41666666666667
1.4
1.4
1.39166666666667
1.38333333333333
1.39166666666667
1.4
1.4
1.43333333333333
1.475
1.39166666666667
1.4
1.375
1.4
1.4
1.39166666666667
1.39166666666667
1.4
1.4
1.4
1.4
1.49166666666667
1.4
1.39166666666667
1.41666666666667
1.4
1.39166666666667
1.39166666666667
1.4
1.4
1.4
1.4
1.40833333333333
1.49166666666667
1.4
1.375
1.28333333333333
1.28333333333333
1.29166666666667
1.28333333333333
1.25
1.28333333333333
1.25
1.6
1.29166666666667
1.375
1.25833333333333
1.275
1.3
1.275
1.28333333333333
1.275
1.25833333333333
1.275
1.25
1.275
1.275
1.375
1.25833333333333
1.275
1.28333333333333
1.28333333333333
1.26666666666667
1.275
1.25
1.275
1.275
1.275
1.30833333333333
1.375
1.275
1.275
1.325
1.64166666666667
2.20833333333333
2.925
1.28333333333333
1.275
1.275
1.275
1.29166666666667
1.375
1.275
1.69166666666667
1.98333333333333
1.275
1.3
1.29166666666667
1.275
1.28333333333333
1.275
1.29166666666667
1.31666666666667
1.375
1.275
1.275
1.3
1.275
1.26666666666667
1.29166666666667
1.3
1.29166666666667
1.275
1.26666666666667
1.3
1.36666666666667
1.275
1.3
1.29166666666667
1.28333333333333
1.29166666666667
1.275
1.275
1.275
1.28333333333333
1.29166666666667
1.35
1.375
1.275
1.275
1.3
1.29166666666667
1.275
1.275
1.28333333333333
1.275
1.275
1.275
1.325
1.375
1.29166666666667
1.275
1.30833333333333
1.275
1.3
1.28333333333333
1.275
1.28333333333333
1.275
1.28333333333333
1.30833333333333
1.375
1.275
1.29166666666667
1.30833333333333
1.29166666666667
1.3
1.30833333333333
1.275
1.275
1.29166666666667
1.275
1.3
1.38333333333333
1.275
1.28333333333333
1.3
1.3
1.29166666666667
1.28333333333333
1.29166666666667
1.3
1.28333333333333
1.29166666666667
1.3
1.4
1.28333333333333
1.28333333333333
1.3
1.275
1.29166666666667
1.29166666666667
1.28333333333333
1.28333333333333
1.28333333333333
1.275
1.3
1.375
1.28333333333333
1.28333333333333
1.30833333333333
1.28333333333333
1.275
1.31666666666667
1.275
1.275
1.28333333333333
1.275
1.3
1.375
1.26666666666667
1.29166666666667
1.3
1.275
1.3
1.28333333333333
1.275
1.28333333333333
1.275
1.28333333333333
1.31666666666667
1.375
1.28333333333333
1.275
1.30833333333333
1.275
1.29166666666667
1.3
1.275
1.31666666666667
1.30833333333333
1.36666666666667
1.49166666666667
1.50833333333333
1.4
1.4
1.425
1.4
1.4
1.4
1.4
1.375
1.4
