2.13333333333333
2
2
2
2.06666666666667
2.53333333333333
2.4
2.06666666666667
2
2
2
2
2
2.26666666666667
2
2.13333333333333
2
2.06666666666667
2
2
2
2.2
2.2
2.2
2.06666666666667
2
2
2
2
2
2
2
2.13333333333333
2
2
2
2
2.2
2
2
2
2
2
2
2.2
2.13333333333333
3.73333333333333
2
2
2.2
2.06666666666667
2.53333333333333
2
2
2
2
2
2.26666666666667
2.13333333333333
2.2
2
2
2
2
2
2
2
2.66666666666667
2.06666666666667
2.13333333333333
2
2
2
2.2
2.06666666666667
2.13333333333333
2.13333333333333
2
2
2
2
2
2
2.26666666666667
2.2
2.2
3.4
2.06666666666667
2
2
2
2
2.26666666666667
2.66666666666667
2
2
2
2
2
2.33333333333333
2
2
2
2
2
2
2
2
2.6
2.4
2.06666666666667
2.13333333333333
3
2.4
2
2
2
2
2
2
2
2.73333333333333
2.13333333333333
2.46666666666667
2.33333333333333
2.46666666666667
2
2
2
2
2
2
2.26666666666667
2.33333333333333
2.06666666666667
2
2
2
2
2.27272727272727
2.26666666666667
2.06666666666667
2.06666666666667
2.2
2.06666666666667
2
2
2
2.53333333333333
2.6
2.06666666666667
2.2
2
2
2
2.06666666666667
2
2.13333333333333
2.2
2.13333333333333
2.26666666666667
2
2
2.33333333333333
2.2
2.2
2.13333333333333
2.06666666666667
2
2
2
2.2
2.06666666666667
2.2
2.06666666666667
2.13333333333333
2
2
2
2
2
2.46666666666667
2.13333333333333
2.2
2
2
2
2
2.06666666666667
2.06666666666667
2.06666666666667
2.13333333333333
2.13333333333333
2
2.13333333333333
2.2
2
2.13333333333333
2
2
2
2
2
2.2
2
2
2
2
2
2
2
2
2
2
2.33333333333333
2.2
2.13333333333333
2
2
2
2
2
2
2
2
2.06666666666667
2
2.2
2
2
2
2
2
2
2
2.2
2
2
2.2
2.13333333333333
2.2
2
2
2
2
2
2.2
2
2.26666666666667
2
2
2
2
2
2
2.2
2
2
2
2
2
2
2
2.2
2
2
2.26666666666667
2
4.53333333333333
4.73333333333333
2
2
2
2
2
2.13333333333333
2
2.13333333333333
2
2.06666666666667
2.06666666666667
2
2.06666666666667
2
2
2
2
2.13333333333333
