2.25
2.33333333333333
2.18333333333333
2.15
2.18333333333333
2.21666666666667
2.18333333333333
2.15
2.2
2.16666666666667
2.15
2.18333333333333
10.9166666666667
2.33333333333333
2.23333333333333
2.38333333333333
10.35
2.21666666666667
2.25
2.23333333333333
2.33333333333333
2.3
2.21666666666667
2.16666666666667
2.18333333333333
10.1
2.2
2.2
2.15
2.25
2.31666666666667
2.21666666666667
2.18333333333333
2.13333333333333
2.23333333333333
2.15
2.25
2.35
2.15
2.13333333333333
2.18333333333333
2.13333333333333
2.1
2.1
2.11666666666667
2.13333333333333
2.13333333333333
2.11666666666667
2.2
2.26666666666667
2.05
2.08333333333333
2.13333333333333
2.15
2.16666666666667
2.11666666666667
2.1
2.08333333333333
2.11666666666667
2.11666666666667
2.18333333333333
2.28333333333333
2.18333333333333
2.13333333333333
2.13333333333333
2.23333333333333
2.2
2.13333333333333
2.11666666666667
2.18333333333333
2.2
2.2
2.23333333333333
2.35
2.13333333333333
2.1
2.23333333333333
2.11666666666667
2.13333333333333
2.05
2.1
2.05
2.1
2.15
2.18333333333333
2.18333333333333
2.06666666666667
2.11666666666667
2.05
2.08333333333333
2.16666666666667
2.08333333333333
2.03333333333333
2.08333333333333
2.15
2.05
2.16666666666667
2.23333333333333
2.11666666666667
2.13333333333333
2.05
2
1.96666666666667
1.93333333333333
2
1.9
1.98333333333333
1.98333333333333
2.05
2.06666666666667
1.96666666666667
1.98333333333333
1.96666666666667
1.98333333333333
2
1.96666666666667
1.96666666666667
1.91666666666667
1.96666666666667
1.91666666666667
2.05
2.06666666666667
1.98333333333333
1.98333333333333
1.98333333333333
2.1
2.01666666666667
1.98333333333333
1.98333333333333
1.95
2
1.95
2.05
2.05
1.95
1.98333333333333
1.98333333333333
1.98333333333333
2
1.93333333333333
1.96666666666667
2.01666666666667
1.95
1.95
2.06666666666667
2.11666666666667
1.98333333333333
1.96666666666667
1.98333333333333
2.35
1.98333333333333
1.93333333333333
1.98333333333333
1.96666666666667
1.96666666666667
2.05
2.1
2.16666666666667
1.96666666666667
2
1.95
2
2.01666666666667
2.03333333333333
1.96666666666667
2
2
2
1.98333333333333
2.1
2
1.95
1.98333333333333
2
2.03333333333333
2
2
2
1.91666666666667
1.98333333333333
1.96666666666667
2.08333333333333
1.93333333333333
1.98333333333333
2
1.96666666666667
2
1.98333333333333
1.96666666666667
1.93333333333333
2
2.03333333333333
2.08333333333333
2.06666666666667
1.98333333333333
1.93333333333333
1.96666666666667
2
1.98333333333333
1.95
2
2
1.95
1.95
2.06666666666667
2.11666666666667
2
2
1.98333333333333
2.03333333333333
2
2
2
2.01666666666667
2
2.03333333333333
2.06666666666667
2.35
1.98333333333333
2
2.05
2.03333333333333
2
1.98333333333333
1.98333333333333
2
2
2
2.06666666666667
2.1
2
1.98333333333333
2
2
2
2.01666666666667
2
1.98333333333333
2
1.98333333333333
2.05
2.1
2
2.05
2.05
2
2
1.96666666666667
1.96666666666667
2.01666666666667
1.98333333333333
2
2.06666666666667
2.13333333333333
2
2.01666666666667
2.2
10.2666666666667
2.01666666666667
2
2.03333333333333
2.08333333333333
2.01666666666667
1.98333333333333
2.03333333333333
2.2
2
2
2
2
2.03333333333333
9.8
1.98333333333333
1.98333333333333
2
2
2.15
2.26666666666667
2.21666666666667
2.21666666666667
2.1
2.1
2.15
2.05
6.31666666666667
4.01666666666667
1.98333333333333
2.03333333333333
