1.58333333333333
1.5
1.53333333333333
1.51666666666667
1.58333333333333
1.55
1.55
1.55
1.53333333333333
1.5
1.51666666666667
1.65
8.58333333333333
1.55
1.53333333333333
1.58333333333333
8.51666666666667
1.6
1.55
1.51666666666667
1.61666666666667
1.55
1.53333333333333
1.66666666666667
1.6
7.01666666666667
1.7
1.71666666666667
1.66666666666667
1.75
1.86666666666667
1.71666666666667
1.71666666666667
1.8
1.68333333333333
1.78333333333333
1.78333333333333
1.7
1.75
1.71666666666667
1.71666666666667
1.73333333333333
1.71666666666667
1.75
1.76666666666667
1.73333333333333
1.71666666666667
1.83333333333333
1.8
1.7
1.75
1.68333333333333
1.73333333333333
1.75
1.73333333333333
1.73333333333333
1.66666666666667
1.66666666666667
1.66666666666667
1.86666666666667
1.7
1.73333333333333
1.73333333333333
1.75
1.68333333333333
1.71666666666667
1.76666666666667
1.68333333333333
1.71666666666667
1.75
1.71666666666667
1.85
1.78333333333333
1.73333333333333
1.68333333333333
1.71666666666667
1.73333333333333
1.75
1.73333333333333
1.66666666666667
1.71666666666667
1.68333333333333
1.73333333333333
1.81666666666667
1.73333333333333
1.75
1.73333333333333
1.7
1.78333333333333
1.73333333333333
1.7
1.7
1.73333333333333
1.71666666666667
1.75
1.8
1.76666666666667
1.78333333333333
1.71666666666667
1.71666666666667
1.6
1.51666666666667
1.5
1.51666666666667
1.53333333333333
1.5
1.5
1.61666666666667
1.58333333333333
1.51666666666667
1.53333333333333
1.5
1.5
1.51666666666667
1.53333333333333
1.51666666666667
1.53333333333333
1.51666666666667
1.53333333333333
1.63333333333333
1.56666666666667
1.51666666666667
1.53333333333333
1.51666666666667
1.53333333333333
1.5
1.55
1.5
1.55
1.5
1.55
1.63333333333333
1.56666666666667
1.55
1.51666666666667
1.55
1.53333333333333
1.55
1.5
1.6
1.51666666666667
1.55
1.5
1.66666666666667
1.58333333333333
1.55
1.51666666666667
1.55
1.5
1.53333333333333
1.5
1.83333333333333
1.55
1.55
1.5
1.63333333333333
1.6
1.55
1.55
1.55
1.53333333333333
1.6
1.5
1.51666666666667
1.5
1.55
1.53333333333333
1.63333333333333
1.55
1.55
1.5
1.53333333333333
1.58333333333333
1.5
1.55
1.53333333333333
1.55
1.5
1.65
1.56666666666667
1.53333333333333
1.5
1.53333333333333
1.5
1.55
1.55
1.55
1.55
1.55
1.5
1.68333333333333
1.61666666666667
1.53333333333333
1.5
1.55
1.5
1.55
1.55
1.55
1.51666666666667
1.55
1.51666666666667
1.65
1.6
1.55
1.51666666666667
1.55
1.53333333333333
1.55
1.55
1.55
1.51666666666667
1.55
1.5
1.66666666666667
1.6
1.55
1.55
1.55
1.55
1.55
1.51666666666667
1.55
1.55
1.53333333333333
1.53333333333333
1.63333333333333
1.6
1.53333333333333
1.53333333333333
1.53333333333333
1.55
1.53333333333333
1.5
1.5
1.55
1.51666666666667
1.55
1.68333333333333
1.6
1.55
1.51666666666667
1.5
1.55
1.56666666666667
1.55
1.55
1.55
1.53333333333333
1.55
1.68333333333333
1.61666666666667
1.55
1.55
1.53333333333333
1.56666666666667
5.53333333333333
1.3
1.35
1.3
1.45
1.31666666666667
1.43333333333333
1.36666666666667
1.3
1.31666666666667
1.3
1.3
1.5
1.38333333333333
6
1.3
1.3
1.35
1.43333333333333
1.65
1.53333333333333
1.55
1.55
1.51666666666667
1.55
1.51666666666667
1.55
6.01666666666667
3.56666666666667
1.5
1.66666666666667
1.6
