1.76666666666667
1.58333333333333
1.85
1.56666666666667
1.6
1.6
1.55
1.55
1.55
1.51666666666667
1.56666666666667
1.55
1.55
1.55
1.76666666666667
1.53333333333333
1.58333333333333
1.55
1.53333333333333
1.55
1.55
1.55
1.55
1.55
1.55
1.53333333333333
1.8
1.55
1.56666666666667
1.6
1.55
1.56666666666667
1.53333333333333
1.55
1.51666666666667
1.55
1.55
1.55
1.75
1.55
1.58333333333333
1.58333333333333
1.53333333333333
1.53333333333333
1.55
1.55
1.55
1.58333333333333
1.71666666666667
1.55
1.75
1.53333333333333
1.58333333333333
1.55
1.55
1.55
1.55
1.55
1.53333333333333
1.5
1.55
1.55
1.75
1.55
1.6
1.58333333333333
1.55
1.53333333333333
1.53333333333333
1.55
1.55
1.55
1.56666666666667
1.55
1.75
1.55
1.6
1.56666666666667
1.55
1.55
1.53333333333333
1.55
1.55
1.55
1.55
1.55
1.75
1.55
1.6
1.56666666666667
1.55
1.53333333333333
1.53333333333333
1.55
1.55
1.55
1.55
1.55
1.78333333333333
1.55
1.48333333333333
1.31666666666667
1.28333333333333
1.3
1.31666666666667
1.28333333333333
1.26666666666667
1.28333333333333
1.83333333333333
1.38333333333333
1.5
1.26666666666667
1.41666666666667
1.38333333333333
1.3
1.36666666666667
1.31666666666667
1.26666666666667
1.28333333333333
1.28333333333333
1.26666666666667
1.26666666666667
1.51666666666667
1.26666666666667
1.31666666666667
1.51666666666667
1.26666666666667
1.26666666666667
1.38333333333333
1.33333333333333
1.35
1.3
1.28333333333333
1.3
1.55
1.3
1.43333333333333
1.35
1.3
1.3
1.3
1.3
1.3
2.11666666666667
5.78333333333333
1.41666666666667
1.56666666666667
1.38333333333333
2.65
2.4
1.3
1.3
1.46666666666667
1.4
1.38333333333333
1.31666666666667
1.3
1.3
1.55
1.3
1.36666666666667
1.36666666666667
1.4
1.35
1.35
1.31666666666667
1.38333333333333
1.45
1.3
1.35
1.6
1.36666666666667
1.4
1.38333333333333
1.3
1.31666666666667
1.38333333333333
1.33333333333333
1.38333333333333
1.3
1.3
1.3
1.56666666666667
1.36666666666667
1.4
1.35
1.3
1.3
1.35
1.31666666666667
1.31666666666667
1.36666666666667
1.3
1.33333333333333
1.71666666666667
1.43333333333333
1.4
1.43333333333333
1.31666666666667
1.3
1.35
1.3
1.3
1.3
1.3
1.3
1.55
1.3
1.43333333333333
1.35
1.3
1.3
1.35
1.3
1.3
1.3
1.31666666666667
1.31666666666667
1.55
1.3
1.35
1.35
1.28333333333333
1.3
1.33333333333333
1.3
1.33333333333333
1.31666666666667
1.28333333333333
1.3
1.51666666666667
1.3
1.35
1.35
1.28333333333333
1.3
1.3
1.43333333333333
1.38333333333333
1.3
1.3
1.3
1.51666666666667
1.3
1.35
1.35
1.3
1.3
1.33333333333333
1.3
1.41666666666667
1.3
1.3
1.33333333333333
1.55
1.3
1.35
1.35
1.3
1.3
1.33333333333333
1.36666666666667
1.3
1.3
1.3
1.3
1.55
1.43333333333333
1.31666666666667
1.35
1.3
1.3
1.3
1.3
1.3
1.35
1.55
1.55
1.8
1.55
1.55
1.55
1.55
1.55
1.55
1.55
1.55
1.55
