1.51666666666667
1.55
1.83333333333333
1.55
1.56666666666667
1.65
1.55
1.5
1.53333333333333
1.53333333333333
1.55
1.55
1.56666666666667
1.53333333333333
1.8
1.51666666666667
1.53333333333333
1.8
1.56666666666667
1.53333333333333
1.55
1.53333333333333
1.53333333333333
1.53333333333333
1.53333333333333
1.58333333333333
1.76666666666667
1.55
1.55
1.6
1.55
1.51666666666667
1.5
1.51666666666667
1.51666666666667
1.55
1.55
1.51666666666667
1.81666666666667
1.55
1.53333333333333
1.51666666666667
1.53333333333333
1.53333333333333
1.51666666666667
1.6
1.55
1.58333333333333
1.53333333333333
1.53333333333333
1.73333333333333
1.5
1.51666666666667
1.56666666666667
1.51666666666667
1.55
1.55
1.51666666666667
1.53333333333333
1.55
1.55
1.56666666666667
1.73333333333333
1.58333333333333
1.55
1.53333333333333
1.5
1.6
1.55
1.58333333333333
1.53333333333333
1.56666666666667
1.55
1.55
1.75
1.53333333333333
1.55
1.56666666666667
1.55
1.6
1.58333333333333
1.5
1.5
1.53333333333333
1.51666666666667
1.53333333333333
1.81666666666667
1.53333333333333
1.55
1.58333333333333
1.55
1.53333333333333
1.51666666666667
1.55
1.55
1.68333333333333
1.76666666666667
1.66666666666667
1.73333333333333
1.55
1.46666666666667
1.31666666666667
1.3
1.25
1.3
1.25
1.3
1.36666666666667
1.31666666666667
1.26666666666667
1.5
1.25
1.28333333333333
1.3
1.43333333333333
1.36666666666667
1.31666666666667
1.28333333333333
1.3
1.28333333333333
1.43333333333333
1.4
1.55
1.25
1.33333333333333
1.36666666666667
1.33333333333333
1.25
1.3
1.25
1.28333333333333
1.3
1.33333333333333
1.31666666666667
1.63333333333333
1.31666666666667
1.35
1.41666666666667
1.35
1.3
1.31666666666667
1.31666666666667
1.36666666666667
1.31666666666667
1.31666666666667
1.31666666666667
1.55
1.3
2.13333333333333
2.31666666666667
1.46666666666667
1.33333333333333
1.61666666666667
1.3
1.4
1.31666666666667
1.4
1.31666666666667
1.55
1.3
1.35
1.36666666666667
1.35
1.28333333333333
1.28333333333333
1.3
1.36666666666667
1.3
1.36666666666667
1.31666666666667
1.58333333333333
1.3
1.33333333333333
1.4
1.36666666666667
1.3
1.36666666666667
1.28333333333333
1.3
1.33333333333333
1.31666666666667
1.33333333333333
1.58333333333333
1.28333333333333
1.3
1.35
1.35
1.26666666666667
1.28333333333333
1.3
1.3
1.3
1.35
1.26666666666667
1.51666666666667
1.3
1.31666666666667
1.35
1.31666666666667
1.3
1.31666666666667
1.31666666666667
1.31666666666667
1.35
1.3
1.3
1.7
1.26666666666667
1.33333333333333
1.3
1.31666666666667
1.3
1.35
1.28333333333333
1.33333333333333
1.46666666666667
1.31666666666667
1.3
1.53333333333333
1.28333333333333
1.31666666666667
1.38333333333333
1.45
1.33333333333333
1.3
1.28333333333333
1.35
1.31666666666667
1.35
1.3
1.48333333333333
1.31666666666667
1.38333333333333
1.36666666666667
1.35
1.3
1.3
1.3
1.31666666666667
1.31666666666667
1.31666666666667
1.31666666666667
1.56666666666667
1.3
1.35
1.4
1.33333333333333
1.3
1.31666666666667
1.3
1.3
1.3
1.41666666666667
1.3
1.55
1.3
1.36666666666667
1.36666666666667
1.35
1.3
1.3
1.3
1.36666666666667
1.43333333333333
1.31666666666667
1.3
1.55
1.35
1.4
1.4
1.33333333333333
1.28333333333333
1.31666666666667
1.31666666666667
1.3
1.31666666666667
1.51666666666667
1.6
1.76666666666667
1.55
1.51666666666667
1.58333333333333
1.51666666666667
1.55
1.51666666666667
1.51666666666667
1.55
1.56666666666667
