1.55
1.35
1.4
1.4
1.43333333333333
1.51666666666667
1.46666666666667
1.4
1.41666666666667
1.41666666666667
1.45
1.5
8.85
1.36666666666667
1.41666666666667
1.46666666666667
8.73333333333333
1.41666666666667
1.36666666666667
1.33333333333333
1.46666666666667
1.38333333333333
1.41666666666667
1.43333333333333
1.55
7.73333333333333
1.45
1.43333333333333
1.41666666666667
1.46666666666667
1.5
1.31666666666667
1.36666666666667
1.38333333333333
1.4
1.41666666666667
1.56666666666667
1.36666666666667
1.46666666666667
1.45
1.36666666666667
1.45
1.4
1.38333333333333
1.35
1.38333333333333
1.38333333333333
1.45
1.56666666666667
1.36666666666667
1.41666666666667
1.38333333333333
1.35
1.41666666666667
1.41666666666667
1.36666666666667
1.35
1.38333333333333
1.36666666666667
1.43333333333333
1.55
1.35
1.38333333333333
1.36666666666667
1.35
1.46666666666667
1.36666666666667
1.31666666666667
1.38333333333333
1.31666666666667
1.4
1.43333333333333
1.6
1.33333333333333
1.38333333333333
1.38333333333333
1.38333333333333
1.43333333333333
1.36666666666667
1.35
1.38333333333333
1.33333333333333
1.35
1.41666666666667
1.5
1.36666666666667
1.41666666666667
1.31666666666667
1.36666666666667
1.46666666666667
1.38333333333333
1.31666666666667
1.35
1.38333333333333
1.35
1.36666666666667
1.51666666666667
1.35
1.41666666666667
1.45
1.3
1.33333333333333
1.25
1.25
1.25
1.26666666666667
1.25
1.3
1.43333333333333
1.3
1.25
1.25
1.25
1.33333333333333
1.25
1.25
1.25
1.26666666666667
1.25
1.28333333333333
1.45
1.3
1.25
1.28333333333333
1.25
1.45
1.25
1.26666666666667
1.25
1.25
1.25
1.28333333333333
1.41666666666667
1.25
1.25
1.3
1.26666666666667
1.3
1.28333333333333
1.25
1.25
1.25
1.3
1.26666666666667
1.45
1.25
1.25
1.26666666666667
1.3
1.3
1.58333333333333
1.26666666666667
1.3
1.25
1.3
1.28333333333333
1.45
1.25
1.3
1.26666666666667
1.3
1.3
1.26666666666667
1.25
1.3
1.25
1.25
1.25
1.48333333333333
1.25
1.26666666666667
1.25
1.28333333333333
1.3
1.3
1.25
1.3
1.28333333333333
1.28333333333333
1.28333333333333
1.46666666666667
1.25
1.28333333333333
1.25
1.26666666666667
1.31666666666667
1.25
1.25
1.26666666666667
1.28333333333333
1.26666666666667
1.28333333333333
1.46666666666667
1.26666666666667
1.25
1.3
1.25
1.35
1.3
1.3
1.25
1.3
1.25
1.28333333333333
1.4
1.25
1.25
1.26666666666667
1.25
1.31666666666667
1.26666666666667
1.28333333333333
1.3
1.25
1.25
1.28333333333333
1.45
1.26666666666667
1.3
1.3
1.3
1.3
1.28333333333333
1.28333333333333
1.25
1.26666666666667
1.25
1.26666666666667
1.41666666666667
1.28333333333333
1.25
1.26666666666667
1.25
1.31666666666667
1.25
1.28333333333333
1.25
1.25
1.25
1.3
1.43333333333333
1.26666666666667
1.25
1.3
1.26666666666667
1.31666666666667
1.25
1.25
1.26666666666667
1.25
1.26666666666667
1.28333333333333
1.43333333333333
1.33333333333333
1.3
1.3
1.4
7.91666666666667
1.05
1.05
1.05
1.15
1.03333333333333
1.08333333333333
1.25
1.05
1.05
1.05
1.05
1.11666666666667
1.05
8.08333333333333
1.05
1.05
1.05
1.05
1.43333333333333
1.25
1.28333333333333
1.26666666666667
1.25
1.3
1.26666666666667
1.26666666666667
5.8
2.96666666666667
1.28333333333333
1.25
