3
3
3
3.06666666666667
4
3.33333333333333
3
3.4
3
3
3
3
3
3
3.6
3
3
3
3.2
3
3
3
3
3
3
3
3
3
3
3
3
3
3
3
3
3
3
3
3
3
3
3.13333333333333
3
3
3
3
3
3
3.4
3
3.13333333333333
3
3
3
3
3
3
3
3.06666666666667
3.8
3.13333333333333
3
3
3.2
3
3
3.6
3
3
3
3
3
3.2
3.06666666666667
3
3
3.2
3.2
3.26666666666667
3.13333333333333
3.06666666666667
3
3
3
3
3
3
3
3
3
3.2
3
3
3
3
3
3
3
3
3
3
3
3
3
3
3
3
3
3
3
3
3
3
3
3
3
3
3.13333333333333
3
3
3
3
3
3
3
3
3
3
3.33333333333333
3
3
3
3.2
3
3
3
3
3
3
3
3
3
3
3
3
3
3
3
3.2
3.13333333333333
3.2
3
3
3
3
3
3
3.06666666666667
3
3
3
3
3
3
3
3
3
3
3
3
3
3.2
3
3
3
3
3
3.06666666666667
3.13333333333333
6.8
3
3
3.06666666666667
3
3
3
3.2
3
3
3
3
3
3
3
3
3
3
3
3
3
3
3
3
3.26666666666667
3.26666666666667
3
3
3.6
3.33333333333333
3
3
3
3
3
3
3
3
3
3
3
3
3.26666666666667
3.13333333333333
3
3
3
3
3.46666666666667
3.13333333333333
3
3
3.06666666666667
3
3
3
3
3
3.26666666666667
3.66666666666667
3
3
3
3
3.4
3
3
3.26666666666667
3
3
3
3
3
3
3.86666666666667
3
3.06666666666667
3
3
3
3
3
3
3
3
3
3.2
3.26666666666667
3
3
3
3.26666666666667
3
3
3
3
3
3
3
2.2
3
3.2
3
3
3
3
3
3
3
