2
2.43333333333333
2.5
5
2.56666666666667
2.46666666666667
2.16666666666667
2.1
2
2.2
2
1.96666666666667
1.96666666666667
2
2
2
2
2.06666666666667
1.96666666666667
2.03333333333333
2
2.2
2
2
1.96666666666667
2
2
2
2
2.1
2
2.06666666666667
2
2.13333333333333
2
2
2
2
2.26666666666667
2
2.06666666666667
2.13333333333333
2.06666666666667
2.1
2.03333333333333
4.16666666666667
2.1
2.03333333333333
2.06666666666667
2.03333333333333
2
2.16666666666667
2.13333333333333
2.23333333333333
2.23333333333333
2.3
2.2
4.76666666666667
3
2.16666666666667
2.16666666666667
2.16666666666667
2.23333333333333
2.2
2.26666666666667
2.46666666666667
2.33333333333333
2.43333333333333
2.2
2.56666666666667
2.26666666666667
2.43333333333333
2.33333333333333
2.3
2.2
2.26666666666667
2.36666666666667
2.36666666666667
2.43333333333333
2.46666666666667
2.4
4.53333333333333
2.33333333333333
2.46666666666667
2.5
2.36666666666667
2.43333333333333
2.43333333333333
2.4
2.5
2.46666666666667
2.5
2.5
4.8
3.26666666666667
2.5
2.5
2.5
2.36666666666667
2.66666666666667
2.43333333333333
1.53333333333333
1.5
1.5
1.5
1.7
1.46666666666667
1.5
1.46666666666667
1.5
1.5
1.5
1.53333333333333
1.6
1.5
1.46666666666667
1.5
3.8
1.6
1.5
1.5
1.5
1.5
1.5
1.5
1.6
1.46666666666667
1.53333333333333
1.5
1.8
1.5
1.5
1.5
1.5
1.5
1.46666666666667
1.5
1.6
1.5
1.5
1.5
2.93333333333333
1.7
1.63333333333333
1.5
1.5
1.6
1.5
1.53333333333333
1.66666666666667
1.63333333333333
1.63333333333333
1.6
4.36666666666667
1.63333333333333
1.56666666666667
1.56666666666667
1.63333333333333
1.5
1.5
1.66666666666667
2
1.66666666666667
1.7
1.56666666666667
4.16666666666667
2.1
1.66666666666667
1.73333333333333
1.56666666666667
1.73333333333333
1.8
1.9
1.8
1.8
1.83333333333333
1.76666666666667
1.9
1.83333333333333
1.83333333333333
1.93333333333333
1.76666666666667
1.8
1.86666666666667
2
1.83333333333333
1.76666666666667
2
1.8
2
1.96666666666667
1.86666666666667
1.86666666666667
1.96666666666667
2
1.96666666666667
1.9
2
2
2
1.96666666666667
2.1
2
1.86666666666667
2
2
2
2
2
2
1.96666666666667
1.96666666666667
2
2.06666666666667
2
2
2
1.96666666666667
1.96666666666667
2
1.96666666666667
2
2
2
2
2.1
2
1.93333333333333
2
2
2
2
2
2
1.93333333333333
2
2
2.1
2
2
1.96666666666667
1.96666666666667
2
1.96666666666667
2
2
2
1.96666666666667
2
2.06666666666667
2
2
2
2
2
2
1.93333333333333
2.1
2
2
2
2.1
2
1.96666666666667
2
1.96666666666667
2
2
2
2.06666666666667
2
1.96666666666667
2
2.13333333333333
2
1.96666666666667
2
4
2.66666666666667
2.26666666666667
2.06666666666667
2.1
4.25
2.8
2
2.16666666666667
2
2
