3.43333333333333
4.53333333333333
5.03333333333333
4.31666666666667
5.43333333333333
1.33333333333333
1.58333333333333
1.35
1.31666666666667
1.31666666666667
1.3
1.31666666666667
1.21666666666667
1.35
1.25
1.48333333333333
1.23333333333333
1.3
1.53333333333333
1.7
1.26666666666667
1.21666666666667
1.38333333333333
1.43333333333333
1.36666666666667
1.33333333333333
1.18333333333333
1.2
1.23333333333333
1.91666666666667
1.16666666666667
2.01666666666667
1.13333333333333
1.15
1.13333333333333
1.21666666666667
1.2
1.13333333333333
1.16666666666667
1.16666666666667
1.11666666666667
1.11666666666667
1.16666666666667
1.11666666666667
1.13333333333333
1.15
1.11666666666667
1.18333333333333
1.15
1.1
1.11666666666667
1.06666666666667
1.06666666666667
1.08333333333333
1.06666666666667
1.11666666666667
1.06666666666667
2.13333333333333
1.08333333333333
1.16666666666667
1.01666666666667
1.05
0.966666666666667
1.01666666666667
0.983333333333333
0.983333333333333
1.05
1.16666666666667
1.15
1.13333333333333
1.15
1.23333333333333
1.18333333333333
1.16666666666667
1.2
1.13333333333333
1.1
1.11666666666667
1.16666666666667
1.13333333333333
1.13333333333333
1.15
1.1
1.2
1.11666666666667
1.13333333333333
1.13333333333333
1.11666666666667
1.1
1.16666666666667
1.11666666666667
1.11666666666667
1.13333333333333
1.13333333333333
1.13333333333333
1.25
1.41666666666667
2.25
1.8
1.73333333333333
1.66666666666667
1.65
1.6
1.45
1.4
1.41666666666667
4.13333333333333
3.45
1.48333333333333
1.38333333333333
1.38333333333333
1.61666666666667
1.48333333333333
1.53333333333333
1.61666666666667
1.38333333333333
1.41666666666667
1.43333333333333
1.25
1.75
1.66666666666667
1.65
1.65
1.4
1.48333333333333
6.05
1.66666666666667
1.53333333333333
1.56666666666667
1.53333333333333
1.53333333333333
1.66666666666667
1.71666666666667
1.65
1.63333333333333
1.66666666666667
1.76666666666667
1.65
1.3
1.25
1.25
1.26666666666667
1.9
1.98333333333333
1.78333333333333
1.6
1.3
1.36666666666667
1.35
1.31666666666667
1.35
1.31666666666667
2.08333333333333
1.51666666666667
2.18333333333333
1.86666666666667
1.4
1.36666666666667
1.46666666666667
1.41666666666667
1.35
1.38333333333333
1.36666666666667
1.46666666666667
2.58333333333333
2.03333333333333
2.1
2.08333333333333
1.33333333333333
1.4
1.91666666666667
1.81666666666667
1.7
1.31666666666667
1.41666666666667
1.25
1.33333333333333
1.36666666666667
2.21666666666667
2.3
1.53333333333333
1.35
1.31666666666667
1.36666666666667
1.41666666666667
1.38333333333333
1.38333333333333
1.38333333333333
1.38333333333333
1.39285714285714
1.3
1.58928571428571
3.13333333333333
1.4
1.48333333333333
2.48333333333333
1.68333333333333
1.7
1.65
1.68333333333333
1.65
1.68333333333333
1.76666666666667
1.65
1.46666666666667
1.6
1.61666666666667
1.68333333333333
1.65
1.53333333333333
1.91666666666667
1.91666666666667
3.56666666666667
7.8
5.3
2
4.83333333333333
2.45
3.45
2.58333333333333
12.1666666666667
12.6166666666667
1.15
1.38333333333333
1.38333333333333
1.41666666666667
1.26666666666667
2.75
1.13333333333333
1.2
1.11666666666667
1.16666666666667
1.1
1.96666666666667
2
2.36666666666667
1.4
1.38333333333333
1.46666666666667
1.41666666666667
1.41666666666667
1.21666666666667
1.28333333333333
1.25
1.28333333333333
1.2
2
1.6
1
1.35
1.4
0.95
0.966666666666667
0.95
1.35
0.916666666666667
0.916666666666667
0.9
1.31666666666667
1.80357142857143
1
0.933333333333333
1.51666666666667
0.933333333333333
1.2
2.3
1.01666666666667
1.98333333333333
1.15
1.25
1.16666666666667
1.13333333333333
1.28333333333333
1.15
1.23333333333333
1.01666666666667
1.06666666666667
1
1.05
0.966666666666667
0.916666666666667
0.916666666666667
0.916666666666667
0.916666666666667
1.01666666666667
5.66666666666667
25.15
23.8666666666667
