1.46666666666667
1.36666666666667
1.41666666666667
1.4
1.51666666666667
1.5
1.36666666666667
1.41666666666667
1.48333333333333
1.68333333333333
1.43333333333333
1.5
1.5
1.41666666666667
1.43333333333333
1.45
1.45
1.48333333333333
1.48333333333333
1.36666666666667
1.41666666666667
1.6
1.45
1.4
1.41666666666667
1.36666666666667
1.41666666666667
1.36666666666667
1.41666666666667
1.4
1.4
1.38333333333333
1.43333333333333
1.7
1.41666666666667
1.4
1.38333333333333
1.46666666666667
1.43333333333333
1.4
1.4
1.35
1.36666666666667
1.43333333333333
1.48333333333333
1.66666666666667
1.43333333333333
1.35
1.4
1.45
1.46666666666667
1.4
1.38333333333333
1.36666666666667
1.4
1.38333333333333
1.43333333333333
1.66666666666667
1.36666666666667
1.38333333333333
1.41666666666667
1.46666666666667
1.38333333333333
1.4
1.43333333333333
1.46666666666667
1.41666666666667
1.5
1.5
1.68333333333333
1.41666666666667
1.43333333333333
1.46666666666667
1.4
1.43333333333333
1.4
1.38333333333333
1.38333333333333
1.3
1.3
1.51666666666667
1.63333333333333
1.43333333333333
1.35
1.5
1.46666666666667
1.45
1.33333333333333
1.46666666666667
1.38333333333333
1.35
1.45
1.4
1.66666666666667
1.43333333333333
1.31666666666667
1.4
1.41666666666667
1.4
1.43333333333333
1.33333333333333
1.3
1.25
1.26666666666667
1.31666666666667
1.48333333333333
1.3
1.25
1.26666666666667
1.28333333333333
1.26666666666667
1.28333333333333
1.26666666666667
1.3
1.26666666666667
1.26666666666667
1.25
1.48333333333333
1.26666666666667
1.28333333333333
1.26666666666667
1.28333333333333
1.26666666666667
1.28333333333333
1.26666666666667
1.26666666666667
1.18333333333333
1.26666666666667
1.28333333333333
1.46666666666667
1.08333333333333
1.06666666666667
1.03333333333333
1.21666666666667
1.28333333333333
1.3
1.3
1.28333333333333
1.3
1.3
1.31666666666667
1.53333333333333
1.3
1.3
1.28333333333333
1.3
1.3
1.3
1.91666666666667
2.31666666666667
1.3
1.3
1.3
1.5
1.3
1.3
1.28333333333333
1.3
1.3
1.3
1.3
1.3
1.3
1.3
1.3
1.5
1.3
1.3
1.3
1.3
1.3
1.28333333333333
1.31666666666667
1.25
1.28333333333333
1.3
1.3
1.5
1.3
1.3
1.3
1.3
1.3
1.28333333333333
1.26666666666667
1.33333333333333
1.3
1.25
1.35
1.5
1.33333333333333
1.3
1.3
1.3
1.3
1.3
1.3
1.33333333333333
1.28333333333333
1.3
1.3
1.51666666666667
1.3
1.3
1.3
1.31666666666667
1.3
1.31666666666667
1.3
1.3
1.28333333333333
1.28333333333333
1.3
1.55
1.3
1.28333333333333
1.3
1.25
1.3
1.25
1.31666666666667
1.4
1.3
1.3
1.3
1.5
1.3
1.3
1.3
1.3
1.3
1.3
1.28333333333333
1.3
1.3
1.3
1.3
1.5
1.36666666666667
1.31666666666667
1.3
1.3
1.3
1.3
1.3
1.28333333333333
1.3
1.3
1.3
1.5
1.3
1.3
1.33333333333333
1.3
1.3
1.3
1.31666666666667
1.3
1.3
1.3
1.28333333333333
1.5
1.28333333333333
1.28333333333333
1.3
1.25
1.3
1.3
1.28333333333333
1.28333333333333
1.28333333333333
1.28333333333333
1.33333333333333
1.5
1.33333333333333
1.3
1.36666666666667
1.38333333333333
1.43333333333333
1.46666666666667
1.36666666666667
1.48333333333333
1.36666666666667
1.41666666666667
1.43333333333333
1.66666666666667
1.35
1.43333333333333
