3.93333333333333
4.93333333333333
5.4
4.86666666666667
4.6
4.73333333333333
4.73333333333333
4.33333333333333
4.46666666666667
4.86666666666667
4.73333333333333
4.66666666666667
4.8
4.66666666666667
4.73333333333333
4.06666666666667
4.4
4.6
4.93333333333333
4.46666666666667
4.93333333333333
4.6
4.46666666666667
4.4
6.33333333333333
4.8
4.93333333333333
4.66666666666667
4.8
4.13333333333333
4.4
4.86666666666667
5.53333333333333
4.86666666666667
4.73333333333333
4.86666666666667
4.2
4.46666666666667
4.46666666666667
4.8
4.6
4.93333333333333
4.4
4.93333333333333
4.6
4.2
4.53333333333333
4.93333333333333
4.66666666666667
4.73333333333333
4.66666666666667
4.6
4.8
4.66666666666667
4.26666666666667
4.46666666666667
4.8
4.66666666666667
5.06666666666667
4.46666666666667
4.8
4.06666666666667
4.4
4.53333333333333
4.93333333333333
4.53333333333333
4.73333333333333
4.66666666666667
4.66666666666667
4.6
4.26666666666667
4.46666666666667
4.73333333333333
4.86666666666667
4.73333333333333
4.8
4.66666666666667
4.86666666666667
4.6
5
4.6
4.86666666666667
3.86666666666667
4.93333333333333
4.53333333333333
4.8
4.66666666666667
4.8
4.6
4.66666666666667
4.33333333333333
4.6
4.73333333333333
4.8
4.73333333333333
4.66666666666667
4.73333333333333
4.66666666666667
4.46666666666667
4.33333333333333
4.26666666666667
3.6
3.2
3.66666666666667
3.2
3.6
3.33333333333333
3.66666666666667
3.06666666666667
3.73333333333333
3.06666666666667
3.73333333333333
3.06666666666667
3.86666666666667
3.4
4.4
3.6
4.8
4.06666666666667
4.86666666666667
3.73333333333333
5
2.93333333333333
4.26666666666667
3.26666666666667
4.8
2.8
3.86666666666667
3
3.86666666666667
3.13333333333333
3.93333333333333
2.93333333333333
3.73333333333333
3.06666666666667
3.93333333333333
3.06666666666667
3.73333333333333
3.06666666666667
3.86666666666667
3.06666666666667
3.73333333333333
4.13333333333333
3.66666666666667
4
3.6
4.06666666666667
3.6
3.86666666666667
3.73333333333333
3.86666666666667
3.73333333333333
3.86666666666667
3.86666666666667
4.13333333333333
3.53333333333333
3.73333333333333
3.93333333333333
3.46666666666667
3.86666666666667
3.8
3.66666666666667
3.53333333333333
4
3.6
4.06666666666667
3.8
4.2
3.8
4
3.6
3.86666666666667
3.73333333333333
3.86666666666667
3.73333333333333
3.86666666666667
3.73333333333333
3.8
4.26666666666667
3.93333333333333
3.86666666666667
3.8
3.86666666666667
3.86666666666667
4.2
3.66666666666667
4
3.6
4.06666666666667
3.6
4
3.8
3.86666666666667
3.73333333333333
3.93333333333333
3.6
3.86666666666667
3.73333333333333
3.93333333333333
3.86666666666667
3.73333333333333
4.13333333333333
4
3.93333333333333
3.66666666666667
4.06666666666667
3.6
4
3.6
5.33333333333333
3.6
4
3.53333333333333
4.06666666666667
3.86666666666667
4
3.53333333333333
3.73333333333333
3.93333333333333
3.93333333333333
3.93333333333333
3.73333333333333
3.86666666666667
3.73333333333333
3.86666666666667
3.73333333333333
4.33333333333333
3.93333333333333
4.26666666666667
3.93333333333333
4.2
4
4.26666666666667
3.73333333333333
3.93333333333333
4
3.86666666666667
3.86666666666667
4.13333333333333
3.86666666666667
3.86666666666667
3.73333333333333
3.93333333333333
3.86666666666667
3.8
3.86666666666667
3.6
4.2
3.66666666666667
4.2
3.93333333333333
4.06666666666667
3.66666666666667
4.13333333333333
3.8
4.06666666666667
4
4.06666666666667
4.06666666666667
4.06666666666667
3.86666666666667
3.86666666666667
4.13333333333333
4
3.8
3.73333333333333
4
3.33333333333333
3.86666666666667
3.6
3.73333333333333
3.73333333333333
4
3.6
4.2
3.93333333333333
4.66666666666667
4.86666666666667
4.8
4.73333333333333
4.73333333333333
4.6
4.66666666666667
3.86666666666667
4.46666666666667
4.6
4.73333333333333
4.86666666666667
