1.58333333333333
1.5
1.53333333333333
1.5
1.53333333333333
1.5
1.5
1.75
1.53333333333333
1.5
1.55
1.5
1.56666666666667
1.5
1.51666666666667
1.5
1.55
1.5
1.51666666666667
1.75
1.53333333333333
1.5
1.51666666666667
1.55
1.6
1.5
1.51666666666667
1.5
1.51666666666667
1.51666666666667
1.53333333333333
1.75
1.5
1.5
1.55
1.5
1.58333333333333
1.5
1.51666666666667
1.5
1.51666666666667
1.5
1.51666666666667
1.85
1.51666666666667
1.5
1.5
1.51666666666667
1.56666666666667
1.5
1.53333333333333
1.5
1.86666666666667
1.5
1.6
1.75
1.5
1.5
1.55
1.53333333333333
1.6
1.5
1.53333333333333
1.5
1.56666666666667
1.5
1.51666666666667
1.78333333333333
1.51666666666667
1.5
1.51666666666667
1.53333333333333
1.58333333333333
1.5
1.51666666666667
1.5
1.6
1.5
1.51666666666667
1.8
1.51666666666667
1.5
1.55
1.53333333333333
1.58333333333333
1.5
1.55
1.5
1.51666666666667
1.5
1.55
1.78333333333333
1.53333333333333
1.5
1.53333333333333
1.55
1.6
1.5
1.53333333333333
1.5
1.51666666666667
1.5
1.5
1.8
1.51666666666667
1.5
1.53333333333333
1.51666666666667
1.56666666666667
1.5
1.55
1.5
1.5
1.5
1.53333333333333
1.76666666666667
1.5
1.5
1.51666666666667
1.53333333333333
1.7
1.5
1.51666666666667
1.55
1.55
1.55
1.6
1.78333333333333
1.51666666666667
1.53333333333333
1.58333333333333
1.55
1.58333333333333
1.55
1.55
1.53333333333333
1.51666666666667
1.53333333333333
1.55
1.81666666666667
1.51666666666667
1.53333333333333
1.55
1.61666666666667
1.58333333333333
1.51666666666667
1.51666666666667
1.53333333333333
4.43333333333333
1.56666666666667
1.53333333333333
1.8
1.63333333333333
1.56666666666667
1.5
1.58333333333333
1.6
1.55
1.56666666666667
1.55
1.55
1.51666666666667
1.55
1.78333333333333
1.55
1.55
1.55
1.58333333333333
1.56666666666667
1.51666666666667
1.53333333333333
1.55
1.9
1.55
1.55
5.4
1.51666666666667
1.55
1.53333333333333
1.55
1.56666666666667
1.55
1.51666666666667
1.51666666666667
1.55
1.5
1.51666666666667
1.83333333333333
1.55
1.55
1.58333333333333
1.6
1.6
1.53333333333333
1.51666666666667
1.55
1.53333333333333
1.53333333333333
1.53333333333333
1.81666666666667
1.55
1.53333333333333
1.53333333333333
1.55
1.55
1.51666666666667
1.5
1.53333333333333
1.51666666666667
1.55
1.55
1.81666666666667
1.55
1.51666666666667
1.51666666666667
1.55
1.6
1.55
1.55
1.55
1.53333333333333
1.53333333333333
1.56666666666667
1.85
1.55
1.55
1.55
1.51666666666667
1.56666666666667
1.55
1.53333333333333
1.53333333333333
1.53333333333333
1.55
1.55
1.81666666666667
1.51666666666667
1.53333333333333
1.56666666666667
1.53333333333333
1.58333333333333
1.55
1.51666666666667
1.51666666666667
1.53333333333333
1.53333333333333
1.56666666666667
1.8
1.55
1.55
1.53333333333333
1.55
1.56666666666667
1.51666666666667
2.93333333333333
1.51666666666667
1.7
2.78333333333333
1.53333333333333
3.2
1.53333333333333
1.55
1.55
1.7
1.6
1.51666666666667
1.53333333333333
1.81666666666667
4.11666666666667
1.55
2.98333333333333
1.75
1.51666666666667
1.53333333333333
1.55
1.55
1.56666666666667
1.55
1.5
1.55
2.2
3.66666666666667
1.55
3.31666666666667
1.53333333333333
2
2.4
1.55
