1.81666666666667
1.8
1.8
1.8
1.76666666666667
1.8
1.81666666666667
1.95
1.98333333333333
2.1
1.98333333333333
1.81666666666667
1.83333333333333
1.81666666666667
1.81666666666667
1.8
1.76666666666667
1.88333333333333
1.81666666666667
1.93333333333333
2
1.81666666666667
1.75
1.8
1.78333333333333
1.8
1.81666666666667
1.88333333333333
1.78333333333333
1.78333333333333
1.86666666666667
1.91666666666667
2
1.8
1.78333333333333
1.81666666666667
1.8
1.81666666666667
1.8
1.81666666666667
1.81666666666667
1.8
1.76666666666667
1.98333333333333
2.01666666666667
1.85
1.85
1.81666666666667
3.93333333333333
1.85
1.83333333333333
1.85
1.76666666666667
1.81666666666667
1.78333333333333
1.88333333333333
1.93333333333333
1.81666666666667
1.68333333333333
1.81666666666667
1.85
1.81666666666667
1.76666666666667
1.85
1.78333333333333
1.8
1.78333333333333
1.91666666666667
1.95
1.8
2.26666666666667
1.86666666666667
1.98333333333333
6.26666666666667
1.81666666666667
1.83333333333333
1.78333333333333
1.8
1.78333333333333
1.9
1.96666666666667
1.8
1.76666666666667
1.81666666666667
1.8
1.81666666666667
1.8
1.85
1.75
1.8
1.76666666666667
1.9
1.98333333333333
1.78333333333333
1.76666666666667
1.8
1.98333333333333
1.8
1.81666666666667
1.81666666666667
1.83333333333333
1.88333333333333
1.81666666666667
1.86666666666667
2.03333333333333
1.8
1.76666666666667
1.86666666666667
1.8
1.8
1.81666666666667
1.8
1.76666666666667
1.8
1.76666666666667
1.9
1.98333333333333
1.8
1.76666666666667
1.83333333333333
1.8
1.81666666666667
1.8
1.81666666666667
1.85
1.86666666666667
1.8
1.93333333333333
2.01666666666667
1.81666666666667
1.83333333333333
1.85
1.86666666666667
1.83333333333333
1.81666666666667
1.81666666666667
1.83333333333333
1.81666666666667
1.85
1.91666666666667
1.98333333333333
1.8
1.85
1.81666666666667
1.85
1.83333333333333
1.83333333333333
1.83333333333333
1.88333333333333
1.83333333333333
1.85
1.91666666666667
1.98333333333333
1.85
1.81666666666667
1.85
1.86666666666667
1.81666666666667
1.83333333333333
1.86666666666667
1.83333333333333
1.81666666666667
1.9
1.93333333333333
2
1.81666666666667
1.81666666666667
1.81666666666667
1.85
1.76666666666667
1.83333333333333
1.83333333333333
2.11666666666667
1.83333333333333
1.83333333333333
1.91666666666667
4.9
1.8
1.78333333333333
1.83333333333333
1.85
1.8
1.88333333333333
1.81666666666667
1.8
1.83333333333333
1.8
1.9
2.01666666666667
1.8
1.83333333333333
1.81666666666667
1.85
1.81666666666667
1.81666666666667
1.8
1.85
1.83333333333333
1.8
1.9
1.98333333333333
1.8
1.83333333333333
1.83333333333333
1.85
1.86666666666667
1.86666666666667
1.81666666666667
1.81666666666667
1.83333333333333
1.81666666666667
1.95
1.98333333333333
1.85
1.81666666666667
1.85
1.85
1.86666666666667
1.85
1.81666666666667
1.86666666666667
1.81666666666667
1.81666666666667
1.93333333333333
1.96666666666667
1.83333333333333
1.8
1.81666666666667
1.88333333333333
1.85
1.8
1.83333333333333
1.8
1.8
1.81666666666667
1.93333333333333
2
1.8
1.81666666666667
1.8
1.86666666666667
1.81666666666667
1.85
1.83333333333333
1.81666666666667
1.8
1.83333333333333
1.9
2.05
1.85
1.8
1.81666666666667
1.98333333333333
1.81666666666667
1.81666666666667
1.8
1.81666666666667
1.81666666666667
1.81666666666667
1.88333333333333
2.01666666666667
1.83333333333333
1.78333333333333
1.81666666666667
1.85
1.83333333333333
1.93333333333333
1.83333333333333
1.8
1.78333333333333
1.83333333333333
1.93333333333333
2.03333333333333
1.81666666666667
1.83333333333333
1.85
1.81666666666667
1.81666666666667
1.81666666666667
1.81666666666667
1.81666666666667
1.83333333333333
1.78333333333333
1.93333333333333
2
1.8
1.86666666666667
1.86666666666667
