1.65
1.63333333333333
1.65
1.68333333333333
1.63333333333333
1.71666666666667
1.66666666666667
1.65
1.66666666666667
1.66666666666667
1.8
1.61666666666667
1.65
1.65
1.63333333333333
1.6
1.61666666666667
1.71666666666667
1.65
1.6
1.6
1.65
1.85
1.6
1.63333333333333
1.65
1.66666666666667
1.63333333333333
1.61666666666667
1.7
1.6
1.65
1.63333333333333
1.65
1.96666666666667
1.6
1.65
1.7
1.58333333333333
1.68333333333333
1.65
1.63333333333333
1.66666666666667
1.61666666666667
1.56666666666667
1.65
1.81666666666667
1.61666666666667
1.7
1.63333333333333
1.63333333333333
1.58333333333333
1.61666666666667
1.73333333333333
1.66666666666667
1.68333333333333
1.61666666666667
1.65
1.83333333333333
1.66666666666667
1.63333333333333
1.65
1.63333333333333
1.66666666666667
1.63333333333333
1.66666666666667
1.68333333333333
1.7
1.6
1.61666666666667
1.83333333333333
1.68333333333333
1.63333333333333
1.65
1.68333333333333
1.63333333333333
1.63333333333333
1.66666666666667
1.65
1.61666666666667
1.6
1.66666666666667
1.8
1.63333333333333
1.63333333333333
1.7
1.68333333333333
1.65
1.68333333333333
1.68333333333333
1.65
1.61666666666667
1.61666666666667
1.66666666666667
1.78333333333333
1.61666666666667
1.63333333333333
1.61666666666667
1.61666666666667
1.6
1.56666666666667
1.65
1.5
1.5
1.5
1.5
1.7
1.5
1.56666666666667
1.95
1.5
1.5
1.5
1.55
1.5
1.5
1.5
1.5
1.7
1.53333333333333
1.5
1.5
1.5
1.5
1.5
1.53333333333333
1.5
1.5
1.5
1.5
1.7
1.55
1.5
1.55
1.5
1.5
1.51666666666667
1.5
1.51666666666667
1.55
1.5
1.5
1.7
1.5
1.51666666666667
1.88333333333333
1.88333333333333
6.06666666666667
2.3
2.31666666666667
1.75
1.6
1.53333333333333
1.55
1.7
1.5
1.55
1.5
1.53333333333333
1.51666666666667
1.5
1.53333333333333
1.55
1.51666666666667
1.51666666666667
1.53333333333333
1.7
1.51666666666667
1.55
1.53333333333333
1.55
1.55
1.5
1.55
1.5
1.51666666666667
1.55
1.5
1.7
1.55
1.5
1.5
1.53333333333333
1.5
1.5
1.55
1.5
1.55
1.5
1.53333333333333
1.73333333333333
1.5
1.5
1.55
1.5
1.5
1.55
1.6
1.5
1.55
1.5
1.55
1.7
1.5
1.55
1.5
1.5
1.55
1.5
1.5
1.55
1.5
1.53333333333333
1.5
1.7
1.5
1.5
1.5
1.55
1.5
1.5
1.5
1.53333333333333
1.5
1.51666666666667
1.5
1.7
1.5
1.5
1.55
1.5
1.5
1.53333333333333
1.5
1.51666666666667
1.5
1.5
1.5
1.73333333333333
1.5
1.55
1.5
1.5
1.53333333333333
1.5
1.53333333333333
1.51666666666667
1.5
1.5
1.5
1.7
1.5
1.55
1.5
1.53333333333333
1.51666666666667
1.5
1.55
1.55
1.53333333333333
1.51666666666667
1.53333333333333
1.7
1.51666666666667
1.55
1.51666666666667
1.51666666666667
1.53333333333333
1.5
1.55
1.53333333333333
1.55
1.55
1.5
1.7
1.55
1.58333333333333
1.66666666666667
1.63333333333333
1.63333333333333
1.61666666666667
1.68333333333333
1.71666666666667
1.65
1.63333333333333
1.61666666666667
1.85
1.63333333333333
