1.6
1.5
1.55
1.5
1.8
1.5
1.55
1.5
1.55
2.23333333333333
1.55
1.5
1.6
1.5
1.55
1.5
1.81666666666667
1.5
1.55
1.5
1.58333333333333
1.5
1.55
1.5
1.63333333333333
1.5
1.55
1.5
1.8
1.5
1.55
1.5
1.58333333333333
1.5
1.55
1.5
1.6
1.5
1.55
1.5
1.98333333333333
1.6
1.55
1.5
1.55
1.5
1.55
1.5
3.48333333333333
1.7
1.55
1.5
1.8
1.5
1.55
1.5
1.56666666666667
1.5
1.55
1.5
1.7
1.51666666666667
1.55
1.5
1.81666666666667
2.06666666666667
1.76666666666667
6
1.55
1.56666666666667
1.66666666666667
1.5
1.58333333333333
1.68333333333333
1.55
1.5
1.81666666666667
1.5
1.55
1.5
1.56666666666667
1.5
1.55
1.5
1.58333333333333
1.5
1.55
1.5
1.9
1.56666666666667
1.55
1.5
1.55
1.53333333333333
1.55
1.5
1.71666666666667
1.5
1.55
1.5
1.8
1.5
1.55
1.5
1.56666666666667
1.5
1.55
1.5
1.58333333333333
1.5
1.55
1.5
1.83333333333333
1.5
1.55
1.5
1.6
1.51666666666667
1.55
1.5
1.58333333333333
1.5
1.55
1.55
1.81666666666667
1.55
1.55
1.53333333333333
1.55
1.55
1.55
1.55
1.56666666666667
1.55
1.53333333333333
1.53333333333333
1.83333333333333
1.55
1.55
1.55
1.58333333333333
1.55
1.55
1.68333333333333
1.6
1.86666666666667
1.66666666666667
1.71666666666667
2.23333333333333
1.58333333333333
1.76666666666667
2.54545454545455
2.03333333333333
2.06666666666667
2.1
2.16666666666667
2.21666666666667
2.05
2.05
2.05
2.36666666666667
2.01666666666667
2
2.01666666666667
2.05
2.03333333333333
2.05
2.01666666666667
2.06666666666667
2
2.03333333333333
1.96666666666667
2.6
2.03333333333333
4.96666666666667
2
2.01666666666667
2
2
1.98333333333333
2.01666666666667
2.05
2
2.01666666666667
2.23333333333333
1.98333333333333
2
2
1.98333333333333
2
1.95
1.96666666666667
2.03333333333333
1.98333333333333
1.98333333333333
2.01666666666667
2.3
1.95
2
2.38461538461538
1.73333333333333
1.78333333333333
1.96666666666667
2.2
2.33333333333333
2.43333333333333
2.31666666666667
2.3
2.36666666666667
2.1
1.93333333333333
1.8
1.83333333333333
1.85
1.6
1.65
1.68333333333333
1.61666666666667
1.58333333333333
1.61666666666667
1.86666666666667
1.56666666666667
1.53333333333333
1.55
1.58333333333333
1.6
1.56666666666667
1.55
1.6
1.55
1.51666666666667
1.55
1.86666666666667
1.55
1.56666666666667
1.55
1.6
1.56666666666667
1.55
1.5
1.6
1.6
1.55
1.6
1.85
1.55
1.58333333333333
1.51666666666667
1.63333333333333
1.61666666666667
1.56666666666667
1.55
1.6
1.56666666666667
1.53333333333333
1.63333333333333
1.81666666666667
1.6
1.55
1.55
1.6
1.61666666666667
1.55
1.55
1.6
1.55
1.55
1.56666666666667
1.8
1.58333333333333
1.55
1.55
1.6
1.6
1.55
1.58333333333333
1.56666666666667
1.56666666666667
1.55
1.6
1.86666666666667
1.55
1.55
1.5
1.6
1.6
1.55
1.55
