1.85
1.81666666666667
1.8
1.8
1.85
1.88333333333333
2.03333333333333
1.8
1.85
1.85
1.8
1.86666666666667
1.83333333333333
1.83333333333333
1.83333333333333
1.91666666666667
1.86666666666667
2.01666666666667
2.03333333333333
1.83333333333333
1.85
1.8
1.8
1.85
1.8
1.86666666666667
1.85
1.88333333333333
1.86666666666667
1.93333333333333
2.03333333333333
1.81666666666667
1.85
1.85
1.81666666666667
1.85
1.81666666666667
1.86666666666667
1.85
1.81666666666667
1.83333333333333
1.88333333333333
2.03333333333333
1.81666666666667
1.81666666666667
1.83333333333333
1.85
1.83333333333333
1.8
1.86666666666667
1.88333333333333
1.85
1.95
1.91666666666667
2.01666666666667
1.85
1.8
1.85
1.8
1.85
1.96666666666667
1.96666666666667
1.88333333333333
1.85
1.81666666666667
1.9
2.05
1.85
1.86666666666667
1.93333333333333
1.83333333333333
1.86666666666667
1.83333333333333
1.8
1.85
1.85
1.88333333333333
1.95
2.03333333333333
1.8
1.81666666666667
1.81666666666667
1.85
1.85
1.85
1.93333333333333
1.8
1.85
1.86666666666667
1.86666666666667
2.03333333333333
1.85
1.86666666666667
1.93333333333333
1.88333333333333
1.88333333333333
1.83333333333333
1.9
1.86666666666667
1.85
1.73333333333333
1.71666666666667
1.81666666666667
1.56666666666667
1.56666666666667
1.6
1.65
1.66666666666667
1.61666666666667
1.65
1.63333333333333
1.6
1.6
1.71666666666667
1.81666666666667
1.6
1.63333333333333
1.625
1.63333333333333
1.68333333333333
1.63333333333333
1.65
1.63333333333333
1.61666666666667
1.66666666666667
1.73333333333333
1.85
1.65
1.66666666666667
1.61666666666667
1.66666666666667
1.66666666666667
1.65
1.65
1.61666666666667
1.66666666666667
1.78333333333333
1.66666666666667
1.8
1.65
1.61666666666667
1.65
1.66666666666667
1.71666666666667
1.7
1.7
1.63333333333333
1.61666666666667
2.81666666666667
2.48333333333333
2.06666666666667
1.78333333333333
1.65
1.63333333333333
1.65
1.68333333333333
1.65
1.61666666666667
1.65
1.65
1.61666666666667
1.7
1.85
1.63333333333333
1.65
1.63333333333333
1.61666666666667
1.66666666666667
1.7
1.61666666666667
1.65
1.66666666666667
1.63333333333333
1.7
1.86666666666667
1.58333333333333
1.73333333333333
1.68333333333333
1.6
1.68333333333333
1.65
1.61666666666667
1.63333333333333
1.63333333333333
1.63333333333333
1.7
1.85
1.61666666666667
1.65
1.66666666666667
1.6
1.66666666666667
1.61666666666667
1.58333333333333
1.63333333333333
1.66666666666667
1.66666666666667
1.73333333333333
1.81666666666667
1.65
1.66666666666667
1.65
1.65
1.63333333333333
1.65
1.66666666666667
1.7
1.63333333333333
1.68333333333333
1.66666666666667
1.81666666666667
1.7
1.61666666666667
1.61666666666667
1.68333333333333
1.65
1.65
1.65
1.63333333333333
1.65
1.66666666666667
1.66666666666667
1.85
1.7
1.63333333333333
1.63333333333333
1.65
1.61666666666667
1.63333333333333
1.63333333333333
1.65
1.63333333333333
1.63333333333333
1.7
1.8
1.63333333333333
1.65
1.63333333333333
1.63333333333333
1.66666666666667
1.68333333333333
1.75
1.65
1.65
1.6
1.71666666666667
1.81666666666667
1.68333333333333
1.68333333333333
1.61666666666667
1.61666666666667
1.65
1.63333333333333
1.65
1.63333333333333
1.65
1.56666666666667
1.71666666666667
1.91666666666667
1.65
1.55
1.63333333333333
1.61666666666667
1.58333333333333
1.6
1.61666666666667
1.56666666666667
1.61666666666667
1.58333333333333
1.63333333333333
1.8
1.6
1.58333333333333
1.58333333333333
1.6
1.58333333333333
1.75
1.7
1.75
1.66666666666667
1.73333333333333
1.76666666666667
1.9
1.71666666666667
1.68333333333333
1.75
1.7
1.76666666666667
