1.93333333333333
3.73333333333333
1.86666666666667
2
3.53333333333333
2.06666666666667
2
3.73333333333333
2
1.93333333333333
3.06666666666667
1.86666666666667
1.86666666666667
3.8
2
1.93333333333333
2.4
2.26666666666667
1.86666666666667
4.33333333333333
2.06666666666667
1.66666666666667
2.8
2.06666666666667
1.8
2.6
1.86666666666667
1.86666666666667
2.86666666666667
2.13333333333333
2
3.73333333333333
2.26666666666667
1.93333333333333
2.8
2.06666666666667
1.86666666666667
2.2
1.8
1.93333333333333
2.6
2.06666666666667
1.73333333333333
4.26666666666667
2
2
2.93333333333333
2.2
1.86666666666667
3.06666666666667
2.2
1.93333333333333
2.8
2.06666666666667
2
3.93333333333333
2
1.8
2.13333333333333
1.93333333333333
2
2.8
2.06666666666667
2
2.86666666666667
2.13333333333333
1.86666666666667
3.06666666666667
2.4
2.13333333333333
3.2
2.06666666666667
2.06666666666667
2.66666666666667
1.93333333333333
1.73333333333333
3.46666666666667
7.2
2.13333333333333
2.4
4.46666666666667
2.06666666666667
2.13333333333333
3.13333333333333
2.13333333333333
2.2
2.53333333333333
2.06666666666667
2.4
3.46666666666667
2.46666666666667
2.33333333333333
4
2
2.13333333333333
2.86666666666667
2
2.13333333333333
2.26666666666667
2.33333333333333
2.26666666666667
3.53333333333333
2.13333333333333
2.46666666666667
4.6
2.06666666666667
2.13333333333333
3.6
2.2
2.46666666666667
4.13333333333333
2.26666666666667
2.46666666666667
4.73333333333333
2.86666666666667
2.8
3.2
2.46666666666667
2.73333333333333
6.06666666666667
3.13333333333333
3.13333333333333
3.06666666666667
2.66666666666667
2.53333333333333
4
3
2.86666666666667
3
2.86666666666667
2.73333333333333
3.06666666666667
2.86666666666667
2.8
3.86666666666667
2.4
2.73333333333333
3.93333333333333
2.46666666666667
2.33333333333333
2.66666666666667
2.13333333333333
2.2
4
2.4
2.46666666666667
3.2
2.2
2.46666666666667
3.33333333333333
2.93333333333333
2.53333333333333
4.13333333333333
4.2
2.2
2.26666666666667
2
2.2
3.13333333333333
2
2.2
3.26666666666667
2
2.13333333333333
2.26666666666667
2
2.33333333333333
2.86666666666667
2.13333333333333
2.4
2.4
2.6
2.4
3.46666666666667
2
2.2
2.8
2
2.33333333333333
3.06666666666667
1.86666666666667
2.26666666666667
2.26666666666667
2.06666666666667
2.26666666666667
3.13333333333333
2
2.2
3.26666666666667
1.86666666666667
1.93333333333333
2.2
1.93333333333333
2.06666666666667
3.13333333333333
1.66666666666667
2.13333333333333
3.46666666666667
1.86666666666667
2
2.8
2
2
3
1.93333333333333
2.13333333333333
3.46666666666667
2
2.26666666666667
4.2
1.93333333333333
2.46666666666667
3.13333333333333
2
2.26666666666667
3.66666666666667
1.86666666666667
1.93333333333333
2.66666666666667
1.86666666666667
2.4
4.33333333333333
2
2.4
4.06666666666667
1.86666666666667
2.13333333333333
4.53333333333333
2
2.06666666666667
3.06666666666667
1.93333333333333
1.8
3.66666666666667
2
2.26666666666667
3.73333333333333
2.06666666666667
1.93333333333333
4
2.13333333333333
2.26666666666667
4.73333333333333
2.13333333333333
2.26666666666667
5.2
1.93333333333333
2.2
3.66666666666667
2.13333333333333
2.06666666666667
4.33333333333333
2.26666666666667
2.13333333333333
4.2
2
2
4.26666666666667
2
2.06666666666667
4.06666666666667
1.8
2.46666666666667
2.86666666666667
2
2.33333333333333
4.26666666666667
2.13333333333333
2.06666666666667
4.2
2
2.13333333333333
3.46666666666667
1.86666666666667
2
3.66666666666667
2
1.93333333333333
2.2
1.93333333333333
2.13333333333333
4.33333333333333
2
2.33333333333333
4.6
2.06666666666667
2.13333333333333
4.26666666666667
