2.2
2.96666666666667
2.46666666666667
2.26666666666667
2.4
2.7
3.4
2.56666666666667
2.66666666666667
2.63333333333333
2.53333333333333
2.26666666666667
2.23333333333333
3.06666666666667
2.3
4.23333333333333
3.3
2.93333333333333
2.6
2.16666666666667
2.1
2.46666666666667
2.5
2.16666666666667
2.3
4.26666666666667
2.36666666666667
2.16666666666667
2.16666666666667
2.16666666666667
2.23333333333333
2.33333333333333
2.36666666666667
3.9
2.3
2.06666666666667
2.26666666666667
2.9
2.2
3.7
2.26666666666667
2.5
3
2.9
3.43333333333333
2.16666666666667
2.36666666666667
2.46666666666667
2.53333333333333
2.86666666666667
3.9
2.36666666666667
2.56666666666667
2.6
6.53333333333333
2.66666666666667
2.53333333333333
2.46666666666667
2.5
2.46666666666667
2.43333333333333
4.83333333333333
2.6
2.76666666666667
2.56666666666667
2.43333333333333
2.6
3.06666666666667
2.6
2.83333333333333
3
2.4
2.53333333333333
5.6
2.33333333333333
2.46666666666667
2.56666666666667
2.63333333333333
3.23333333333333
2.53333333333333
2.76666666666667
2.4
2.86666666666667
2.46666666666667
2.56666666666667
3.03333333333333
2.63333333333333
2.26666666666667
2.43333333333333
2.3
3.06666666666667
2.4
2.56666666666667
2.4
5.76666666666667
4.56666666666667
2.16666666666667
2.73333333333333
2.26666666666667
2.2
2.53333333333333
2.26666666666667
2.23333333333333
2.16666666666667
2.06666666666667
2.2
2.2
2.06666666666667
2.13333333333333
3
4.2
2.03333333333333
2.1
1.96666666666667
2.76666666666667
3.93333333333333
2.2
2.33333333333333
2.4
2.3
2.03333333333333
2.66666666666667
2.1
2.26666666666667
2
2.46666666666667
2.86666666666667
2.16666666666667
1.96666666666667
2.2
2.1
2.13333333333333
2
2.8
1.86666666666667
2.06666666666667
2.1
2.23333333333333
2
2.13333333333333
2.1
4.96666666666667
2.9
3.06666666666667
2.03333333333333
3.33333333333333
2.23333333333333
6.13333333333333
4.4
2.2
2.96666666666667
1.96666666666667
2.36666666666667
2.1
6.4
2.53333333333333
2.13333333333333
2.63333333333333
2.03333333333333
2.06666666666667
1.96666666666667
2.06666666666667
2.4
2.23333333333333
2.36666666666667
2.03333333333333
2.3
2.13333333333333
2
2.7
2.16666666666667
3.73333333333333
2.1
2.4
2.13333333333333
2.4
2.43333333333333
2.4
2.33333333333333
4.4
2.16666666666667
3
2.26666666666667
2.33333333333333
2.16666666666667
4.16666666666667
5.73333333333333
3.56666666666667
3
2.73333333333333
2.4
2.5
2.8
3.2
2.8
2.66666666666667
2.56666666666667
2.36666666666667
4.06666666666667
4.1
2.63333333333333
2.8
2.66666666666667
2.8
2.76666666666667
3.46666666666667
2.6
2.93333333333333
3.13333333333333
2.93333333333333
3.13333333333333
2.83333333333333
2.96666666666667
3.3
3.5
3
3.03333333333333
3.56666666666667
3.26666666666667
3.2
3.23333333333333
3.33333333333333
4.33333333333333
3.53333333333333
3.1
2.86666666666667
2.93333333333333
3.2
3.9
3.63333333333333
4.83333333333333
3.26666666666667
3.16666666666667
4.66666666666667
4.03333333333333
3.26666666666667
3.23333333333333
3
2.8
3.76666666666667
4.3
3.53333333333333
3.76666666666667
2.7
3.9
2.66666666666667
2.86666666666667
2.73333333333333
2.9
4.16666666666667
3.23333333333333
2.76666666666667
6.2
4.03333333333333
2.9
2.36666666666667
2.56666666666667
4.96666666666667
3.16666666666667
2.93333333333333
2.6
2.4
3.96666666666667
3.66666666666667
2.66666666666667
3.1
2.7
2.63333333333333
2.76666666666667
2.66666666666667
2.66666666666667
2.8
4.36666666666667
2.7
2.56666666666667
2.53333333333333
2.43333333333333
3.5
3.43333333333333
2.43333333333333
2.6
2.43333333333333
2.43333333333333
2.63333333333333
2.4
2.76666666666667
2.53333333333333
2.4
