2.66666666666667
2.76666666666667
2.7
2.7
2.73333333333333
2.86666666666667
2.66666666666667
2.83333333333333
2.76666666666667
3.46666666666667
2.7
2.73333333333333
2.66666666666667
2.83333333333333
2.66666666666667
2.83333333333333
2.53333333333333
2.63333333333333
2.63333333333333
2.56666666666667
2.6
3.16666666666667
2.46666666666667
2.5
2.5
2.56666666666667
2.56666666666667
2.6
2.6
2.6
2.5
2.66666666666667
2.56666666666667
3.13333333333333
2.5
2.6
2.43333333333333
2.53333333333333
2.53333333333333
2.46666666666667
2.5
2.6
2.5
2.66666666666667
2.56666666666667
3.1
2.53333333333333
2.56666666666667
2.5
2.63333333333333
2.56666666666667
2.53333333333333
2.6
2.63333333333333
2.5
2.53333333333333
2.5
3.13333333333333
2.53333333333333
2.73333333333333
2.96666666666667
2.5
2.43333333333333
2.56666666666667
2.43333333333333
2.63333333333333
2.53333333333333
2.63333333333333
2.53333333333333
3.16666666666667
2.5
2.63333333333333
2.53333333333333
2.53333333333333
2.53333333333333
2.66666666666667
2.56666666666667
2.66666666666667
2.56666666666667
2.63333333333333
2.53333333333333
3.13333333333333
2.46666666666667
2.5
2.53333333333333
2.66666666666667
2.46666666666667
2.6
2.56666666666667
2.66666666666667
2.53333333333333
2.6
2.6
3.2
2.53333333333333
2.63333333333333
2.56666666666667
2.66666666666667
2.56666666666667
2.63333333333333
2.2
2.2
2
2.1
2
2.7
2
2.1
2
2.1
2
2.1
2
2.2
2
2.1
2
2.7
2
2.1
2
2.1
2
2.1
2
2.13333333333333
2
2.1
2
2.7
2
2.1
2
2.1
2.1
2.1
2.03333333333333
2.16666666666667
2
2.1
2.1
2.66666666666667
2.03333333333333
2.16666666666667
2.1
2.2
2.1
2.1
3.1
3.1
2.1
2.16666666666667
2.1
2.7
2.06666666666667
2.16666666666667
2.03333333333333
2.16666666666667
2.1
2.16666666666667
2.1
2.2
2.06666666666667
2.13333333333333
2.03333333333333
2.66666666666667
2.1
2.1
2.06666666666667
2.13333333333333
2.1
2.06666666666667
2.1
2.26666666666667
2
2.13333333333333
2.06666666666667
2.66666666666667
2
2.16666666666667
2.1
2.2
2.1
2.03333333333333
2.1
2.2
2.03333333333333
2.1
2.1
2.6
2.1
2.1
2
2.13333333333333
2.1
2.1
2.1
2.16666666666667
2.03333333333333
2.13333333333333
2.06666666666667
2.66666666666667
2.1
2.06666666666667
2.06666666666667
2.16666666666667
2.06666666666667
2.16666666666667
2.1
2.13333333333333
2.1
2.1
2.03333333333333
2.66666666666667
2.1
2.03333333333333
2.1
2.1
2.1
2.16666666666667
2.1
2.16666666666667
2.1
2.2
2.06666666666667
2.7
2.1
2.13333333333333
2.1
2.2
2.1
2.16666666666667
2.1
2.2
2.1
2.13333333333333
2.1
2.7
2.06666666666667
2.1
2.1
2.1
2.06666666666667
2.13333333333333
2.03333333333333
2.1
2.06666666666667
2.13333333333333
2
2.7
2.03333333333333
2.1
2.1
2.1
2.06666666666667
2.13333333333333
2.06666666666667
2.53333333333333
2.1
2.07142857142857
1.63333333333333
2.16666666666667
1.5
1.53333333333333
1.5
1.56666666666667
1.5
1.53333333333333
1.6
1.53333333333333
1.56666666666667
1.53333333333333
1.5
2.16666666666667
1.5
1.63333333333333
2.7
1.8
1.6
1.76666666666667
1.6
1.73333333333333
1.53333333333333
1.66666666666667
1.6
2.13333333333333
1.6
1.66666666666667
