3
3.41666666666667
10.3666666666667
15.5
4.65
4.46666666666667
2.75
3.3
10.1333333333333
15.5
4.6
8.23333333333333
3.96666666666667
6.93333333333333
10.6666666666667
15.5833333333333
4.51666666666667
4.41666666666667
3.2
3.16666666666667
10.5666666666667
16.1
4.45
4.61666666666667
3.21666666666667
3.11666666666667
10.05
15.4166666666667
4.56666666666667
4.21666666666667
3.25
3.33333333333333
10.25
14.9333333333333
5.11666666666667
4.11666666666667
2.95
3.01666666666667
9.98333333333333
15.0166666666667
5.06666666666667
4.45
3.08333333333333
3.21666666666667
10.5833333333333
15.2833333333333
5.31666666666667
4.6
3.1
3.11666666666667
10.2333333333333
14.8333333333333
4.96666666666667
4.58333333333333
3.01666666666667
3.28333333333333
10.2333333333333
14.8333333333333
4.83333333333333
4.55
3.1
3.2
10.0166666666667
14.95
4.63333333333333
4.98333333333333
3.05
3.23333333333333
10.4166666666667
15.3166666666667
4.33333333333333
5
3.28333333333333
3.18333333333333
10.25
14.8333333333333
4.6
5.13333333333333
3.45
3.4
10.9833333333333
16.6166666666667
5.91666666666667
8.78333333333333
5.28333333333333
5.25
12.3666666666667
17.0833333333333
6.76666666666667
12.55
9.71666666666667
10.7
15.6
21.2333333333333
10.4166666666667
13.55
10.1666666666667
9.93333333333333
16.2
19.0333333333333
5.4
9.31666666666667
4.3
4.1
11.2166666666667
16.85
5.5
8.41666666666667
5.2
5.01666666666667
12.2
16.9166666666667
8.43333333333333
10.5
4.35
4.5
12.6
17.5
6.66666666666667
8.7
6.28333333333333
3.08333333333333
13.0666666666667
16.85
5.68333333333333
4.56666666666667
2.91666666666667
2.95
10.1333333333333
14.5
3.9
3.81666666666667
2.68333333333333
2.71666666666667
9.93333333333333
14.9666666666667
4.1
4.56666666666667
2.88333333333333
2.91666666666667
10.45
15.45
5.01666666666667
5.45
2.86666666666667
3.15
10.0666666666667
15.6333333333333
4.51666666666667
4.91666666666667
2.9
3.03333333333333
10.0666666666667
15.2333333333333
4.51666666666667
4.68333333333333
2.88333333333333
2.96666666666667
10.1333333333333
14.95
4.56666666666667
4.88333333333333
2.86666666666667
3.08333333333333
10.3333333333333
15.3333333333333
4.46666666666667
5.45
3.16666666666667
3.3
10.1333333333333
15.1166666666667
4.45
4.65
2.95
3.08333333333333
10.1166666666667
14.85
4.43333333333333
4.9
3.26666666666667
3.1
10.0333333333333
15.1
4.43333333333333
4.71666666666667
2.85
3.16666666666667
10.6333333333333
15.3
4.55
4.95
3.5
3.3
9.88333333333333
14.7166666666667
4.3
4.28333333333333
3.55
3.21666666666667
10.0833333333333
14.8166666666667
4.61666666666667
4.13333333333333
3.61666666666667
3.21666666666667
10.0666666666667
14.7166666666667
4.31666666666667
4.33333333333333
3.65
3.31666666666667
10.5333333333333
15.35
4.48333333333333
4.58333333333333
3.85
3.2
10.0166666666667
14.6166666666667
4.63333333333333
4.38333333333333
3.71666666666667
3.28333333333333
10.15
14.9166666666667
4.61666666666667
4.23333333333333
3.48333333333333
3.21666666666667
10.1666666666667
14.6666666666667
4.6
4.41666666666667
3.75
3.23333333333333
10.7333333333333
15.2333333333333
4.55
5.23333333333333
4.23333333333333
3.03333333333333
10.3666666666667
15.0666666666667
4.9
4.4
3.86666666666667
3.21666666666667
9.86666666666667
15.3333333333333
4.46666666666667
4.06666666666667
3.43333333333333
3.51666666666667
10
15.2166666666667
4.4
4.31666666666667
3.01666666666667
4
10.2833333333333
15.4
4.35
4.65
3.3
3.81666666666667
9.96666666666667
15.0333333333333
4.61666666666667
10.2
2.93333333333333
3.75
10.2333333333333
14.6
4.31666666666667
4.15
3.33333333333333
3.9
10.1
14.9333333333333
4.66666666666667
4.28333333333333
3.06666666666667
3.55
10.1666666666667
15.25
4.58333333333333
4.43333333333333
