1.45
1.43333333333333
1.41666666666667
1.46666666666667
1.61666666666667
1.48333333333333
1.45
1.43333333333333
1.45
1.46666666666667
1.46666666666667
1.48333333333333
1.43333333333333
1.4
1.45
1.45
1.58333333333333
1.43333333333333
1.43333333333333
1.45
1.46666666666667
1.45
1.45
1.48333333333333
1.5
1.46666666666667
1.46666666666667
1.43333333333333
1.63333333333333
1.48333333333333
1.41666666666667
1.46666666666667
1.41666666666667
1.43333333333333
1.5
1.46666666666667
1.46666666666667
1.43333333333333
1.41666666666667
1.45
1.6
1.45
1.46666666666667
1.43333333333333
1.45
1.46666666666667
1.45
1.45
1.45
1.43333333333333
1.45
1.46666666666667
1.65
1.45
1.41666666666667
1.43333333333333
1.45
1.43333333333333
1.4
1.5
1.41666666666667
1.4
1.41666666666667
1.41666666666667
1.65
1.53333333333333
1.46666666666667
1.41666666666667
1.4
1.45
1.48333333333333
1.45
1.5
1.41666666666667
1.45
1.45
1.63333333333333
1.25
1.41666666666667
1.48333333333333
1.45
1.53333333333333
1.48333333333333
1.48333333333333
1.43333333333333
1.43333333333333
1.4
1.41666666666667
1.61666666666667
1.43333333333333
1.43333333333333
1.36666666666667
1.4
1.45
1.51666666666667
1.46666666666667
1.46666666666667
1.46666666666667
1.38333333333333
1.46666666666667
1.5
1.26666666666667
1.25
1.25
1.28333333333333
1.25
1.28333333333333
1.25
1.3
1.25
1.3
1.25
1.45
1.26666666666667
1.28333333333333
1.25
1.3
1.25
1.28333333333333
1.25
1.26666666666667
1.25
1.3
1.25
1.46666666666667
1.16666666666667
1.28333333333333
1.25
1.28333333333333
1.25
1.28333333333333
1.26666666666667
1.25
1.3
1.3
1.26666666666667
1.46666666666667
1.1
1.05
1.05
1.05
1.05
1.05
1.25
1.28333333333333
1.28333333333333
1.28333333333333
1.28333333333333
2.2
1.95
1.26666666666667
1.58333333333333
1.28333333333333
1.3
1.3
1.31666666666667
1.28333333333333
1.3
1.3
1.33333333333333
1.48333333333333
1.26666666666667
1.3
1.3
1.28333333333333
1.3
1.3
1.26666666666667
1.26666666666667
1.3
1.3
1.28333333333333
1.5
1.31666666666667
1.26666666666667
1.3
1.26666666666667
1.3
1.28333333333333
1.28333333333333
1.26666666666667
1.3
1.26666666666667
1.28333333333333
1.5
1.3
1.26666666666667
1.26666666666667
1.3
1.26666666666667
1.3
1.33333333333333
1.26666666666667
1.3
1.3
1.26666666666667
1.46666666666667
1.28333333333333
1.26666666666667
1.26666666666667
1.25
1.28333333333333
1.28333333333333
1.3
1.28333333333333
1.3
1.36666666666667
1.3
1.46666666666667
1.28333333333333
1.28333333333333
1.36666666666667
1.28333333333333
1.26666666666667
1.26666666666667
1.28333333333333
1.3
1.28333333333333
1.28333333333333
1.28333333333333
1.46666666666667
1.31666666666667
1.3
1.28333333333333
1.3
1.28333333333333
1.28333333333333
1.28333333333333
1.3
1.26666666666667
1.28333333333333
1.25
1.45
1.3
1.28333333333333
1.25
1.28333333333333
1.25
1.28333333333333
1.26666666666667
1.26666666666667
1.26666666666667
1.28333333333333
1.26666666666667
1.46666666666667
1.28333333333333
1.25
1.26666666666667
1.28333333333333
1.26666666666667
1.26666666666667
1.3
1.3
1.26666666666667
1.26666666666667
1.28333333333333
1.46666666666667
1.28333333333333
1.26666666666667
1.25
1.26666666666667
1.28333333333333
1.28333333333333
1.3
1.25
1.25
1.21666666666667
1.26666666666667
1.43333333333333
1.43333333333333
1.25
1.28333333333333
1.26666666666667
1.25
1.28333333333333
1.33333333333333
1.4
1.41666666666667
1.41666666666667
1.48333333333333
1.55
1.4
1.46666666666667
1.41666666666667
1.41666666666667
1.45
1.43333333333333
1.41666666666667
