1.03333333333333
1.11666666666667
1.08333333333333
1.1
1.05
1.16666666666667
1.25
1.16666666666667
1.35
1.15
1.11666666666667
1.08333333333333
1.05
1.13333333333333
1.1
1.1
1.23333333333333
1.1
1.11666666666667
1.1
1.35
1.11666666666667
1.08333333333333
1.13333333333333
1.05
1.1
1.08333333333333
1.1
1.06666666666667
1.15
1.1
1.15
1.35
1.1
1.08333333333333
1.18333333333333
1.05
1.1
1.05
1.15
1.13333333333333
1.23333333333333
1.21666666666667
1.15
1.36666666666667
1.08333333333333
1.11666666666667
1.13333333333333
1.16666666666667
1.1
1.03333333333333
1.15
1.16666666666667
1.16666666666667
1.08333333333333
1.11666666666667
1.36666666666667
1.15
1.03333333333333
1.11666666666667
1.16666666666667
1.2
1.13333333333333
1.1
1.11666666666667
1.13333333333333
1.05
1.11666666666667
1.4
1.18333333333333
1.1
1.15
1.06666666666667
1.13333333333333
1.05
1.1
1.1
1.18333333333333
1.06666666666667
1.15
1.35
1.15
1.13333333333333
1.13333333333333
1.06666666666667
1.11666666666667
1.1
1.11666666666667
1.05
1.18333333333333
1.11666666666667
1.11666666666667
1.33333333333333
1.11666666666667
1.13333333333333
1.11666666666667
1.08333333333333
1.15
1.05
1.13333333333333
1.06666666666667
1
1
1
1.25
1
1
1
1
1
1
1.05
1
1
1
1.05
1.25
1
1
1
1
1
1
1.03333333333333
1
1
1
1
1.25
1.01666666666667
1.1
1.06666666666667
1.05
1.03333333333333
1.05
1.05
1.05
1.08333333333333
1.05
1.05
1.3
1.01666666666667
1.03333333333333
1.03333333333333
1.01666666666667
1.03333333333333
1.05
1.01666666666667
1.01666666666667
1.05
1.35
1.01666666666667
1.3
1.03333333333333
1.03333333333333
1.05
1
1.05
1.05
1.05
1
1.05
1
1
1.25
1
1
1.03333333333333
1
1
1.05
1
1
1.03333333333333
1.01666666666667
1
1.25
1.06666666666667
1.05
1.03333333333333
1
1
1.03333333333333
1
1
1.03333333333333
1
1.01666666666667
1.26666666666667
1.01666666666667
1
1.05
1.01666666666667
1.03333333333333
1.05
1.05
1
1.05
1
1.05
1.3
1.05
1
1.05
1
1.05
1.05
1.05
1
1.05
1
1.03333333333333
1.3
1.01666666666667
1
1.05
1.01666666666667
1.05
1.01666666666667
1
1
1.05
1
1.01666666666667
1.35
1.01666666666667
1.03333333333333
1.05
1.03333333333333
1
1.05
1
1.01666666666667
1.01666666666667
1
1
1.3
1.05
1.03333333333333
1.05
1
1.01666666666667
1.05
1
1.05
1.03333333333333
1
1
1.28333333333333
1.01666666666667
1.03333333333333
1.01666666666667
1
1.03333333333333
1.01666666666667
1.01666666666667
1.01666666666667
1.03333333333333
1.01666666666667
1.03333333333333
1.28333333333333
1
1
1.05
1.03333333333333
1.01666666666667
1.05
1
1
1.05
1
1.1
1.28333333333333
1.08333333333333
1
1.03333333333333
1.1
1.13333333333333
1.23333333333333
1.25
1.2
1.31666666666667
1.1
1.13333333333333
1.43333333333333
1.15
1.15
1.13333333333333
