4.01666666666667
2.16666666666667
4.1
3.73333333333333
6.15
5.91666666666667
4.31666666666667
2.05
3.41666666666667
2.06666666666667
3.66666666666667
5.1
7.18333333333333
4.75
2.43333333333333
1.91666666666667
2.15
2.6
2.98333333333333
4.26666666666667
3.46666666666667
3.11666666666667
5.31666666666667
7.5
7.76666666666667
7.68333333333333
7.13333333333333
3.81666666666667
3.41666666666667
4
3.91666666666667
5.35
2.45
1.91666666666667
2
1.86666666666667
1.88333333333333
1.88333333333333
2.03333333333333
1.88333333333333
2.06666666666667
2.78333333333333
2.73333333333333
1.91666666666667
1.96666666666667
1.83333333333333
1.91666666666667
1.9
1.95
1.86666666666667
2.03333333333333
1.9
2.03333333333333
2.68333333333333
2.63333333333333
1.91666666666667
1.96666666666667
1.88333333333333
2
2.03333333333333
1.86666666666667
1.93333333333333
1.96666666666667
1.88333333333333
2.05
2.86666666666667
2.61666666666667
2.06666666666667
2.41666666666667
1.91666666666667
1.85
1.9
1.85
1.9
2.01666666666667
1.83333333333333
5.03333333333333
9.41666666666667
5.6
4.06666666666667
3.95
3.61666666666667
4.55
3.93333333333333
4.18333333333333
2.3
2.06666666666667
1.96666666666667
2.23333333333333
2.41666666666667
2.16666666666667
2.16666666666667
2.06666666666667
2.01666666666667
2.03333333333333
2.03333333333333
2.06666666666667
2.05
2.15
2.03333333333333
2.45
2.76666666666667
2.08333333333333
2.15
2.25
2.11666666666667
2.13333333333333
2.08333333333333
2.13333333333333
2.18333333333333
2.16666666666667
2.05
2.31666666666667
2.21666666666667
2.43333333333333
2.2
2.06666666666667
2.11666666666667
2.06666666666667
2.1
2.13333333333333
2.05
2.08333333333333
2.18333333333333
2.23333333333333
2.15
2.05
2.01666666666667
1.95
1.88333333333333
2.08333333333333
1.98333333333333
1.93333333333333
1.88333333333333
1.98333333333333
2.08333333333333
2.18333333333333
2.23333333333333
1.96666666666667
2.08333333333333
1.98333333333333
1.91666666666667
1.96666666666667
2
1.86666666666667
2
1.98333333333333
2.03333333333333
2.21666666666667
2.4
2.45
2.03333333333333
2.01666666666667
1.98333333333333
2.11666666666667
2.1
2.03333333333333
2.13333333333333
1.96666666666667
1.95
2.01666666666667
2.23333333333333
2.33333333333333
2.45
3.65
1.91666666666667
1.93333333333333
2.03333333333333
2.66666666666667
2.53333333333333
1.93333333333333
1.98333333333333
2.41666666666667
2.26666666666667
1.95
4.71666666666667
2.88333333333333
2.2
2.68333333333333
3
1.93333333333333
2.93333333333333
2.83333333333333
2.2
2.1
3.48333333333333
2.9
2.85
1.98333333333333
2.1
1.96666666666667
2
4.73333333333333
4.65
4.61666666666667
2.81666666666667
4.25
4.7
5.2
3.76666666666667
3.11666666666667
4.66666666666667
4.25
2.06666666666667
2
3.56666666666667
4.45
3.93333333333333
3.8
6.6
5.73333333333333
6.83333333333333
6.28333333333333
3.55
2.18333333333333
2.63333333333333
3.06666666666667
3.11666666666667
2.81666666666667
3.3
2.86666666666667
3.11666666666667
2.66666666666667
2.1
1.98333333333333
2.28333333333333
2.5
4.61666666666667
4.06666666666667
2.86666666666667
2.83333333333333
2.66666666666667
3.11666666666667
3.18333333333333
3.18333333333333
2.33333333333333
2.63333333333333
4.13333333333333
3.03333333333333
2.06666666666667
1.93333333333333
2.23333333333333
4
3.66666666666667
2.56666666666667
3.6
2.86666666666667
2.7
4.16666666666667
3.81666666666667
3.86666666666667
6.45
3.81666666666667
2.76666666666667
4.26666666666667
3.7
2.78333333333333
3.05
4.2
2.45
2.48333333333333
2.91666666666667
2.91666666666667
2.46666666666667
2.65
4.2
6.46666666666667
7.75
4.18333333333333
4.58333333333333
6.11666666666667
5.98333333333333
2.66666666666667
6.2
5.86666666666667
7.06666666666667
4.63333333333333
2.6
2.66666666666667
2.5
2.56666666666667
4.08333333333333
6.85
5.38333333333333
5.5
5.13333333333333
2.21666666666667
5.81666666666667
