2.26666666666667
2.13333333333333
2.4
2
2.6
3
2.2
2.53333333333333
2.93333333333333
3
2.2
2
2.46666666666667
2.13333333333333
2.2
2.2
2.8
2.86666666666667
2.2
2.33333333333333
2.33333333333333
2
2.4
2
2.2
2.33333333333333
2.2
2
3
3
2.2
2
2.4
2
2.8
2.33333333333333
2.6
2.26666666666667
2.2
2.4
2.93333333333333
3
2.73333333333333
3
3
2.93333333333333
2.73333333333333
2.06666666666667
2.93333333333333
4.13333333333333
2.93333333333333
3
3.53333333333333
3.53333333333333
2.93333333333333
3
3.13333333333333
2.26666666666667
2.6
2.2
2.73333333333333
2.6
2.46666666666667
2.73333333333333
3
3.26666666666667
2.26666666666667
2.6
2.4
2.2
2.53333333333333
2
3
2.66666666666667
2.33333333333333
2.26666666666667
2.6
2.8
2.2
2.33333333333333
2.26666666666667
2.06666666666667
2.4
2
2.26666666666667
2.4
2.2
2.06666666666667
2.6
2.93333333333333
2.2
2.13333333333333
2.46666666666667
2.06666666666667
2.2
2.2
2.4
2.2
2.2
2.2
2.66666666666667
2.8
2.4
2.06666666666667
2.33333333333333
2.33333333333333
2.26666666666667
2
2.26666666666667
2.2
2.2
2
2.73333333333333
2.8
2.26666666666667
2.46666666666667
2.2
2
2.2
2.2
2.26666666666667
2
2.4
2.46666666666667
3.33333333333333
3.46666666666667
2.6
2.53333333333333
2.8
3
2.53333333333333
2.8
2.8
2.93333333333333
2.6
3
3.66666666666667
3.13333333333333
2.86666666666667
2.66666666666667
2.46666666666667
2.46666666666667
2.73333333333333
2.46666666666667
2.66666666666667
2.86666666666667
2.6
2.4
3.4
2.86666666666667
2.66666666666667
2.86666666666667
2.66666666666667
2.53333333333333
2.73333333333333
2.73333333333333
2.8
2.8
2.73333333333333
2.53333333333333
3.53333333333333
3.26666666666667
2.8
2.53333333333333
2.93333333333333
2.66666666666667
2.53333333333333
2.86666666666667
2.8
2.66666666666667
2.4
2.73333333333333
5.2
9.13333333333333
8.4
3.13333333333333
2.86666666666667
2.73333333333333
2.8
3
2.86666666666667
2.66666666666667
2.66666666666667
2.86666666666667
3.6
3
2.66666666666667
2.73333333333333
3
2.86666666666667
2.53333333333333
2.66666666666667
2.86666666666667
2.73333333333333
2.46666666666667
2.73333333333333
3.26666666666667
3.33333333333333
2.86666666666667
3
2.6
2.46666666666667
3
2.73333333333333
2.73333333333333
2.93333333333333
2.33333333333333
2.46666666666667
3.13333333333333
3.73333333333333
2.8
2.66666666666667
3.13333333333333
2.53333333333333
2.6
2.8
2.8
2.73333333333333
2.8
3
3.26666666666667
3.46666666666667
3
2.66666666666667
2.6
2.66666666666667
2.6
2.66666666666667
3
2.73333333333333
2.26666666666667
2.53333333333333
3.8
3.13333333333333
2.6
2.66666666666667
2.26666666666667
2.2
2.4
2.26666666666667
2.73333333333333
3
2.46666666666667
2.26666666666667
3.46666666666667
2.73333333333333
2.33333333333333
2.66666666666667
2.26666666666667
2.4
2.26666666666667
2.2
2.73333333333333
2.46666666666667
2.53333333333333
3
3.6
3
2.93333333333333
2.6
2.2
2.06666666666667
2.6
2.46666666666667
2.66666666666667
3
2.53333333333333
2.4
3.6
2.86666666666667
2.53333333333333
2.53333333333333
2.53333333333333
2.53333333333333
2.53333333333333
2.6
2.73333333333333
2.93333333333333
2.6
2.73333333333333
3.53333333333333
2.8
2.53333333333333
2.26666666666667
2.13333333333333
2.73333333333333
2.53333333333333
2.4
