1.26666666666667
1.26666666666667
1.41666666666667
1.26666666666667
1.3
1.25
1.3
1.25
1.25
1.25
1.41666666666667
1.83333333333333
1.55
1.55
12.3
1.78333333333333
1.76666666666667
1.75
1.73333333333333
1.76666666666667
1.73333333333333
1.76666666666667
1.75
2.05
1.85
1.66666666666667
1.63333333333333
1.51666666666667
1.5
1.5
1.48333333333333
1.48333333333333
1.48333333333333
1.5
1.51666666666667
1.76666666666667
1.48333333333333
1.5
1.63333333333333
1.5
1.46666666666667
1.48333333333333
1.5
1.51666666666667
1.53333333333333
1.48333333333333
1.5
1.75
1.25
1.28333333333333
1.26666666666667
1.26666666666667
1.25
1.28333333333333
1.26666666666667
1.28333333333333
1.25
1.26666666666667
1.26666666666667
1.58333333333333
1.26666666666667
1.28333333333333
1.25
1.3
1.25
1.25
1.25
1.58333333333333
1.51666666666667
1.5
1.51666666666667
1.8
1.53333333333333
1.48333333333333
1.51666666666667
1.51666666666667
1.55
1.51666666666667
1.5
1.48333333333333
1.5
1.53333333333333
1.5
1.75
1.48333333333333
1.53333333333333
1.53333333333333
1.48333333333333
1.46666666666667
1.53333333333333
1.53333333333333
1.51666666666667
1.5
1.51666666666667
1.53333333333333
1.81666666666667
1.51666666666667
1.48333333333333
1.53333333333333
1.5
1.5
1.48333333333333
1.51666666666667
1.51666666666667
1.53333333333333
1.51666666666667
1.53333333333333
1.8
1.5
1.48333333333333
1.58333333333333
1.58333333333333
1.51666666666667
1.51666666666667
1.53333333333333
1.51666666666667
1.48333333333333
1.46666666666667
1.51666666666667
1.81666666666667
1.5
1.5
1.51666666666667
1.5
1.51666666666667
1.5
1.48333333333333
1.51666666666667
1.51666666666667
1.58333333333333
1.55
1.78333333333333
1.56666666666667
1.53333333333333
1.58333333333333
1.51666666666667
1.55
1.53333333333333
1.53333333333333
1.53333333333333
1.5
1.53333333333333
1.58333333333333
1.83333333333333
1.53333333333333
1.51666666666667
1.55
1.5
1.5
1.5
1.51666666666667
1.53333333333333
1.55
1.63333333333333
1.53333333333333
1.8
1.51666666666667
1.53333333333333
1.65
1.5
1.55
1.51666666666667
1.53333333333333
1.55
1.53333333333333
1.51666666666667
1.55
1.91666666666667
1.5
1.55
1.53333333333333
1.51666666666667
1.51666666666667
1.5
1.5
1.55
1.5
1.51666666666667
1.5
1.8
1.5
1.71666666666667
2.15
1.51666666666667
1.6
1.86666666666667
1.5
1.51666666666667
1.5
1.5
1.5
1.81666666666667
1.51666666666667
1.53333333333333
1.55
1.5
1.5
1.55
1.5
1.5
1.5
1.53333333333333
1.51666666666667
1.8
1.5
1.51666666666667
1.51666666666667
1.51666666666667
1.5
1.51666666666667
1.5
1.53333333333333
1.5
1.5
1.6
1.83333333333333
1.5
1.5
1.5
1.61666666666667
1.55
1.5
1.5
1.53333333333333
1.48333333333333
1.5
1.48333333333333
1.8
1.5
1.51666666666667
1.53333333333333
1.51666666666667
1.51666666666667
1.53333333333333
1.55
1.56666666666667
1.5
1.55
1.48333333333333
1.8
1.5
1.53333333333333
1.55
1.48333333333333
1.5
1.53333333333333
1.5
1.51666666666667
1.5
1.53333333333333
1.51666666666667
1.78333333333333
1.5
1.51666666666667
1.53333333333333
1.6
1.61666666666667
1.65
1.55
1.5
1.51666666666667
1.53333333333333
1.51666666666667
5.16666666666667
1.53333333333333
1.48333333333333
1.55
1.5
1.53333333333333
1.53333333333333
1.53333333333333
1.53333333333333
1.58333333333333
1.53333333333333
1.51666666666667
1.8
1.51666666666667
1.51666666666667
1.55
1.51666666666667
1.55
1.55
1.5
1.51666666666667
1.65
1.66666666666667
1.63333333333333
1.91666666666667
