3.4
4.36666666666667
3.5
3.33333333333333
3.8
3.86666666666667
3.5
3.93333333333333
3.63333333333333
3.4
3.73333333333333
3.4
3.36666666666667
4.36666666666667
3.46666666666667
3.5
3.83333333333333
3.8
3.33333333333333
3.9
3.6
3.4
3.66666666666667
3.46666666666667
3.46666666666667
4.4
3.5
3.43333333333333
3.8
3.66666666666667
3.3
3.93333333333333
3.43333333333333
3.33333333333333
3.63333333333333
3.53333333333333
3.43333333333333
4.36666666666667
3.4
3.33333333333333
3.76666666666667
3.76666666666667
3.3
3.8
3.46666666666667
3.5
3.8
3.53333333333333
3.46666666666667
4.36666666666667
3.43333333333333
3.36666666666667
3.8
3.56666666666667
3.36666666666667
3.86666666666667
3.46666666666667
3.33333333333333
3.63333333333333
3.6
3.4
4.43333333333333
3.6
3.4
3.76666666666667
3.66666666666667
3.36666666666667
3.76666666666667
3.4
3.36666666666667
3.73333333333333
3.5
3.56666666666667
4.4
3.4
3.33333333333333
4.23333333333333
5.1
3.33333333333333
3.9
3.53333333333333
3.26666666666667
3.66666666666667
3.53333333333333
3.3
4.33333333333333
3.4
3.4
3.83333333333333
3.76666666666667
3.43333333333333
4.03333333333333
3.46666666666667
3.43333333333333
3.7
3.53333333333333
3.4
4.3
3.4
3.36666666666667
3.76666666666667
3.66666666666667
3.3
4.06666666666667
3.5
3.26666666666667
3.6
3.5
3.36666666666667
4.4
3.53333333333333
3.3
3.73333333333333
3.9
3.4
3.83333333333333
3.5
3.46666666666667
4.7
3.53333333333333
3.4
4.53333333333333
4.63333333333333
7.33333333333333
4
4.46666666666667
3.5
4.03333333333333
4.9
4.4
3.73333333333333
3.6
3.46666666666667
4.36666666666667
3.36666666666667
3.3
3.8
4.13333333333333
3.43333333333333
3.86666666666667
3.53333333333333
3.36666666666667
3.76666666666667
3.4
3.33333333333333
4.46666666666667
3.5
3.4
3.8
3.9
3.43333333333333
3.86666666666667
3.53333333333333
3.43333333333333
3.96666666666667
3.46666666666667
3.4
4.4
3.56666666666667
3.33333333333333
6.16666666666667
7.1
3.43333333333333
3.83333333333333
3.56666666666667
3.53333333333333
3.76666666666667
3.53333333333333
3.33333333333333
4.43333333333333
3.46666666666667
3.33333333333333
3.9
3.66666666666667
3.5
3.86666666666667
3.56666666666667
3.4
3.7
3.56666666666667
3.36666666666667
4.43333333333333
3.46666666666667
3.36666666666667
3.86666666666667
3.66666666666667
3.43333333333333
3.86666666666667
3.5
3.43333333333333
3.66666666666667
3.46666666666667
3.36666666666667
4.4
3.46666666666667
3.33333333333333
3.83333333333333
3.6
3.53333333333333
3.86666666666667
3.53333333333333
3.4
3.83333333333333
3.46666666666667
3.36666666666667
4.53333333333333
3.63333333333333
3.36666666666667
4
3.56666666666667
3.5
3.9
3.56666666666667
3.43333333333333
3.8
3.63333333333333
3.43333333333333
4.46666666666667
3.6
3.33333333333333
3.93333333333333
3.6
3.46666666666667
3.93333333333333
3.7
3.46666666666667
3.83333333333333
3.53333333333333
3.6
4.4
3.46666666666667
3.33333333333333
3.9
3.63333333333333
3.46666666666667
4.03333333333333
3.53333333333333
3.43333333333333
3.76666666666667
3.46666666666667
3.7
4.36666666666667
3.66666666666667
3.3
3.93333333333333
3.6
3.53333333333333
3.93333333333333
3.56666666666667
3.46666666666667
3.73333333333333
3.6
3.43333333333333
4.5
3.6
3.4
3.83333333333333
3.63333333333333
3.46666666666667
3.86666666666667
3.53333333333333
3.5
3.83333333333333
3.73333333333333
3.46666666666667
4.4
3.53333333333333
3.4
3.93333333333333
3.63333333333333
3.5
3.96666666666667
3.53333333333333
3.46666666666667
3.73333333333333
3.5
3.33333333333333
4.53333333333333
3.5
3.3
3.9
3.66666666666667
3.56666666666667
3.9
3.6
3.4
3.76666666666667
3.46666666666667
