1.51666666666667
1.51666666666667
1.71666666666667
1.51666666666667
1.48333333333333
1.51666666666667
1.5
1.51666666666667
1.5
1.51666666666667
1.5
1.5
1.51666666666667
1.5
1.7
1.51666666666667
1.46666666666667
1.53333333333333
1.46666666666667
1.48333333333333
1.5
1.5
1.51666666666667
1.46666666666667
1.48333333333333
1.45
1.66666666666667
1.55
1.53333333333333
1.51666666666667
1.51666666666667
1.48333333333333
1.48333333333333
1.48333333333333
1.48333333333333
1.5
1.53333333333333
1.5
1.68333333333333
1.48333333333333
1.48333333333333
1.53333333333333
1.5
1.45
1.51666666666667
1.5
1.46666666666667
1.51666666666667
1.5
1.46666666666667
1.71666666666667
1.45
1.5
1.51666666666667
1.51666666666667
1.46666666666667
1.51666666666667
1.46666666666667
1.48333333333333
1.51666666666667
1.51666666666667
1.48333333333333
1.68333333333333
1.48333333333333
1.46666666666667
1.5
1.5
1.46666666666667
1.48333333333333
1.51666666666667
1.48333333333333
1.48333333333333
1.48333333333333
1.51666666666667
1.68333333333333
1.45
1.5
1.5
1.5
1.48333333333333
1.45
1.5
1.5
1.51666666666667
1.55
1.5
1.7
1.5
1.48333333333333
1.63333333333333
1.53333333333333
1.51666666666667
1.5
1.5
1.5
1.51666666666667
1.51666666666667
1.46666666666667
1.7
1.55
1.41666666666667
1.26666666666667
1.3
1.25
1.3
1.25
1.28333333333333
1.25
1.33333333333333
1.88333333333333
1.53333333333333
1.26666666666667
1.28333333333333
1.28333333333333
1.31666666666667
1.25
1.31666666666667
1.25
1.28333333333333
1.25
1.31666666666667
1.25
1.51666666666667
1.25
1.3
1.3
1.33333333333333
1.3
1.35
1.25
1.31666666666667
1.25
1.33333333333333
1.3
1.5
1.26666666666667
1.3
1.33333333333333
1.3
1.28333333333333
1.3
1.3
1.3
1.31666666666667
1.85
5.6
1.48333333333333
1.31666666666667
2
2
1.6
1.28333333333333
1.3
1.26666666666667
1.28333333333333
1.3
1.3
1.28333333333333
1.5
1.28333333333333
1.28333333333333
1.31666666666667
1.3
1.3
1.3
1.3
1.3
1.33333333333333
1.33333333333333
1.26666666666667
1.51666666666667
1.3
1.3
1.31666666666667
1.31666666666667
1.26666666666667
1.3
1.28333333333333
1.28333333333333
1.3
1.31666666666667
1.26666666666667
1.51666666666667
1.28333333333333
1.3
1.26666666666667
1.33333333333333
1.3
1.3
1.3
1.28333333333333
1.26666666666667
1.33333333333333
1.3
1.61666666666667
1.3
1.28333333333333
1.31666666666667
1.3
1.28333333333333
1.33333333333333
1.41666666666667
1.3
1.31666666666667
1.31666666666667
1.43333333333333
1.51666666666667
1.3
1.28333333333333
1.33333333333333
1.3
1.33333333333333
1.33333333333333
1.33333333333333
1.28333333333333
1.28333333333333
1.31666666666667
1.3
1.5
1.28333333333333
1.28333333333333
1.3
1.28333333333333
1.26666666666667
1.3
1.3
1.25
1.3
1.28333333333333
1.26666666666667
1.5
1.3
1.28333333333333
1.35
1.36666666666667
1.26666666666667
1.3
1.28333333333333
1.25
1.3
1.46666666666667
1.5
1.51666666666667
1.3
1.26666666666667
1.31666666666667
1.3
1.3
1.3
1.31666666666667
1.26666666666667
1.28333333333333
1.36666666666667
1.33333333333333
1.48333333333333
1.3
1.3
1.35
1.3
1.28333333333333
1.26666666666667
1.3
1.3
1.3
1.3
1.3
1.61666666666667
1.36666666666667
1.3
1.31666666666667
1.38333333333333
1.3
1.28333333333333
1.33333333333333
1.3
1.28333333333333
1.41666666666667
1.5
1.66666666666667
1.48333333333333
1.51666666666667
1.51666666666667
1.46666666666667
1.46666666666667
1.5
1.48333333333333
1.51666666666667
1.48333333333333
