1.5
1.46666666666667
1.51666666666667
1.48333333333333
1.5
1.5
1.5
1.48333333333333
1.5
1.5
1.51666666666667
1.68333333333333
1.5
1.5
1.48333333333333
1.5
1.5
1.55
1.5
1.5
1.5
1.48333333333333
1.5
1.65
1.48333333333333
1.46666666666667
1.55
1.55
1.53333333333333
1.71666666666667
1.51666666666667
1.66666666666667
1.61666666666667
1.55
1.55
1.71666666666667
1.55
1.55
1.5
1.55
1.66666666666667
1.63333333333333
1.55
1.55
1.53333333333333
1.51666666666667
1.56666666666667
1.76666666666667
1.65
1.55
1.55
1.53333333333333
1.53333333333333
1.58333333333333
1.7
1.58333333333333
1.53333333333333
1.53333333333333
1.6
1.78333333333333
1.68333333333333
1.53333333333333
1.55
1.5
1.5
1.43333333333333
1.5
1.55
1.55
1.55
1.58333333333333
1.76666666666667
1.55
1.55
1.55
1.55
1.6
1.61666666666667
1.55
1.55
1.63333333333333
1.58333333333333
1.7
1.73333333333333
1.56666666666667
1.55
1.51666666666667
1.61666666666667
1.55
1.63333333333333
1.63333333333333
1.58333333333333
1.55
1.55
1.56666666666667
1.75
1.55
1.55
1.55
1.55
1.5
1.5
1.48333333333333
1.5
1.5
1.4
1.5
1.7
1.5
1.43333333333333
1.5
1.45
1.38333333333333
1.46666666666667
1.26666666666667
1.25
1.25
1.25
1.26666666666667
1.45
1.25
1.25
1.25
1.25
1.25
1.25
1.25
1.25
1.25
1.25
1.26666666666667
1.45
1.28333333333333
1.25
1.25
1.28333333333333
1.33333333333333
1.28333333333333
1.3
1.26666666666667
1.25
1.26666666666667
1.25
1.41666666666667
1.26666666666667
1.25
1.26666666666667
1.26666666666667
2.01666666666667
1.91666666666667
1.46666666666667
1.35
1.25
1.25
1.25
1.45
1.25
1.25
1.25
1.25
1.25
1.3
1.25
1.25
1.25
1.25
1.25
1.4
1.25
1.25
1.25
1.26666666666667
1.25
1.26666666666667
1.25
1.25
1.3
1.25
1.25
1.45
1.25
1.25
1.25
1.25
1.25
1.25
1.25
1.25
1.26666666666667
1.25
1.25
1.45
1.25
1.25
1.25
1.25
1.26666666666667
1.25
1.25
1.25
1.28333333333333
1.25
1.35
1.45
1.25
1.28333333333333
1.25
1.4
1.46666666666667
1.6
1.5
1.5
1.48333333333333
1.53333333333333
1.46666666666667
1.56666666666667
1.53333333333333
1.5
1.5
1.5
1.5
1.45
1.41666666666667
1.48333333333333
1.4
1.41666666666667
1.55
1.58333333333333
1.46666666666667
1.43333333333333
1.41666666666667
1.41666666666667
1.46666666666667
1.53333333333333
1.5
1.5
1.48333333333333
1.5
1.51666666666667
1.71666666666667
1.5
1.48333333333333
1.51666666666667
1.48333333333333
1.51666666666667
1.53333333333333
1.51666666666667
1.43333333333333
1.53333333333333
1.55
1.48333333333333
1.65
1.51666666666667
1.5
1.5
1.45
1.5
1.71428571428571
1.53333333333333
1.5
1.51666666666667
1.55
1.65
1.66666666666667
1.5
1.5
1.5
1.5
1.89285714285714
1.81666666666667
1.71666666666667
1.66666666666667
1.58333333333333
1.56666666666667
1.63333333333333
1.91666666666667
1.7
1.73333333333333
1.71666666666667
1.75
1.68333333333333
1.65
1.8
1.8
1.76666666666667
1.8
1.75
2.01666666666667
