1.95
1.56666666666667
1.53333333333333
1.55
1.58333333333333
1.56666666666667
1.58333333333333
1.53333333333333
1.53333333333333
1.53333333333333
1.53333333333333
1.85
1.6
1.61666666666667
1.58333333333333
1.56666666666667
1.81666666666667
11.8666666666667
1.58333333333333
1.55
1.56666666666667
1.58333333333333
1.55
1.86666666666667
1.68333333333333
1.56666666666667
1.53333333333333
1.55
1.55
1.55
1.58333333333333
1.55
1.5
1.5
1.4
1.61666666666667
1.45
1.33333333333333
1.48333333333333
1.3
1.35
1.35
1.38333333333333
1.3
1.33333333333333
1.31666666666667
1.36666666666667
1.56666666666667
1.43333333333333
1.26666666666667
1.33333333333333
1.33333333333333
1.31666666666667
1.61666666666667
1.56666666666667
1.51666666666667
1.53333333333333
1.55
1.56666666666667
1.85
1.6
1.55
1.56666666666667
1.55
1.53333333333333
1.51666666666667
1.53333333333333
1.55
1.53333333333333
1.55
1.56666666666667
1.86666666666667
1.6
1.53333333333333
1.53333333333333
1.53333333333333
1.58333333333333
1.55
1.56666666666667
1.55
1.55
1.55
1.55
1.81666666666667
1.58333333333333
1.55
1.55
1.55
1.58333333333333
1.55
1.53333333333333
1.55
1.55
1.55
1.55
1.85
1.63333333333333
1.56666666666667
1.55
1.51666666666667
1.53333333333333
1.55
1.56666666666667
1.56666666666667
1.55
1.55
1.56666666666667
1.81666666666667
1.56666666666667
1.53333333333333
1.63333333333333
1.61666666666667
1.55
1.55
1.58333333333333
1.55
1.55
1.56666666666667
1.51666666666667
1.83333333333333
1.56666666666667
1.58333333333333
1.55
1.55
1.53333333333333
1.55
1.55
1.51666666666667
1.55
1.55
1.56666666666667
1.86666666666667
1.58333333333333
1.55
1.5
1.53333333333333
1.55
1.55
1.55
1.55
1.55
1.51666666666667
1.53333333333333
1.85
1.6
1.55
1.55
1.55
1.55
1.58333333333333
1.51666666666667
1.53333333333333
1.56666666666667
1.66666666666667
1.55
1.9
1.6
1.5
1.68333333333333
1.5
1.53333333333333
1.5
1.51666666666667
1.5
1.53333333333333
1.5
1.53333333333333
2.45
2.21666666666667
1.5
1.85
1.5
1.55
1.5
1.58333333333333
1.5
1.55
1.5
1.55
1.8
1.6
1.51666666666667
1.53333333333333
1.5
1.61666666666667
1.5
1.58333333333333
1.5
1.53333333333333
1.5
1.55
1.8
1.6
1.5
1.55
1.5
1.5
1.5
1.55
1.5
1.55
1.51666666666667
1.53333333333333
1.78333333333333
1.58333333333333
1.5
1.55
1.5
1.55
1.5
1.53333333333333
1.5
1.55
1.5
1.65
1.83333333333333
1.6
1.5
1.55
1.5
1.55
1.5
1.51666666666667
1.5
1.55
1.5
1.55
1.8
1.61666666666667
1.5
1.53333333333333
1.5
1.53333333333333
1.5
1.68333333333333
1.53333333333333
1.55
1.53333333333333
1.55
1.8
1.6
1.5
1.56666666666667
1.5
1.55
1.53333333333333
1.53333333333333
1.55
1.51666666666667
1.63333333333333
4.81666666666667
1.81666666666667
1.56666666666667
1.55
1.53333333333333
1.51666666666667
1.53333333333333
1.5
1.51666666666667
1.53333333333333
1.55
1.55
1.55
1.8
1.56666666666667
1.51666666666667
1.5
1.51666666666667
1.55
1.53333333333333
1.53333333333333
1.55
1.55
1.55
1.51666666666667
1.8
1.55
1.55
1.53333333333333
1.55
1.55
1.55
1.55
1.51666666666667
1.53333333333333
1.53333333333333
1.51666666666667
1.85
