3.7
4.1
3.93333333333333
3.6
6.5
3.33333333333333
2.93333333333333
3.83333333333333
3.3
3
3.06666666666667
4
8.1
3.73333333333333
3.46666666666667
3.23333333333333
4
3.4
3.16666666666667
3.53333333333333
4.03333333333333
4.63333333333333
3.33333333333333
3.5
7.53333333333333
4.23333333333333
3.6
3
4.4
3.8
4.4
3.83333333333333
3.23333333333333
3.33333333333333
2.93333333333333
3.33333333333333
3.6
3.4
3.16666666666667
3.13333333333333
4.1
3.33333333333333
3
3.36666666666667
3.2
3.16666666666667
5.3
4.06666666666667
3.5
3.4
4.03333333333333
3.26666666666667
3.86666666666667
3.53333333333333
2.9
3.03333333333333
3.2
3.26666666666667
3.5
3.26666666666667
4.33333333333333
4.33333333333333
3.23333333333333
3.06666666666667
3.76666666666667
4.03333333333333
3.26666666666667
3.46666666666667
3.2
3.9
4.1
3.73333333333333
3.23333333333333
3.6
3.23333333333333
3.06666666666667
3.6
3.6
2.96666666666667
3.23333333333333
3.03333333333333
3.1
3
4.23333333333333
3.63333333333333
3.46666666666667
3.16666666666667
3.36666666666667
3.6
3.4
3.93333333333333
3.56666666666667
3.1
3.16666666666667
3.33333333333333
3.53333333333333
4.26666666666667
5.3
3.8
2.96666666666667
3.66666666666667
3.23333333333333
3.1
3.23333333333333
3.9
3.13333333333333
2.83333333333333
3.43333333333333
3.46666666666667
3.43333333333333
3.66666666666667
3.03333333333333
4.13333333333333
3.63333333333333
3.06666666666667
3.56666666666667
3.3
5.3
3.33333333333333
3.33333333333333
3.4
3.36666666666667
3.26666666666667
3
3.63333333333333
4
3.3
3.53333333333333
3.06666666666667
3.36666666666667
3.36666666666667
3.4
3.23333333333333
3.26666666666667
3.46666666666667
3.2
4
3.3
3.06666666666667
3.3
3.26666666666667
3.43333333333333
3.8
3.4
3.56666666666667
3.5
3.63333333333333
3.16666666666667
3.5
3.36666666666667
3.1
4.06666666666667
3.16666666666667
3.3
3.43333333333333
3.6
3.33333333333333
3.56666666666667
3.4
3.06666666666667
3.5
3.3
3.13333333333333
3.26666666666667
3.06666666666667
3.56666666666667
3.26666666666667
3.6
3.2
3.3
3.23333333333333
3.16666666666667
3.56666666666667
3.4
3.3
3.33333333333333
3.1
3.1
3.06666666666667
4.06666666666667
3.73333333333333
3.2
3.03333333333333
3.36666666666667
3.76666666666667
3.86666666666667
2.93333333333333
3.6
3.53333333333333
3
3.23333333333333
3.86666666666667
4.2
3.4
3.16666666666667
3.13333333333333
3.76666666666667
3.43333333333333
3.36666666666667
3.86666666666667
3.13333333333333
3.86666666666667
3.26666666666667
3.76666666666667
4.03333333333333
3.4
3.03333333333333
2.93333333333333
3.76666666666667
3.53333333333333
3.1
3.76666666666667
3.73333333333333
3.26666666666667
3.16666666666667
3.26666666666667
3.26666666666667
3.36666666666667
3.3
4
4.36666666666667
3.4
3
3.2
3.03333333333333
2.96666666666667
2.93333333333333
3.43333333333333
3.3
3.73333333333333
3.9
3.6
3.66666666666667
3.73333333333333
3
3.3
3.06666666666667
3.73333333333333
3.43333333333333
3.6
4.66666666666667
4.7
3.16666666666667
3.1
3.53333333333333
3.3
3.06666666666667
3.46666666666667
3.46666666666667
3.23333333333333
2.96666666666667
3.26666666666667
3.76666666666667
3.36666666666667
3.16666666666667
4.5
3.93333333333333
3.23333333333333
3.1
3.43333333333333
3.1
3
3.26666666666667
4.56666666666667
13.8333333333333
3.86666666666667
3.43333333333333
3.33333333333333
4.2
3.6
3.06666666666667
3.53333333333333
5.46666666666667
3.46666666666667
3
3.93333333333333
3.4
3.7
3.7
3.26666666666667
3.73333333333333
3.43333333333333
3.23333333333333
3.13333333333333
3.1
3.16666666666667
6.2
3.83333333333333
