2.06666666666667
2
2.01666666666667
2
2.03333333333333
2
2.01666666666667
2
2.66666666666667
2.16666666666667
2.01666666666667
1.98333333333333
2.06666666666667
1.98333333333333
2.03333333333333
2.08333333333333
2.05
2
2.01666666666667
1.98333333333333
2.26666666666667
2
2.01666666666667
1.98333333333333
2.15
2.08333333333333
1.98333333333333
2
2.16666666666667
2.13333333333333
2.11666666666667
2.13333333333333
2.38333333333333
2.01666666666667
2.01666666666667
1.96666666666667
2.08333333333333
2
2.01666666666667
2
2.01666666666667
1.95
2.01666666666667
2.08333333333333
2.35
2.01666666666667
2.01666666666667
1.96666666666667
3.83333333333333
2.33333333333333
2
2
2.03333333333333
1.96666666666667
2.03333333333333
1.98333333333333
2.35
2.01666666666667
2.51666666666667
2.05
5.6
3.06666666666667
2.01666666666667
2
2
2
2.01666666666667
2
2.31666666666667
2
2
2
2.06666666666667
1.98333333333333
2.01666666666667
2
2.01666666666667
2
2.01666666666667
2
2.21666666666667
2
1.96666666666667
2.01666666666667
2.05
2.03333333333333
1.98333333333333
2.01666666666667
1.91666666666667
2.01666666666667
1.98333333333333
2
2.23333333333333
2.01666666666667
1.98333333333333
2.01666666666667
2.2
2.05
2.11666666666667
2.05
1.98333333333333
2.01666666666667
1.98333333333333
2.05
2.25
2.01666666666667
2
2.01666666666667
2
2.01666666666667
1.9
1.88333333333333
1.91666666666667
1.9
1.88333333333333
2.01666666666667
2.26666666666667
2.05
2.01666666666667
2.01666666666667
2.01666666666667
2.01666666666667
2
2.03333333333333
2.01666666666667
2.01666666666667
2.01666666666667
2.01666666666667
2.31666666666667
2.03333333333333
2.03333333333333
2.01666666666667
2.08333333333333
2.03333333333333
2.01666666666667
2.01666666666667
2.01666666666667
2.01666666666667
1.98333333333333
1.9
2.25
1.96666666666667
1.95
1.96666666666667
2.01666666666667
2.06666666666667
2.03333333333333
2.01666666666667
1.96666666666667
1.96666666666667
1.96666666666667
2.5
2.13333333333333
1.95
1.83333333333333
1.81666666666667
1.85
1.8
1.8
1.85
1.93333333333333
1.8
1.8
1.8
2.06666666666667
1.78333333333333
1.8
1.8
1.83333333333333
1.8
1.8
1.8
4.98333333333333
1.76666666666667
1.8
1.8
2.08333333333333
1.8
1.8
1.8
1.85
1.78333333333333
1.76666666666667
1.8
1.8
1.8
1.8
1.8
2.05
1.78333333333333
1.75
1.8
1.86666666666667
1.8
1.8
1.8
1.8
1.8
1.76666666666667
1.78333333333333
2.06666666666667
1.8
1.8
1.8
1.85
1.8
1.75
1.8
1.76666666666667
1.8
1.8
1.8
2.06666666666667
1.75
1.8
1.8
1.86666666666667
1.8
1.8
1.81666666666667
1.8
1.75
1.8
1.78333333333333
2.1
1.8
1.8
1.8
1.86666666666667
1.75
1.8
1.8
1.8
1.8
1.78333333333333
1.8
2.05
1.76666666666667
1.78333333333333
1.8
1.85
1.8
1.8
1.78333333333333
1.75
1.8
1.8
1.8
2.1
1.85
1.85
1.8
1.8
1.8
1.8
1.8
1.8
1.8
1.78333333333333
1.76666666666667
2.03333333333333
1.8
1.8
1.9
1.85
1.8
1.78333333333333
1.76666666666667
1.78333333333333
1.76666666666667
1.8
1.8
2.05
1.8
1.76666666666667
1.78333333333333
1.83333333333333
1.78333333333333
1.8
1.8
1.8
1.78333333333333
1.75
1.8
2.06666666666667
1.8
1.78333333333333
1.8
