1.2
2.6
1.4
1.2
1.2
1.2
1.2
1.2
1.2
1.2
1.2
1.2
1.2
1.2
1.4
1.2
1.2
1.2
1.33333333333333
1.2
1.2
1.26666666666667
1.2
1.2
1.2
1.2
1.33333333333333
1.2
1.2
1.2
1.2
1.2
1.2
1.26666666666667
1.2
1.2
1.2
1.2
1.4
1.2
1.2
1.2
1.2
1.2
1.2
1.2
1.2
1.2
1.2
1.2
1.4
1.2
1.2
1.13333333333333
1.2
1.2
1.2
1.2
1.2
1.2
1.2
1.2
1.4
16.0666666666667
1.6
1.2
1.2
1.2
1.2
1.2
1.2
1.2
1.2
1.2
1.4
1.26666666666667
1.2
1.2
1.13333333333333
1.2
1.2
1.2
1.2
1.2
1.2
1.2
1.4
1.2
1.2
1.13333333333333
1.2
1.2
1.2
1.2
1.2
1.2
1.2
1.2
1.4
1.2
1.2
1.2
1.2
1.2
1.2
1.2
1.2
1.93333333333333
1.2
1.2
1.4
1.33333333333333
1.2
1.2
1.2
2
1.86666666666667
1.2
1.26666666666667
1.26666666666667
1.2
1.2
1.4
1.2
1.2
1.2
1.2
1.2
1.2
1.2
1.2
1.2
1.2
1.2
1.4
1.2
1.2
1.2
1.2
1.2
1.2
1.33333333333333
1.2
1.2
1.2
1.4
1.4
1.2
1.2
1.13333333333333
1.2
1.33333333333333
1.2
1.26666666666667
1.2
1.2
1.2
1.2
1.4
1.2
1.2
1.2
1.2
1.2
1.2
1.2
1.2
1.2
1.2
1.2
1.4
1.2
1.2
1.2
1.2
1.26666666666667
1.2
3.33333333333333
1.26666666666667
1.26666666666667
1.26666666666667
1.2
1.4
1.13333333333333
1.2
1.2
1.2
1.2
1.2
1.2
1.2
1.4
1.2
1.2
1.4
1.2
1.26666666666667
1.2
1.2
1.26666666666667
1.2
1.2
1.2
1.2
1.2
2.06666666666667
1.33333333333333
2
2.2
1.2
1.2
1.2
1.2
1.4
1.2
1.2
1.2
1.2
1.4
1.2
1.26666666666667
1.13333333333333
1.2
1.2
1.2
1.2
1.2
1.2
1.2
1.2
1.4
1.33333333333333
1.2
1.2
1.2
1.2
1.2
1.2
1.2
1.2
1.2
1.2
1.4
1.2
1.13333333333333
1.2
1.2
1.2
1.2
1.26666666666667
1.2
1.2
1.26666666666667
1.2
1.4
1.2
1.2
1.2
1.2
1.2
1.2
1.2
1.2
1.2
1.2
1.2
1.4
1.2
1.2
1.2
1.13333333333333
1.2
1.2
1.13333333333333
1.2
1.2
1.2
1.2
1.4
1.2
1.2
1.2
1.2
1.2
1.2
1.2
1.2
1.33333333333333
