1.5
1.55
1.5
1.55
1.75
1.55
1.6
1.56666666666667
1.5
2.03333333333333
1.5
1.55
1.55
1.55
1.5
1.55
1.75
1.53333333333333
1.5
1.55
1.5
1.55
1.5
1.51666666666667
1.55
1.55
1.5
1.55
1.75
1.55
1.5
1.55
1.5
1.53333333333333
1.5
1.53333333333333
1.56666666666667
1.53333333333333
1.65
1.56666666666667
1.86666666666667
1.53333333333333
1.51666666666667
1.51666666666667
1.51666666666667
1.53333333333333
1.51666666666667
1.53333333333333
3.31666666666667
1.81666666666667
1.51666666666667
1.53333333333333
1.76666666666667
1.53333333333333
1.51666666666667
1.53333333333333
1.51666666666667
1.53333333333333
1.51666666666667
1.51666666666667
1.56666666666667
1.51666666666667
1.53333333333333
1.51666666666667
1.78333333333333
2.06666666666667
1.71666666666667
5.96666666666667
1.53333333333333
1.51666666666667
1.53333333333333
1.51666666666667
1.58333333333333
1.51666666666667
1.53333333333333
1.51666666666667
1.78333333333333
1.51666666666667
1.53333333333333
1.51666666666667
1.53333333333333
1.51666666666667
1.51666666666667
1.51666666666667
1.58333333333333
1.61666666666667
1.53333333333333
1.5
1.78333333333333
1.51666666666667
1.53333333333333
1.51666666666667
1.53333333333333
1.51666666666667
1.53333333333333
1.5
1.56666666666667
1.5
1.53333333333333
1.5
1.8
1.5
1.66666666666667
1.5
1.55
1.5
1.55
1.5
1.6
1.5
1.55
1.55
1.8
1.5
1.55
1.5
1.55
1.5
1.55
1.5
1.6
1.6
1.58333333333333
1.55
1.8
1.55
1.55
1.53333333333333
1.51666666666667
1.55
1.53333333333333
1.66666666666667
1.7
1.55
1.65
1.56666666666667
1.8
1.55
1.55
1.53333333333333
1.56666666666667
1.55
1.55
1.53333333333333
1.56666666666667
1.71666666666667
1.55
1.51666666666667
1.96666666666667
1.58333333333333
1.8
1.78333333333333
1.56666666666667
1.51666666666667
1.55
1.58333333333333
1.75
1.55
1.55
1.53333333333333
1.76666666666667
1.55
1.55
1.51666666666667
1.55
1.55
1.55
1.55
1.55
1.55
1.55
1.55
2.11666666666667
1.55
1.51666666666667
1.55
1.56666666666667
4.1
1.85
1.51666666666667
1.6
1.55
1.53333333333333
1.55
1.81666666666667
1.55
1.55
1.5
1.55
1.55
1.55
1.51666666666667
1.6
1.55
1.55
1.61666666666667
1.8
1.51666666666667
1.55
1.53333333333333
1.56666666666667
1.55
1.55
1.51666666666667
1.65
1.56666666666667
1.55
1.55
1.8
1.55
1.55
1.5
1.55
1.55
1.55
1.55
1.56666666666667
1.55
1.51666666666667
1.53333333333333
1.8
1.55
1.55
1.55
1.55
1.55
1.51666666666667
1.53333333333333
1.6
1.55
1.55
1.55
1.8
1.53333333333333
1.51666666666667
1.55
1.55
1.55
1.55
1.55
1.6
1.51666666666667
1.53333333333333
1.55
1.8
1.55
1.55
1.55
1.55
1.5
1.55
1.55
1.6
1.55
1.55
1.55
1.81666666666667
1.51666666666667
1.53333333333333
1.55
1.55
1.53333333333333
1.55
1.55
1.58333333333333
1.51666666666667
1.7
1.55
1.81666666666667
1.55
1.53333333333333
1.51666666666667
1.55
1.55
1.53333333333333
1.55
1.56666666666667
1.55
1.5
1.55
1.8
1.53333333333333
1.55
1.55
1.55
1.51666666666667
1.53333333333333
1.55
