16.7333333333333
13.0333333333333
9.23333333333333
13.9333333333333
12.2
12.0666666666667
13.5666666666667
12.2
10.6
15.7333333333333
13.0333333333333
15.1666666666667
11.2333333333333
12.8666666666667
10
9.66666666666667
17.6333333333333
21.2666666666667
11.8333333333333
10.7666666666667
9.06666666666667
11.5666666666667
11.7
11.6333333333333
14.6666666666667
15.2
10.9666666666667
10.3
4.73333333333333
4.66666666666667
3.73333333333333
7.53333333333333
6.73333333333333
9.1
15.4333333333333
9.06666666666667
8.4
2.86666666666667
2.4
5.88461538461538
2.7
3.96666666666667
1
1.63333333333333
1.73333333333333
2.73333333333333
1.83333333333333
1.63333333333333
1.56666666666667
1.1
1
1.03333333333333
1.13333333333333
1.3
1.1
1.1
2.3
1.06666666666667
1.23333333333333
1.1
1.16666666666667
1.06666666666667
1.16666666666667
1.1
1.1
2.36666666666667
3.83333333333333
4.9
3.03333333333333
1.36666666666667
1
1.2
1.06666666666667
1.33333333333333
1.73333333333333
1.06666666666667
1.2
1.2
1.06666666666667
2.96666666666667
1.9
2.03333333333333
1.9
1.9
1.03333333333333
1.1
1
1.1
2.23333333333333
1.33333333333333
1.23333333333333
1.23333333333333
1
1.1
1.06666666666667
1.16666666666667
1
1
2.16666666666667
1.16666666666667
1.33333333333333
1.2
1.2
1.16666666666667
1.1
1.03333333333333
1.16666666666667
1.03333333333333
1
1.83333333333333
1.63333333333333
1.2
1.2
1.5
1.5
1.5
1.5
1.6
1.5
1.5
1.5
2.63333333333333
1.5
1.53333333333333
1.5
1.56666666666667
1.5
1.5
1.5
1.5
1.5
2.53333333333333
1.5
1.5
1.5
1.5
2.36666666666667
9.4
1.4
1.5
1.5
2.6
1.4
1.16666666666667
1.1
1.1
1.06666666666667
1.13333333333333
1.13333333333333
1.2
1
2.23333333333333
1.16666666666667
1.16666666666667
1.1
1
1
1.1
1.06666666666667
7.03333333333333
1.1
1.1
1.03333333333333
2.33333333333333
1.06666666666667
1.16666666666667
1.1
1.13333333333333
1.06666666666667
1
1
1
1
1.26666666666667
2.3
1.16666666666667
1.1
1.03333333333333
1.03333333333333
1.16666666666667
1.23333333333333
1.1
1.23333333333333
1
1.2
1.16666666666667
2.3
1.13333333333333
1.3
1.1
1.03333333333333
1.23333333333333
1
1
1.1
1.13333333333333
1.3
2.06666666666667
1.66666666666667
1.2
1.03333333333333
1.23333333333333
1.1
2.43333333333333
1.03333333333333
1.1
2.36666666666667
10.7333333333333
5.8
3.73333333333333
7.56666666666667
13.3
10.1333333333333
4.03333333333333
9.5
8.5
7.23333333333333
11.6
8.16666666666667
5.66666666666667
17.2333333333333
19.6
7.9
12.6
15.9666666666667
14.3333333333333
16
12.1333333333333
10.1
17.1333333333333
11.1333333333333
16.2
17
22.6
11.0333333333333
10.4333333333333
7.86666666666667
12.1666666666667
17.5333333333333
19.6
13.1
10.6666666666667
13.7
16.1333333333333
19.4333333333333
21.5
12.1
18.7
34.1
18.5666666666667
13
11.6666666666667
10.4666666666667
12.5333333333333
7.46666666666667
7.86666666666667
7
6.63333333333333
8.76666666666667
7.7
11.4333333333333
13.7
14.3
13.0333333333333
12.8
10.1666666666667
12.6666666666667
18.8
14.0666666666667
10.8666666666667
9.06666666666667
13.6
16.2333333333333
17.8
18.7666666666667
15.4666666666667
18.8
13.9
16.0333333333333
17.0666666666667
12.4333333333333
10.9333333333333
13.7
12.6333333333333
8.53333333333333
11.5333333333333
12.7
14.2
