2
2
2
2
2
6.26666666666667
5.85
2
2.03333333333333
2.11666666666667
2
2
2.6
2
2.05
2
5.9
2.05
2.05
2.01666666666667
2
2.05
2
2
2
2
2
2
2
2.05
2
2
2
2
2
2
2
2
2
2.03333333333333
2.08333333333333
2.05
2.01666666666667
2.03333333333333
1.98333333333333
2.01666666666667
2
2
2
2
2
2
2
2.05
2
2
2
2
2
2
2
2
2
2
2
2.08333333333333
2.01666666666667
2.05
2
2
2
2
2
2
2
2
2
2.05
2
2.01666666666667
2
2
2
2
2
2
2
2.03333333333333
2
2.05
2
2
2
2
2.01666666666667
2
2
2
2
2
2
2.08333333333333
2
2
2
1.96666666666667
1.98333333333333
2
2
2
2
2
2
2.05
2
1.98333333333333
1.98333333333333
2
2
2
2
2
2
2.01666666666667
2
2.05
2
1.98333333333333
2
2.01666666666667
2
2
2
2
2
6.4
2
2.05
2
2
2
2
2
2
2
2.01666666666667
2
2
2
2.05
2
2
2
2
2
2.03333333333333
2.03333333333333
2
2
2
2
2.05
2
2
2
2
2
2
2
2.01666666666667
2
2
1.98333333333333
2.05
2
2
2
2
2
2
2
2
2.01666666666667
2.03333333333333
2
2.1
2
2
2
2
2.05
2
2
2
2
2
2
2.05
2
2
2
2.71666666666667
2.7
2
2.65
2.06666666666667
2.38333333333333
2.31666666666667
2.28333333333333
2.06666666666667
2.01666666666667
2
2
2
2
2
2
2
2
2
2
2.08333333333333
2
2
2
2
1.98333333333333
2
2
2
2.05
2.91666666666667
4.76666666666667
3.43333333333333
2.95
2.2
2.23333333333333
3.38333333333333
2.68333333333333
3.56666666666667
2.21666666666667
2.63333333333333
3.06666666666667
2.31666666666667
2.98333333333333
2.65
2.18333333333333
2.3
2.21666666666667
2.16666666666667
2.2
2.23333333333333
2.83333333333333
6.96666666666667
4.45
2.1
2.03333333333333
2.18333333333333
3.48333333333333
2.81666666666667
3.45
6
8.83333333333333
2.75
2.41666666666667
7.3
4.9
2.45
2.48333333333333
2.51666666666667
2.56666666666667
3.21666666666667
2.21666666666667
2.08333333333333
3.23333333333333
12.4
17.9
13.9833333333333
25.6166666666667
7.96666666666667
6.76666666666667
2.11666666666667
2.21666666666667
7
6.1
6.23333333333333
2.15
3.96666666666667
