13.6333333333333
13.5333333333333
13.3666666666667
14
13.5
13.4666666666667
13.6333333333333
13.6666666666667
13.5333333333333
13.5666666666667
13.6333333333333
13.4333333333333
13.5333333333333
13.6666666666667
13.6
13.4666666666667
13.6666666666667
13.7666666666667
14.6666666666667
13.5333333333333
13.3666666666667
13.4666666666667
13.4
13.3666666666667
13.0666666666667
14.5
13.9666666666667
13.4666666666667
13.5333333333333
13.5333333333333
13.5333333333333
13.6
13.5
13.7
13.5666666666667
13.7333333333333
13.4666666666667
14.4666666666667
12.7
13.4666666666667
13.4666666666667
13.6
13.8666666666667
13.7666666666667
13.8
13.5333333333333
13.5666666666667
13.5
13.5666666666667
13.5333333333333
13.6
13.5666666666667
13.5333333333333
13.5666666666667
13.5
13.5333333333333
13.6666666666667
13.4
13.1666666666667
14.6666666666667
13.4666666666667
13.5
13.6333333333333
13.4333333333333
13.4
13.3666666666667
13.0333333333333
13.7666666666667
13.7333333333333
13.6666666666667
13.4333333333333
13.4
13.4666666666667
13.4666666666667
13.4333333333333
12.8666666666667
13.8
13.6
13.7
12.7666666666667
13.7666666666667
13.7666666666667
13.7333333333333
14.5666666666667
13.4333333333333
13.3666666666667
13.4666666666667
13.1333333333333
13.6666666666667
13.7
13.6666666666667
12.9333333333333
13.7
13.7666666666667
13.7666666666667
13.6666666666667
13.5666666666667
13.3666666666667
13.3333333333333
13.4333333333333
13.4
13.3666666666667
13.6
14.5
13.8666666666667
13.4666666666667
13.5333333333333
13.6333333333333
13.5333333333333
13.5666666666667
13.6666666666667
13.5
13.5333333333333
13.5
13.6333333333333
13.6
13.6666666666667
13.6
13.7666666666667
13.7333333333333
13.6333333333333
13.5
13.4333333333333
13.3333333333333
13.4666666666667
14.6333333333333
13.4666666666667
13.3666666666667
13.3333333333333
13.3666666666667
13.4666666666667
13.6666666666667
13.6666666666667
13.4666666666667
13.5333333333333
13.4
13.4666666666667
13.6333333333333
13.5666666666667
13.3666666666667
13.6
13.3333333333333
13.4666666666667
13.5333333333333
13.6333333333333
13.5333333333333
13.5666666666667
14.6333333333333
13.4333333333333
13.4333333333333
13.4333333333333
13.4333333333333
13.4
13.4666666666667
13.4333333333333
13.5333333333333
13.5666666666667
13.5666666666667
13.4666666666667
13.3666666666667
13.4
13.6
13.5666666666667
13.4333333333333
13.4
13.5
14.5666666666667
13.4666666666667
13.5
13.4
15.7
13.5333333333333
13.6666666666667
13.6333333333333
13.6
13.4333333333333
13.4
13.5666666666667
13.5
13.4333333333333
13.4666666666667
13.4333333333333
13.4333333333333
13.5
13.5333333333333
13.5666666666667
13.5666666666667
13.5
13.3666666666667
14.5666666666667
13.5
13.4666666666667
13.5666666666667
13.6666666666667
13.6333333333333
13.4666666666667
13.4333333333333
13.5666666666667
13.7
13.5666666666667
13.5
13.6
13.5666666666667
13.5666666666667
13.5666666666667
13.1
12.5333333333333
12.4
12.6
13.6333333333333
12.5666666666667
12.3666666666667
12.7
12.4
12.4333333333333
12.8
12.6666666666667
12.6
12.5333333333333
12.4666666666667
12.5
12.7666666666667
12.9
12.7666666666667
12.5666666666667
12.6666666666667
12.5666666666667
12.5333333333333
13.6666666666667
12.5
12.5333333333333
12.6333333333333
13.6666666666667
12.5
12.6333333333333
12.8333333333333
12.6666666666667
12.5333333333333
12.4666666666667
12.5
12.6666666666667
12.6666666666667
12.6
12.6333333333333
12.7
12.6
12.6666666666667
12.6
12.7
13.6666666666667
12.5
12.5
12.6
12.5
12.5333333333333
12.6333333333333
12.6
12.4666666666667
12.7333333333333
12.4666666666667
12.6333333333333
12.4
12.4333333333333
12.4666666666667
12.5666666666667
12.7666666666667
12.6
12.8666666666667
12.5333333333333
12.5333333333333
12.6666666666667
12.5
13.7
12.7333333333333
12.7333333333333
13.2
13.6333333333333
13.3666666666667
13.1
13.7666666666667
13.8
13.1666666666667
13.3
13.8666666666667
13.8
13.7666666666667
13.7666666666667
13.5333333333333
