11.4666666666667
10.4
10.4666666666667
10.2
11.7333333333333
12.8
11.2666666666667
11.6
11.8
12.4
12.8
11.9333333333333
11.9333333333333
12.1333333333333
11.1333333333333
12.2666666666667
11.6666666666667
11.3333333333333
12.4666666666667
12.2
12
11.9333333333333
12.9333333333333
11.0666666666667
11.2
11.0666666666667
10.8666666666667
11.0666666666667
11
12.2
12
11.2666666666667
11.8666666666667
11.6
11.9333333333333
13.4
13.8666666666667
13.7333333333333
12.8
12.4666666666667
15.4
13.0666666666667
14.2
13.7333333333333
13
12
12.7333333333333
11.4666666666667
11.2666666666667
11.8
11.8
11.4666666666667
12.2
12.6
12.6
12.2666666666667
11.8666666666667
11.9333333333333
11.7333333333333
12.3333333333333
12.3333333333333
12.6666666666667
12.2
11.6
11.4
11.4
10.9333333333333
12.4666666666667
12
12.3333333333333
12.8
13.1333333333333
11.8666666666667
12.0666666666667
12.8
13.0666666666667
11.8666666666667
12.8
13.0666666666667
11.5333333333333
10.7333333333333
10.2666666666667
10.2666666666667
10.1333333333333
9.86666666666667
10.1333333333333
10.4
11.2
11.0666666666667
11.1333333333333
10.8
10.6
10.8666666666667
10.8666666666667
10.9333333333333
11.4666666666667
11.0666666666667
10.7333333333333
10.6666666666667
10.4
10.6666666666667
12.7333333333333
10.2666666666667
3.73333333333333
1.06666666666667
1.06666666666667
1.2
1.06666666666667
1.26666666666667
1.2
1.06666666666667
1.2
1.2
1.2
1.06666666666667
1.06666666666667
1.2
1.06666666666667
1.2
1.2
1.33333333333333
1.06666666666667
1.2
1.13333333333333
1.2
1.06666666666667
1.2
1.2
1.2
1.06666666666667
1.06666666666667
1.06666666666667
1.26666666666667
1.2
1.33333333333333
1.2
1.06666666666667
1.46666666666667
3.46666666666667
1.2
1.2
1.2
1.13333333333333
1.26666666666667
1.33333333333333
1.06666666666667
1.2
1.2
1.2
1.06666666666667
1.06666666666667
1.06666666666667
1.2
1.2
1.2
1.53333333333333
3.26666666666667
1.2
1.2
1.2
1.2
1.06666666666667
1.06666666666667
1.06666666666667
1.2
1.2
1.06666666666667
1.2
1.26666666666667
1.06666666666667
1.2
1
1.13333333333333
1.06666666666667
1.2
1.2
1.2
1.06666666666667
1.06666666666667
1.06666666666667
1.26666666666667
0.933333333333333
1.06666666666667
1.2
1.2
1.2
1
1.13333333333333
4.2
1.2
4.4
1.2
1.26666666666667
1.06666666666667
1.6
1.06666666666667
1.93333333333333
1.2
0.8
1.2
1.2
1.06666666666667
1.2
1.06666666666667
1.26666666666667
1.06666666666667
1.2
1.2
1.06666666666667
1.2
1.06666666666667
2.66666666666667
1.06666666666667
1.2
1.2
1.06666666666667
1.26666666666667
1.06666666666667
1.2
1.2
1.2
1.2
1.66666666666667
1.2
1.2
1.06666666666667
1.2
1.2
1.26666666666667
1.13333333333333
1.06666666666667
1.2
1.06666666666667
1.2
0.933333333333333
1.06666666666667
1.2
1.06666666666667
1
1.13333333333333
1.33333333333333
1.2
1.13333333333333
1.13333333333333
1.13333333333333
1.13333333333333
1.06666666666667
1.2
1.2
1.2
1.13333333333333
1.13333333333333
1.06666666666667
1.2
1.2
1.2
1.2
1.06666666666667
1.06666666666667
1.06666666666667
1.2
1.2
1.2
1.13333333333333
1.33333333333333
1.06666666666667
1.06666666666667
1.2
1.2
1.2
1.06666666666667
1.2
1.06666666666667
1.06666666666667
1.13333333333333
1.2
1.2
1.2
1.06666666666667
1.06666666666667
1.2
1.2
1.2
0.933333333333333
1.06666666666667
1.2
1.6
1.2
