6.675
6.68958333333333
6.70625
6.67708333333333
6.69166666666667
6.69791666666667
6.71041666666667
6.70833333333333
6.70625
6.66041666666667
6.75208333333333
6.68958333333333
6.68333333333333
6.675
6.67291666666667
6.6625
6.70416666666667
6.67916666666667
6.68541666666667
6.68541666666667
6.67916666666667
6.69791666666667
6.71875
6.7
6.67708333333333
6.70208333333333
6.69375
6.65416666666667
6.70416666666667
6.71458333333333
6.71458333333333
6.69583333333333
6.72083333333333
6.69166666666667
6.74791666666667
6.7
6.65208333333333
6.68958333333333
6.71458333333333
6.6625
6.7125
6.70208333333333
6.68333333333333
6.68541666666667
6.71458333333333
6.66666666666667
6.73333333333333
6.73541666666667
6.67083333333333
6.69375
6.70208333333333
6.64375
6.65
6.68958333333333
6.68958333333333
6.68125
6.68541666666667
6.71458333333333
6.7625
6.7
6.68958333333333
6.69375
6.69583333333333
6.66041666666667
6.74166666666667
6.71875
6.69791666666667
6.69375
6.7125
6.69583333333333
6.73333333333333
6.67708333333333
6.64583333333333
6.68125
6.67916666666667
6.64375
6.68541666666667
6.67708333333333
6.70416666666667
6.6875
6.675
6.7
6.74375
6.69583333333333
6.63958333333333
6.72083333333333
6.68333333333333
6.70833333333333
6.67916666666667
6.74583333333333
6.67916666666667
6.70208333333333
6.67916666666667
6.68958333333333
6.72291666666667
6.74583333333333
6.65625
6.72291666666667
6.68333333333333
6.6875
6.7375
6.65625
6.66041666666667
6.6375
6.65
6.61875
6.69166666666667
6.63958333333333
6.6125
6.6375
6.66458333333333
6.61666666666667
6.67291666666667
6.62916666666667
6.67291666666667
6.60208333333333
6.60833333333333
6.62083333333333
6.71875
6.64375
6.62291666666667
6.64791666666667
6.64583333333333
6.60625
6.64791666666667
6.66666666666667
6.65833333333333
6.6625
6.64791666666667
6.62916666666667
6.74791666666667
6.65625
6.59583333333333
6.65625
6.65
6.62916666666667
6.63541666666667
6.63333333333333
6.67083333333333
6.65208333333333
6.65833333333333
6.60833333333333
6.66666666666667
6.6625
6.625
6.63958333333333
6.65
6.59791666666667
6.76041666666667
6.80625
6.63958333333333
6.65208333333333
6.7375
6.65208333333333
6.72916666666667
6.68541666666667
6.625
6.63125
6.67291666666667
6.625
6.66458333333333
6.66875
6.625
6.6625
6.67291666666667
6.63958333333333
6.70416666666667
6.65416666666667
6.61458333333333
6.65
6.66875
6.63333333333333
6.65208333333333
6.67708333333333
6.67916666666667
6.6625
6.6625
6.63958333333333
6.70625
6.66666666666667
6.63958333333333
6.67291666666667
6.66666666666667
6.64791666666667
6.675
6.66666666666667
6.65833333333333
6.63958333333333
6.66666666666667
6.65
6.70208333333333
6.68333333333333
6.65833333333333
6.66458333333333
6.67708333333333
6.61666666666667
6.6625
6.7
6.675
6.67083333333333
6.65833333333333
6.62916666666667
6.725
6.68125
6.64375
6.65625
6.65416666666667
6.61666666666667
6.6625
6.66666666666667
6.63333333333333
6.63958333333333
6.67291666666667
6.625
6.71666666666667
6.64166666666667
6.63333333333333
6.66041666666667
6.67083333333333
6.63541666666667
6.65
6.67916666666667
6.65625
6.64791666666667
6.625
6.61875
6.71875
6.65833333333333
6.61666666666667
6.64375
6.675
6.64583333333333
6.68125
6.65
6.64791666666667
6.64166666666667
6.66875
6.64166666666667
6.70208333333333
6.63125
6.60416666666667
6.64375
6.65833333333333
6.60208333333333
6.64375
6.66666666666667
6.68958333333333
6.65
6.65625
6.6
6.77291666666667
6.66458333333333
6.625
6.65625
6.625
6.61666666666667
6.65
6.66666666666667
6.64166666666667
6.63333333333333
6.6875
6.62916666666667
6.69583333333333
6.66666666666667
6.59166666666667
6.66875
6.66666666666667
6.6375
6.65208333333333
6.63541666666667
6.65416666666667
6.67083333333333
6.67291666666667
6.62916666666667
6.69375
6.65625
6.69583333333333
6.65833333333333
6.74166666666667
6.625
6.73958333333333
6.6875
6.68958333333333
6.67916666666667
6.73333333333333
6.64791666666667
6.71666666666667
6.73541666666667
