2
2.03333333333333
2.13333333333333
2.2
2.06666666666667
2.63333333333333
2.1
2.46666666666667
2
2.36666666666667
2.3
2.06666666666667
2.53333333333333
2
2.23333333333333
2.13333333333333
2.23333333333333
2.56666666666667
2.06666666666667
2.2
2.06666666666667
2.13333333333333
2.33333333333333
2.36666666666667
2.13333333333333
2.16666666666667
2.26666666666667
2
2.1
2.06666666666667
2.3
2.3
2.2
2.06666666666667
2
2.5
2
2.4
2
2
2.33333333333333
2.2
2.03333333333333
2.06666666666667
2.03333333333333
2.13333333333333
2.03333333333333
2.16666666666667
2.36666666666667
2.26666666666667
2.03333333333333
2
2.03333333333333
2.03333333333333
2.06666666666667
2
2
2.1
2.26666666666667
2.06666666666667
2.2
2.2
2.1
2.46666666666667
2
2.26666666666667
2
2.46666666666667
2.2
2.1
2
2.16666666666667
2.06666666666667
2.1
2.06666666666667
2.13333333333333
2.36666666666667
2.13333333333333
2.2
2.1
2.3
2.1
2.06666666666667
2.2
2.2
2.36666666666667
2
2.3
2.43333333333333
2.6
2.13333333333333
2.13333333333333
2.2
2.26666666666667
2.1
2.23333333333333
2.2
2.16666666666667
2.13333333333333
2
2
2
2.23333333333333
2.1
2.3
2
2.13333333333333
2.16666666666667
2.4
2.03333333333333
2.4
2.23333333333333
2.2
2.33333333333333
2.03333333333333
2.33333333333333
2
2
2.13333333333333
2.4
2.03333333333333
2.03333333333333
2
2.53333333333333
2.2
2.16666666666667
2
2
2.06666666666667
2.2
2.06666666666667
2.5
2.13333333333333
2.06666666666667
2.06666666666667
2.33333333333333
2.26666666666667
2
2.1
2.4
2.33333333333333
2.06666666666667
2.1
2.06666666666667
2.46666666666667
2.03333333333333
2
2.46666666666667
2
2.06666666666667
2
3.23333333333333
2
2.1
2.1
2.3
2.1
2.36666666666667
2
2.1
2.36666666666667
2
2.1
2.1
2
2.23333333333333
2.16666666666667
2.1
2.33333333333333
2
2
2
2.23333333333333
2.03333333333333
2.3
2.13333333333333
2.33333333333333
2
2.33333333333333
2
2.86666666666667
2.03333333333333
2
2
2.13333333333333
2.4
2.2
2.06666666666667
2
2.33333333333333
2.03333333333333
2
2.56666666666667
2
2.03333333333333
2.06666666666667
2.06666666666667
2.26666666666667
2
2.03333333333333
2.06666666666667
2.4
2
2.06666666666667
2.03333333333333
2.4
2.36666666666667
2.3
2.36666666666667
2.2
2
2
2.03333333333333
2.26666666666667
2
2
2.23333333333333
2.66666666666667
2
2
2.06666666666667
2.43333333333333
2.33333333333333
2.46666666666667
2.13333333333333
2.53333333333333
2.23333333333333
2
2
2.06666666666667
2
1.73333333333333
1.56666666666667
1.8
1.5
1.5
1.66666666666667
1.5
1.5
1.76666666666667
2
1.9
1.63333333333333
1.83333333333333
1.86666666666667
1.93333333333333
2.1
1.66666666666667
1.53333333333333
2.06666666666667
2
1.6
2
2
1.83333333333333
1.5
1.93333333333333
2.3
2.13333333333333
2
2.16666666666667
1.8
1.5
1.5
1.73333333333333
1.96666666666667
1.8
1.63333333333333
1.5
1.53333333333333
1.56666666666667
1.5
1.5
1.7
1.63333333333333
1.5
1.56666666666667
1.6
1.76666666666667
1.76666666666667
1.6
1.96666666666667
1.5
1.9
1.5
1.5
1.5
1.5
