3.28333333333333
2.26666666666667
2.26666666666667
5.2
3.13333333333333
2.15
2.21666666666667
2.16666666666667
2.21666666666667
2.16666666666667
2.28333333333333
2.23333333333333
2.35
2.2
2.38333333333333
2.31666666666667
2.25
2.2
2.2
2.13333333333333
2.31666666666667
2.15
2.2
2.13333333333333
2.25
2.2
2.2
2.15
2.18333333333333
2.25
2.21666666666667
2.31666666666667
2.21666666666667
2.21666666666667
2.2
2.3
2.2
2.4
2.18333333333333
2.1
2.2
2.15
2.15
2.2
2.28333333333333
2.16666666666667
2.45
2.28333333333333
2.3
2.31666666666667
2.65
2.13333333333333
2.2
2.2
2.21666666666667
2.23333333333333
4.4
3.4
3.48333333333333
2.8
2.76666666666667
2.91666666666667
3.48333333333333
3.03333333333333
2.5
2.58333333333333
2.7
3.46666666666667
2.36666666666667
2.2
2.23333333333333
2.16666666666667
2.6
2.25
2.25
2.2
2.31666666666667
2.46666666666667
2.23333333333333
2.33333333333333
2.21666666666667
2.16666666666667
2.3
2.16666666666667
2.18333333333333
2.16666666666667
2.28333333333333
2.21666666666667
2.26666666666667
2.16666666666667
2.61666666666667
2.46666666666667
2.2
2.16666666666667
2.48333333333333
2.26666666666667
2.51666666666667
2.45
2.13333333333333
2.4
2.25
2.4
2.58333333333333
2.55
2.2
2.31666666666667
2.25
4.7
2.66666666666667
3.15
3.1
2.98333333333333
3.08333333333333
2.91666666666667
3.6
3.15
2.98333333333333
3
2.96666666666667
2.91666666666667
3.46666666666667
3.33333333333333
2.95
2.8
2.83333333333333
2.71666666666667
3.65
3.26666666666667
2.95
3.15
2.95
2.81666666666667
3
3.43333333333333
3.1
2.85
3.21666666666667
2.96666666666667
4.43333333333333
7.08333333333333
18.6833333333333
16.9333333333333
15.55
16.7833333333333
15.5333333333333
16.35
16.6
15.2666666666667
17.1
15.9
17.6
16.7
17.75
19.0833333333333
19.6833333333333
19.35
23.6166666666667
12.2
18.8166666666667
19.2
24.6
23.5833333333333
24.6333333333333
24.6166666666667
24.4166666666667
24.7833333333333
22.55
19.2333333333333
19.3666666666667
19.5166666666667
19.9333333333333
19.4
19.8666666666667
19.3666666666667
19.2166666666667
19.3
20.3333333333333
20.95
19.7333333333333
20.4333333333333
21.3
20.7166666666667
20.3166666666667
20.9333333333333
20.0166666666667
20.4
21.7166666666667
20.6833333333333
11.6
2.98333333333333
3.1
3
3.38333333333333
3.05
3.25
2.85
2.78333333333333
2.95
4.2
3.38333333333333
3.03333333333333
2.91666666666667
3.1
2.91666666666667
2.8
2.88333333333333
2.98333333333333
2.76666666666667
2.85
2.91666666666667
3.31666666666667
3.3
2.88333333333333
2.81666666666667
2.85
2.95
4.86666666666667
5.4
2.88333333333333
2.85
2.78333333333333
2.88333333333333
3.98333333333333
4.48333333333333
10.9666666666667
5.01666666666667
2.81666666666667
2.86666666666667
2.86666666666667
9.7
7.3
2.73333333333333
2.86666666666667
2.76666666666667
3.16666666666667
3.11666666666667
2.98333333333333
2.9
2.86666666666667
2.88333333333333
3.06666666666667
2.81666666666667
2.83333333333333
2.81666666666667
2.95
2.73333333333333
2.71666666666667
2.9
2.91666666666667
2.98333333333333
2.9
3.1
2.96666666666667
2.88333333333333
2.93333333333333
2.78333333333333
2.83333333333333
2.9
2.83333333333333
2.8
3.06666666666667
2.86666666666667
2.95
2.86666666666667
3.91666666666667
2.86666666666667
2.83333333333333
3.35
2.75
2.83333333333333
3.06666666666667
2.73333333333333
2.81666666666667
2.75
2.81666666666667
2.75
4.13333333333333
2.83333333333333
2.81666666666667
3
2.78333333333333
2.76666666666667
2.83333333333333
2.88333333333333
2.86666666666667
2.8
2.88333333333333
2.86666666666667
