5
5.76666666666667
8.4
6.96666666666667
4.96666666666667
5.2
5
5.2
4.96666666666667
5.1
5
5.2
5
5.26666666666667
8.16666666666667
5.2
5
5.16666666666667
5
5.3
5
5.16666666666667
5
5.2
5
5.26666666666667
7.53333333333333
5.2
4.93333333333333
5.2
5
5.3
5
5.46666666666667
9.1
7.1
6.56666666666667
5.26666666666667
7.43333333333333
5.2
5
5.2
5
5.3
5
5.13333333333333
5
5.2
5.06666666666667
7.7
8.5
6.6
9.1
6.3
5
6.4
9.33333333333333
9.4
7.4
5.16666666666667
5
6.3
9.46666666666667
6.7
6.33333333333333
5.76666666666667
5
5.7
5.1
5.2
5.56666666666667
6.56666666666667
5
9.03333333333333
9.9
5.2
5
5.13333333333333
5
6.73333333333333
6.83333333333333
5.3
5.1
8.13333333333333
5.86666666666667
5.36666666666667
7.33333333333333
5.2
5
5.16666666666667
5
5.3
6
5.16666666666667
5
8.53333333333333
9.16666666666667
8.96666666666667
7.6
5.13333333333333
5.06666666666667
5.06666666666667
5.03333333333333
5.46666666666667
5.06666666666667
5.06666666666667
5.03333333333333
7.63333333333333
5.06666666666667
5.23333333333333
8.4
5.06666666666667
5.13333333333333
5.06666666666667
5.13333333333333
5.16666666666667
5.13333333333333
5.06666666666667
5.1
5.06666666666667
5.13333333333333
5.16666666666667
7.53333333333333
5.06666666666667
5.13333333333333
5.93333333333333
5.13333333333333
5.1
5.13333333333333
4.9
5.1
5
5.06666666666667
5.13333333333333
7.6
5
5.2
5
5.13333333333333
5.1
5.13333333333333
5
5.13333333333333
5
5.16666666666667
5.13333333333333
7.5
5.5
5.16666666666667
5
5.13333333333333
5.1
5.5
9
5.5
8.23333333333333
5.3
5.13333333333333
7.56666666666667
8.8
7.73333333333333
5
5.1
5.1
5.1
4.9
5.3
6.93333333333333
6.63333333333333
5.23333333333333
9.6
5.23333333333333
5.36666666666667
5
5.1
5.1
5.1
5
5.1
5
5.1
7.66666666666667
10.2
6.53333333333333
5.13333333333333
7.3
7
5.1
5.13333333333333
5.26666666666667
5.2
5
5.2
7.6
7.93333333333333
5
5.13333333333333
5
5.16666666666667
5.1
5.9
7.93333333333333
9.33333333333333
5.93333333333333
6.9
5.2
8.9
10.6666666666667
5.83333333333333
5
6.5
7.16666666666667
5.53333333333333
5.13333333333333
9.4
5.26666666666667
5.1
7.63333333333333
9.2
5
7.43333333333333
5
5.16666666666667
5.76666666666667
7.63333333333333
6.1
5.2
7.3
6.7
5.13333333333333
8.5
5
5.1
5
5.13333333333333
5.16666666666667
5.1
5
5.2
5
5.1
5.16666666666667
7.63333333333333
5
5.16666666666667
5
5.2
5.1
5.2
5
5.2
5
5.2
5.1
7.4
5
6.3
8.03333333333333
5.2
5.1
5.2
5
5.2
5
5.2
5.66666666666667
7.93333333333333
5
5.2
5
6.56666666666667
9.4
9.26666666666667
6.86666666666667
5.1
5
5.2
5.9
8.83333333333333
5.23333333333333
5.13333333333333
5
5.33333333333333
5.26666666666667
5.2
7.96666666666667
6.06666666666667
5
