2.2
2.2
2.66666666666667
2
2.13333333333333
5.8
2.2
2.06666666666667
2.13333333333333
2.46666666666667
2
2.6
2.46666666666667
2.2
2.13333333333333
2.33333333333333
2.2
5.8
2.93333333333333
2.13333333333333
2.46666666666667
2
2.06666666666667
2.26666666666667
2.13333333333333
2.2
2.06666666666667
2.33333333333333
2.53333333333333
5.66666666666667
2.26666666666667
2.33333333333333
2.53333333333333
2.2
2
2.06666666666667
2.13333333333333
2.33333333333333
2.06666666666667
2
2.4
6.13333333333333
2.4
2.13333333333333
2.06666666666667
2.26666666666667
2.33333333333333
2.26666666666667
2.06666666666667
2.2
2.2
2.06666666666667
2.2
6
2.6
2.13333333333333
2.26666666666667
2
2
2.06666666666667
2
2.2
2.06666666666667
2.06666666666667
2.13333333333333
6.2
2.4
2.2
2.4
2.2
2
2.13333333333333
2.4
2.33333333333333
2.06666666666667
2.13333333333333
2.13333333333333
5.8
3
2.46666666666667
2.06666666666667
2
2.13333333333333
2.2
2.2
2.33333333333333
2.06666666666667
2
2
2.13333333333333
2.06666666666667
2.13333333333333
2.46666666666667
2
2.13333333333333
2.06666666666667
2.13333333333333
2.06666666666667
2
2
2.13333333333333
2.33333333333333
2.26666666666667
2.26666666666667
2.2
2.13333333333333
2.13333333333333
2.26666666666667
2.46666666666667
2.26666666666667
2.26666666666667
2.13333333333333
2.06666666666667
2.13333333333333
2.13333333333333
2.2
2
2
2.06666666666667
2.06666666666667
2.13333333333333
2.06666666666667
2.06666666666667
2.06666666666667
2.2
2.06666666666667
2.26666666666667
2.13333333333333
2.06666666666667
2.2
2.2
2.2
2.13333333333333
2.2
2.06666666666667
2.13333333333333
2.06666666666667
2.13333333333333
2.13333333333333
2.06666666666667
2.4
2.13333333333333
2
2.13333333333333
2.46666666666667
2.06666666666667
2
2.2
2.13333333333333
2.13333333333333
2.06666666666667
2.13333333333333
2.53333333333333
2.46666666666667
2.06666666666667
2.06666666666667
2.06666666666667
2
2
2.06666666666667
2
2.2
2.06666666666667
2
2
2.06666666666667
2
2
2
2.13333333333333
2.2
2
2.26666666666667
4.86666666666667
2
2.13333333333333
2.2
2
2
2.13333333333333
2.13333333333333
2
2
2.4
2
2
2
2.13333333333333
2.33333333333333
2
2.06666666666667
2
2.06666666666667
2.13333333333333
2.06666666666667
2
2
2.06666666666667
2
2.2
2.33333333333333
2
2
2.33333333333333
2
2.46666666666667
2.26666666666667
2.93333333333333
2.26666666666667
2.06666666666667
2.06666666666667
2.33333333333333
2.33333333333333
2
2.33333333333333
2
2.33333333333333
2.6
2.4
2.2
2.73333333333333
6.06666666666667
2.53333333333333
2.33333333333333
2.2
2.46666666666667
2.66666666666667
2.66666666666667
2.2
2
2.2
2.33333333333333
2.06666666666667
5.8
2.86666666666667
2.33333333333333
2.13333333333333
2.53333333333333
2.46666666666667
2.53333333333333
2.86666666666667
2.86666666666667
2.6
2.86666666666667
2.4
5.66666666666667
3.13333333333333
2.53333333333333
2.33333333333333
2.73333333333333
2.73333333333333
2.6
2.6
2.06666666666667
2
2.26666666666667
2.26666666666667
6.4
2.4
2.13333333333333
2.66666666666667
2.2
2.06666666666667
2.2
2
2.66666666666667
2.2
2.53333333333333
2.66666666666667
6.2
2.53333333333333
2.4
2.26666666666667
2
2.6
2.06666666666667
2.33333333333333
2.26666666666667
2.2
2.06666666666667
2.73333333333333
6.4
2.6
2.46666666666667
2.33333333333333
2.66666666666667
2.4
2.33333333333333
