0
0
0
0
0
0
0
3.80208333333333
7.49166666666667
30.525
36.7
21.425
31.0416666666667
27.1166666666667
1.15
1.15833333333333
1.15
1.125
1.18333333333333
1.125
1.125
1.125
1.125
1.125
1.125
1.125
1.125
1.125
1.125
1.125
1.125
1.125
1.125
1.125
1.125
1.125
1.125
1.125
1.125
1.125
1.125
1.125
1.125
1.125
1.125
1.125
1.125
1.125
1.125
1.125
1.125
1.125
1.125
1.125
1.125
1.125
1.125
1.125
1.125
1.125
1.125
1.125
1.125
1.125
1.125
1.125
1.125
1.125
1.125
1.125
1.125
1.125
1.125
1.125
1.125
1.125
1.125
1.125
1.125
1.125
1.125
1.125
1.125
1.125
1.125
1.125
1.125
1.125
1.125
1.125
1.125
1.125
1.125
1.125
1.125
1.125
1.125
1.125
1.125
1.125
1.125
1.125
1.125
1.125
1.125
1.125
1.125
1.125
1.125
1.125
1.125
1.125
1.125
1.125
1.125
1.125
1.125
1.125
1.125
1.125
1.125
1.125
1.125
1.125
1.125
1.125
1.125
1.125
1.125
1.125
1.125
1.125
1.125
1.125
1.125
1.125
1.125
1.125
1.125
1.125
1.125
1.125
1.125
1.125
1.125
1.125
1.125
1.125
1.125
1.125
1.125
1.125
1.125
1.125
1.125
1.125
1.125
1.125
1.125
1.125
1.125
1.125
1.125
1.125
1.125
1.125
1.125
1.125
1.125
1.125
1.125
1.125
1.125
1.125
1.125
1.125
1.125
1.125
1.125
1.125
1.125
1.125
1.125
1.125
1.125
1.125
1.125
1.125
1.125
1.125
1.125
1.125
1.125
1.125
1.125
1.125
1.125
1.125
1.125
1.125
1.125
1.125
1.125
1.125
1.125
1.125
1.125
1.125
1.125
1.125
1.125
1.125
1.125
1.125
1.125
1.125
1.125
1.125
1.125
1.125
1.125
1.125
1.125
1.125
1.125
1.125
1.125
1.125
1.125
1.125
1.125
1.125
1.125
1.125
1.125
1.125
1.125
1.125
1.125
1.125
1.125
1.125
5.64285714285714
1.275
1.18333333333333
1.13333333333333
1.14166666666667
1.14166666666667
1.15
1.14166666666667
1.13333333333333
1.14166666666667
1.13333333333333
1.14166666666667
1.16666666666667
1.20833333333333
1.16666666666667
1.18333333333333
1.08333333333333
1.14166666666667
1.125
1.14166666666667
1.13333333333333
1.11666666666667
1.10833333333333
1.11666666666667
1.15
1.175
1.09166666666667
1.05
1.29166666666667
7.33333333333333
1.33333333333333
1.15
1.15
1.09166666666667
1.04166666666667
1.04166666666667
1.325
1.225
1.24166666666667
1.075
1.125
1.14166666666667
5.53333333333333
6.10833333333333
5.19166666666667
11.2416666666667
