3.35
3.06666666666667
3.08333333333333
3
3.05
3.06666666666667
3.31666666666667
3.05
3.06666666666667
3.01666666666667
3.03333333333333
3.05
3.18333333333333
3.23333333333333
3
3.05
3.03333333333333
3.15
3.11666666666667
3.2
3.08333333333333
3
3.01666666666667
3.08333333333333
3.13333333333333
3.2
3
3.05
3.03333333333333
3
3.25
3.15
3
2.98333333333333
3.03333333333333
3.03333333333333
4.86666666666667
3.33333333333333
3.35
3.21666666666667
3.2
3.13333333333333
3.33333333333333
3.18333333333333
3.08333333333333
3.08333333333333
3.06666666666667
3.11666666666667
3.31666666666667
3.18333333333333
3.06666666666667
3.05
3.08333333333333
3.15
3.1
3.43333333333333
3.15
3.03333333333333
3.01666666666667
3.3
3.15
3.21666666666667
3.16666666666667
3.08333333333333
3.1
3.21666666666667
9.15
3.18333333333333
3.21666666666667
3.1
3.1
10
3.21666666666667
3.35
3.36666666666667
3.18333333333333
3.18333333333333
3.36666666666667
3.43333333333333
3.18333333333333
3.26666666666667
3.16666666666667
3.11666666666667
3.16666666666667
3.11666666666667
3.16666666666667
3.15
3.03333333333333
3.21666666666667
3.05
3.03333333333333
3.26666666666667
3.05
3.06666666666667
3.08333333333333
3.16666666666667
3.21666666666667
3.18333333333333
3.01666666666667
3.03333333333333
3.16666666666667
3.06666666666667
3.1
3.16666666666667
3.03333333333333
3.01666666666667
4.03333333333333
5.55
8.16666666666667
6.5
6.35
11.1666666666667
7.9
6.46666666666667
5.76666666666667
5.16666666666667
8.61666666666667
5.43333333333333
7.4
7.7
7.18333333333333
6.9
7.75
6.41666666666667
5.7
9.01666666666667
7.2
6.01666666666667
4.4
9.18333333333333
9.63333333333333
24.6333333333333
44.3166666666667
41
30.2
10.4166666666667
4.38333333333333
4.26666666666667
9.23333333333333
15.5666666666667
12.75
17.1333333333333
27.2666666666667
18.5333333333333
6.08333333333333
6.9
4
5.68333333333333
3.68333333333333
3.6
3.46666666666667
3.45
3.88333333333333
3.7
3.4
3.88333333333333
3.46666666666667
3.26666666666667
3.13333333333333
3.35
4.03333333333333
3.98333333333333
3.4
3.41666666666667
3.88333333333333
3.7
8.28333333333333
7.45
14.0166666666667
8.53333333333333
6.88333333333333
5.53333333333333
7.53333333333333
6.76666666666667
5.03333333333333
12.55
16.55
14.9666666666667
10.2166666666667
4.86666666666667
3.36666666666667
2.76666666666667
3.6
3.71666666666667
5.65
3.71666666666667
27.6833333333333
29.9333333333333
19.65
5.96666666666667
3.88333333333333
3.75
6.25
4.88333333333333
5.05
6.36666666666667
6.01666666666667
4.53333333333333
5.6
7.95
4.5
5.95
5.63333333333333
2.66666666666667
3.41666666666667
2.26666666666667
2.65
4.21666666666667
3.43333333333333
3.83333333333333
2.53333333333333
2.45
2.23333333333333
2.61666666666667
2.68333333333333
4.86666666666667
3.96666666666667
2.4
2.35
2.08333333333333
3.68333333333333
4.58333333333333
5.1
4.21666666666667
6.36666666666667
5.16666666666667
1.21666666666667
1.31666666666667
1.13333333333333
1.06666666666667
1.01666666666667
1
0.983333333333333
1
0.983333333333333
0.933333333333333
0.916666666666667
1
0.95
0.933333333333333
0.95
0.883333333333333
0.883333333333333
0.916666666666667
0.866666666666667
0.916666666666667
0.883333333333333
0.883333333333333
0.866666666666667
0.8
0.816666666666667
0.85
0.933333333333333
0.816666666666667
0.783333333333333
0.816666666666667
0.85
0.8
0.883333333333333
2.23333333333333
0.933333333333333
0.95
0.933333333333333
0.866666666666667
0.883333333333333
0.816666666666667
0.8
0.783333333333333
0.816666666666667
0.85
0.8
0.816666666666667
0.8
0.783333333333333
0.766666666666667
0.816666666666667
0.883333333333333
0.8
0.75
0.766666666666667
0.783333333333333
0.783333333333333
0.833333333333333
6.58333333333333
10.8166666666667
20.1833333333333
20.3
15.2166666666667
