1.2
1.06666666666667
1.06666666666667
1.06666666666667
1.2
1.2
1
1.2
1.06666666666667
1.06666666666667
1.13333333333333
1.13333333333333
1.2
1.06666666666667
1
1.13333333333333
1.2
1.2
1.2
0.933333333333333
1.06666666666667
1.2
1.2
1.2
1.06666666666667
1.2
1.06666666666667
1.2
1.06666666666667
1.2
1.2
1.2
1.06666666666667
1.2
1.06666666666667
1.06666666666667
1.2
1.2
1.2
1.06666666666667
1.2
1
1.06666666666667
1.2
1.2
1.2
1.06666666666667
1.2
1.06666666666667
1.06666666666667
1.2
1.2
1.2
1.06666666666667
1.2
1.06666666666667
1.06666666666667
1.2
1.2
1.2
1.06666666666667
1.2
0.933333333333333
1.2
1.06666666666667
1.06666666666667
1.06666666666667
1.2
1.13333333333333
1.2
1.06666666666667
1.06666666666667
1.06666666666667
1.2
1.2
1.2
1.06666666666667
1
1.06666666666667
1.13333333333333
1.2
1.2
1.2
1.06666666666667
1.06666666666667
1.13333333333333
1.13333333333333
1.2
1.2
1.06666666666667
1.06666666666667
1
1.13333333333333
1.2
1.13333333333333
1.06666666666667
1.2
1.06666666666667
1.06666666666667
1.13333333333333
1.2
1.2
1.06666666666667
1.06666666666667
1.13333333333333
1.13333333333333
1.13333333333333
1.13333333333333
1.06666666666667
1.13333333333333
1.13333333333333
1.13333333333333
1.2
1.06666666666667
1.06666666666667
1.2
1.2
1.06666666666667
1.2
1.2
1.2
1.06666666666667
1.2
1
1.13333333333333
1.13333333333333
1.2
1.2
1.2
1.06666666666667
1.06666666666667
1.06666666666667
1.2
1.2
1.2
1.13333333333333
1.13333333333333
1.06666666666667
1.06666666666667
1.2
1.2
1.06666666666667
1.2
1.06666666666667
1.06666666666667
1.2
1.2
1.13333333333333
1.13333333333333
1.13333333333333
1
1.13333333333333
1.2
1.2
1.2
0.933333333333333
1.06666666666667
1.2
1.2
1.2
1.06666666666667
1.2
1.06666666666667
1
1.2
1.2
1.06666666666667
1.2
1.06666666666667
1.06666666666667
1.2
1.06666666666667
1
1.13333333333333
1.2
1.13333333333333
1.2
1.06666666666667
1
1.06666666666667
1.2
0.933333333333333
1.06666666666667
1.13333333333333
1.2
1.06666666666667
1.06666666666667
1.2
1.06666666666667
1.2
1.2
1.2
1.06666666666667
1.06666666666667
1.06666666666667
1.2
1.2
1.2
0.8
1.2
1.2
1.06666666666667
1.2
1.06666666666667
1.06666666666667
1.2
1.2
1.13333333333333
1.06666666666667
1.2
1.06666666666667
1.06666666666667
1.2
1.2
1.2
1.06666666666667
1.06666666666667
1.06666666666667
1.2
1.2
1.2
1.06666666666667
1.2
1.06666666666667
1.06666666666667
1.2
1.2
1.2
1.06666666666667
1.2
1.06666666666667
1.06666666666667
1.2
1.2
0.933333333333333
1.06666666666667
1.06666666666667
1.06666666666667
1.06666666666667
1.2
1.2
1.2
1.06666666666667
1.2
1.06666666666667
1.06666666666667
1.2
1.13333333333333
1.2
1.2
1.06666666666667
1.2
0.933333333333333
1.13333333333333
1.2
1.2
1.06666666666667
1.13333333333333
1.06666666666667
1.06666666666667
1.2
1.2
1.2
1.06666666666667
1.2
1.06666666666667
1.06666666666667
1.2
1.2
1.2
1.06666666666667
1.13333333333333
1
1.2
1.2
1.2
1.06666666666667
1.13333333333333
1.06666666666667
1.13333333333333
1.2
1.2
1
1.06666666666667
1.06666666666667
1.2
1.13333333333333
1.13333333333333
