1.1
1.18333333333333
1.11666666666667
1.08333333333333
1.65
1.3
1.5
1.11666666666667
1.18333333333333
1.16666666666667
1.15
1.16666666666667
1.08333333333333
1.15
1.11666666666667
1.06666666666667
1.11666666666667
1.15
1.48333333333333
1.28333333333333
1.1
2.25
1.31666666666667
1.18333333333333
1.08333333333333
1.1
1.46666666666667
1.08333333333333
1.11666666666667
2.5
1.26666666666667
2.1
1.71666666666667
1.23333333333333
1.26666666666667
1.3
1.26666666666667
2.66666666666667
1.9
1.85
2.1
1.01666666666667
1.01666666666667
1.01666666666667
1.01666666666667
1.01666666666667
1.03333333333333
1.11666666666667
1.06666666666667
1.13333333333333
1.11666666666667
1.11666666666667
1.2
1.05
1
1.08333333333333
1.03333333333333
1.08333333333333
1.05
1.08333333333333
1.18333333333333
1.1
1.1
1.15
1.2
2.38333333333333
2.15
1.23333333333333
1.23333333333333
1.23333333333333
1.23333333333333
1.2
1.25
1.3
1.25
1.23333333333333
1.3
1.11666666666667
1.03333333333333
1.01666666666667
1.03333333333333
1.05
1.06666666666667
1.03333333333333
1.01666666666667
1.03333333333333
1
1
1.05
1.13333333333333
1.05
1.03333333333333
1.06666666666667
1.05
1.1
1.16666666666667
1.05
1.1
1.1
1.06666666666667
1.08333333333333
1.05
0.966666666666667
1.01666666666667
1
1.06666666666667
1.08333333333333
1.06666666666667
1.1
1.13333333333333
1.06666666666667
1.11666666666667
1.18333333333333
1.15
1.11666666666667
1.1
1.1
1.1
1.11666666666667
1.08333333333333
1.15
1.08333333333333
1.16666666666667
1.18333333333333
1.2
1.08333333333333
1.15
1.15
1.11666666666667
1.15
1.76666666666667
1.11666666666667
1.15
1.08333333333333
1.05
1.15
1.15
1.1
1.13333333333333
1.11666666666667
1.1
1.05
1.08333333333333
1.05
1.08333333333333
1.05
1
1.03333333333333
1.08333333333333
1
1
1
1
1
1.01666666666667
2.08333333333333
5.08333333333333
4.11666666666667
1.18333333333333
1.05
1.18333333333333
1.16666666666667
1.06666666666667
1.13333333333333
1.15
1.08333333333333
1.13333333333333
1.18333333333333
1.06666666666667
1.1
1.13333333333333
1.11666666666667
1.2
1.15
1.16666666666667
1.11666666666667
1.11666666666667
1.01666666666667
1.1
1.08333333333333
1.01666666666667
1.11666666666667
1.08333333333333
1.01666666666667
1.11666666666667
1.1
1.05
1.11666666666667
1.11666666666667
1.13333333333333
1.11666666666667
1.11666666666667
1.08333333333333
1.08333333333333
1.06666666666667
1.11666666666667
1.25
1.13333333333333
1.13333333333333
1.03333333333333
1.05
1.05
1.03333333333333
1.08333333333333
1.05
1.01666666666667
1.13333333333333
1.08333333333333
1.18333333333333
1.3
1.16666666666667
1.11666666666667
1.43333333333333
1.48333333333333
1.08333333333333
2.31666666666667
1.75
14.35
1
1.48333333333333
1.3
1.06666666666667
1.05
1.08333333333333
1
1
1.05
1.01666666666667
1.06666666666667
1.1
1.06666666666667
1.05
1.23333333333333
1.08333333333333
1.03333333333333
1.01666666666667
1.03333333333333
0.966666666666667
1.03333333333333
1.15
1.11666666666667
1.5
1.35
1.05
1.55
1.18333333333333
0.966666666666667
0.983333333333333
0.983333333333333
1.03333333333333
1
1.01666666666667
2.26666666666667
1.76666666666667
1.21666666666667
1.03333333333333
1.06666666666667
1.01666666666667
1.58333333333333
1.05
0.983333333333333
1.36666666666667
1.08333333333333
1.08333333333333
1.08333333333333
1.13333333333333
1.01666666666667
1.13333333333333
1.15
1.2
1.1
1.08333333333333
1.68333333333333
1.26666666666667
1.03333333333333
1.03333333333333
1.05
1.3
2.33333333333333
1.38333333333333
1.18333333333333
0.983333333333333
0.966666666666667
1.05
0.95
2.08333333333333
1.36666666666667
2.18333333333333
