3.7
3.4
2.76666666666667
2.4
2.36666666666667
4.03333333333333
3.26666666666667
3.4
4.16666666666667
3.63333333333333
1.73333333333333
3.26666666666667
2
1.73333333333333
1.9
2.86666666666667
2.66666666666667
3.56666666666667
2.36666666666667
1.96666666666667
2.7
3.46666666666667
2.6
2.5
2.5
5.7
3.9
4
3
3
5.46666666666667
3.3
2.93333333333333
3.1
3.96666666666667
2.26666666666667
2.6
1.63333333333333
1.5
1.63333333333333
1.43333333333333
1.53333333333333
1.63333333333333
1.83333333333333
1.7
1.93333333333333
1.5
1.56666666666667
2.13333333333333
2.03333333333333
2.8
1.63333333333333
1.7
1.56666666666667
1.6
2.3
2.26666666666667
2.83333333333333
2.33333333333333
2.3
5.13333333333333
2.2
1.9
2.43333333333333
2.4
3.96666666666667
5.6
3.83333333333333
1.6
1.6
1.63333333333333
1.73333333333333
1.86666666666667
1.66666666666667
2.3
2.03333333333333
3.3
1.96666666666667
4.63333333333333
2.63333333333333
1.66666666666667
2.3
3.36666666666667
1.96666666666667
2.73333333333333
2.86666666666667
2.7
2.33333333333333
3.06666666666667
3.16666666666667
1.73333333333333
1.83333333333333
1.73333333333333
1.73333333333333
2.6
2.63333333333333
2.06666666666667
1.96666666666667
2.03333333333333
2.36666666666667
2.36666666666667
2
2
4.03333333333333
2.46666666666667
2.7
2.7
4.53333333333333
3.13333333333333
2.76666666666667
2.73333333333333
2.73333333333333
1.76666666666667
1.93333333333333
2.43333333333333
2.46666666666667
2.23333333333333
2.3
2.83333333333333
2.66666666666667
3.03333333333333
2.1
2.66666666666667
2.63333333333333
4.3
3.1
3.66666666666667
2.23333333333333
2.5
2.96666666666667
2.26666666666667
1.03333333333333
1.1
1.03333333333333
1.13333333333333
1
1
1
1.06666666666667
1.03333333333333
1.06666666666667
1
1.16666666666667
1
1.1
1
1.23333333333333
1.13333333333333
1
1
1.1
1.2
1.1
1
1
1
1.1
1.06666666666667
1.06666666666667
1
1.06666666666667
1.13333333333333
1
1.1
1
1.06666666666667
1.03333333333333
1
0.933333333333333
0.766666666666667
0.933333333333333
4.4
3.26666666666667
1.5
1.43333333333333
1.46666666666667
1.36666666666667
1.5
1.43333333333333
1.4
1.46666666666667
1.5
1.5
1.53333333333333
1.53333333333333
1.4
1.5
1.6
1.53333333333333
1.46666666666667
1.36666666666667
4.06666666666667
3.8
2.03333333333333
1.93333333333333
1.96666666666667
2.43333333333333
4.16666666666667
2.13333333333333
2.3
4.43333333333333
2.56666666666667
2.36666666666667
2.66666666666667
2.23333333333333
2.13333333333333
2.43333333333333
2.4
2.13333333333333
2.06666666666667
2
2.76666666666667
3.4
3.4
2.56666666666667
2.43333333333333
2.2
2.2
2.13333333333333
3.23333333333333
3.26666666666667
2.9
2.43333333333333
3.36666666666667
4.66666666666667
2.7
3.7
2.73333333333333
2.93333333333333
2.8
2.16666666666667
2.26666666666667
2.1
2.53333333333333
2.83333333333333
2.1
2.43333333333333
2.03333333333333
1.93333333333333
2.83333333333333
3.26666666666667
2.26666666666667
2.06666666666667
2.86666666666667
2.7
2.16666666666667
3.13333333333333
3.43333333333333
4.9
4.56666666666667
4.66666666666667
2.73333333333333
1.93333333333333
3.93333333333333
2.1
1.6
1.56666666666667
1.86666666666667
2.56666666666667
2.36666666666667
3.63333333333333
2.8
2.4
3.4
2.2
2.8
2.96666666666667
3
2.23333333333333
2.53333333333333
3.03333333333333
2.03333333333333
1.73333333333333
1.76666666666667
2.76666666666667
1.93333333333333
3.03333333333333
3.63333333333333
2.76666666666667
2.83333333333333
2.2
2.43333333333333
2.53333333333333
2.53333333333333
2.66666666666667
2.3
2.4
3.96666666666667
