2.4
2.33333333333333
2.33333333333333
2.26666666666667
2.2
2.26666666666667
3.86666666666667
2.26666666666667
2.26666666666667
2.33333333333333
2.53333333333333
2.26666666666667
2.46666666666667
2.26666666666667
2.2
2.26666666666667
2.33333333333333
2.26666666666667
2.73333333333333
2.53333333333333
2.26666666666667
2.26666666666667
2.2
2.2
2.46666666666667
2.26666666666667
2.26666666666667
2.46666666666667
2.53333333333333
2.53333333333333
2.53333333333333
2.33333333333333
2.2
2.26666666666667
2.33333333333333
2.33333333333333
2.46666666666667
2.46666666666667
2.46666666666667
2.33333333333333
2.33333333333333
2.2
2.46666666666667
2.26666666666667
2.53333333333333
2.4
2.6
2.4
2.53333333333333
2.4
2.2
2.2
2.26666666666667
2.33333333333333
2.66666666666667
2.26666666666667
2.33333333333333
2.2
2.26666666666667
2.2
2.53333333333333
2.26666666666667
2.6
2.53333333333333
2.4
2.33333333333333
13.5333333333333
3.06666666666667
2.2
2.46666666666667
2.2
2.33333333333333
2.26666666666667
2.46666666666667
2.69230769230769
2.8
2.46666666666667
2.33333333333333
2.46666666666667
2.66666666666667
2.53333333333333
2.46666666666667
2.66666666666667
2.66666666666667
2.53333333333333
2.33333333333333
2.2
2.33333333333333
2.6
2.2
2.53333333333333
2.26666666666667
2.4
2.33333333333333
2.26666666666667
2.26666666666667
2.8
3.06666666666667
2.66666666666667
2.86666666666667
2.73333333333333
2.73333333333333
2.66666666666667
2.46666666666667
2.53333333333333
2.46666666666667
2.53333333333333
2.6
2.46666666666667
2.53333333333333
3.13333333333333
2.66666666666667
2.26666666666667
2.46666666666667
2.33333333333333
2.26666666666667
2.33333333333333
2.26666666666667
2.26666666666667
2.6
2.4
2.2
2.4
2.4
2.2
2.46666666666667
2.33333333333333
2.2
2.26666666666667
2.2
2.2
2.46666666666667
2.26666666666667
2.2
2.33333333333333
2.26666666666667
2.2
2.4
2.2
2.2
2.2
2.2
4.4
2.33333333333333
2.33333333333333
2.2
2.46666666666667
2.2
2.2
2.46666666666667
2.57142857142857
2.2
2.2
2.2
2.53333333333333
2.46666666666667
2.26666666666667
2.2
2.4
2.26666666666667
2.2
2.35714285714286
2.33333333333333
2.26666666666667
2.26666666666667
2.33333333333333
2.33333333333333
2.4
2.2
2.2
2.26666666666667
2.26666666666667
2.2
2.46666666666667
2.33333333333333
2.33333333333333
2.26666666666667
2.26666666666667
2.2
2.4
2.4
2.2
2.2
2.26666666666667
2.2
2.53333333333333
2.2
2.2
2.26666666666667
2.33333333333333
2.66666666666667
2.66666666666667
2.92857142857143
2.53333333333333
2.6
2.46666666666667
2.4
2.66666666666667
2.33333333333333
2.4
2.33333333333333
2.4
2.46666666666667
2.6
2.4
2.26666666666667
2.2
2.26666666666667
2.26666666666667
2.46666666666667
2.53333333333333
2.46666666666667
2.6
2.33333333333333
2.26666666666667
2.53333333333333
2.2
2.26666666666667
2.4
2.4
2.46666666666667
2.86666666666667
2.46666666666667
2.4
2.26666666666667
2.33333333333333
2.33333333333333
2.46666666666667
2.46666666666667
2.33333333333333
2.4
2.53333333333333
2.46666666666667
2.73333333333333
2.33333333333333
2.2
2.4
2.26666666666667
2.33333333333333
2.46666666666667
2.33333333333333
2.86666666666667
2.46666666666667
35.3333333333333
2.46666666666667
2.93333333333333
2.6
2.6
2.53333333333333
2.73333333333333
2.73333333333333
2.73333333333333
2.6
2.66666666666667
2.86666666666667
2.8
2.6
4.46666666666667
2.66666666666667
2.73333333333333
2.73333333333333
2.46666666666667
2.53333333333333
2.8
2.8
2.6
2.73333333333333
2.73333333333333
2.73333333333333
2.86666666666667
2.66666666666667
2.6
2.73333333333333
2.66666666666667
2.8
2.93333333333333
2.93333333333333
3
2.8
2.4
2.53333333333333
2.73333333333333
2.66666666666667
2.73333333333333
2.66666666666667
2.8
2.73333333333333
2.86666666666667
