1.71666666666667
1.81666666666667
1.71666666666667
1.63333333333333
1.68333333333333
1.6
1.55
1.53333333333333
1.53333333333333
1.56666666666667
1.56666666666667
1.55
1.55
1.73333333333333
1.63333333333333
1.53333333333333
1.55
1.55
1.55
1.56666666666667
1.55
1.58333333333333
1.53333333333333
1.53333333333333
1.58333333333333
1.86666666666667
1.86666666666667
1.8
1.8
1.76666666666667
1.78333333333333
1.76666666666667
1.78333333333333
1.8
1.8
1.85
1.78333333333333
1.88333333333333
1.88333333333333
1.78333333333333
1.8
1.85
1.8
1.8
1.8
1.78333333333333
1.75
1.83333333333333
1.78333333333333
2
1.8
1.8
1.76666666666667
1.83333333333333
1.76666666666667
1.76666666666667
1.8
1.8
1.8
1.81666666666667
1.78333333333333
1.91666666666667
1.83333333333333
1.8
1.8
1.81666666666667
1.8
1.78333333333333
1.8
1.78333333333333
1.78333333333333
1.76666666666667
1.76666666666667
2.05
1.98333333333333
1.81666666666667
1.8
1.81666666666667
1.81666666666667
1.8
1.82142857142857
1.81666666666667
1.78333333333333
1.81666666666667
1.83333333333333
2.03333333333333
1.78333333333333
1.8
1.8
1.83333333333333
1.8
1.8
1.8
1.8
1.8
1.8
1.78333333333333
1.96666666666667
1.8
1.8
1.71666666666667
1.63333333333333
1.51666666666667
1.56666666666667
1.5
1.55
1.51666666666667
1.65
2.01666666666667
1.88333333333333
1.53333333333333
1.58333333333333
1.5
1.65
1.55
1.55
1.53333333333333
1.55
1.5
1.55
1.53333333333333
1.76666666666667
1.58333333333333
1.6
1.5
1.85
1.61666666666667
1.68333333333333
1.66666666666667
1.58333333333333
1.51666666666667
1.58333333333333
1.58333333333333
1.8
1.65
1.58333333333333
1.58333333333333
1.65
1.55
1.55
1.61666666666667
1.55
1.6
1.76666666666667
1.65
1.98333333333333
1.58333333333333
1.55
2.7
2.7
1.55
1.56666666666667
1.63333333333333
1.55
1.55
1.58333333333333
1.55
1.8
1.6
1.55
1.58333333333333
1.61666666666667
1.56666666666667
1.6
1.56666666666667
1.55
1.58333333333333
1.66666666666667
1.71666666666667
1.8
1.56666666666667
1.55
1.55
1.61666666666667
1.55
1.55
1.56666666666667
1.58333333333333
1.58333333333333
1.6
1.61666666666667
1.78333333333333
1.6
1.6
1.61666666666667
1.61666666666667
1.55
1.6
1.58333333333333
1.56666666666667
1.55
1.56666666666667
1.6
1.83333333333333
1.63333333333333
1.66666666666667
1.55
1.65
1.58333333333333
1.58333333333333
1.55
1.63333333333333
1.65
1.63333333333333
1.65
1.93333333333333
1.6
1.6
1.58333333333333
1.66666666666667
1.56666666666667
1.56666666666667
1.56666666666667
1.61666666666667
1.6
1.58333333333333
1.56666666666667
1.76666666666667
1.58333333333333
1.56666666666667
1.6
1.63333333333333
1.58333333333333
1.56666666666667
1.6
1.58333333333333
1.6
1.58333333333333
1.55
1.81666666666667
1.56666666666667
1.56666666666667
1.65
1.6
1.75
1.53333333333333
1.6
1.58333333333333
1.6
1.66666666666667
1.7
2.05
1.65
1.56666666666667
1.6
1.55
1.53333333333333
1.63333333333333
1.61666666666667
1.63333333333333
1.6
1.63333333333333
1.55
1.93333333333333
1.53333333333333
1.6
1.56666666666667
1.63333333333333
1.55
1.6
1.53333333333333
1.6
1.51666666666667
1.55
1.5
1.73333333333333
1.5
1.55
1.5
1.51666666666667
1.5
1.38333333333333
1.36666666666667
1.46666666666667
1.38333333333333
1.38333333333333
1.46666666666667
1.66666666666667
1.61666666666667
1.58333333333333
1.53333333333333
1.5
1.61666666666667
1.56666666666667
1.58333333333333
1.61666666666667
1.56666666666667
1.63333333333333
