2.1
2.16666666666667
2.1
2.2
2.53333333333333
2.63333333333333
2.2
2.2
2.16666666666667
2.26666666666667
2.2
2.1
2.8
3.93333333333333
4
4.13333333333333
4.4
4.5
2.1
2.13333333333333
2.43333333333333
2.2
2.13333333333333
2.1
2.1
2.16666666666667
2.13333333333333
2.1
2.73333333333333
2.3
2.26666666666667
2.2
2.96666666666667
2.16666666666667
2.2
2.2
2.46666666666667
2.2
2.13333333333333
2.1
2.5
2.33333333333333
2.33333333333333
2.16666666666667
2.3
2.33333333333333
2.2
2.2
2.13333333333333
2.33333333333333
2.23333333333333
2.1
2.86666666666667
2.83333333333333
2.63333333333333
2.23333333333333
2.1
2.2
2.4
2.13333333333333
2.36666666666667
2.5
2.16666666666667
2.53333333333333
2.63333333333333
2.63333333333333
2.43333333333333
2.4
3.16666666666667
2.3
2.2
2.2
2.1
2.2
2.1
2.26666666666667
11.6
12.0333333333333
2.4
2.46666666666667
2.2
2.1
2.4
2.36666666666667
2.36666666666667
2.93333333333333
2.53333333333333
2.5
3.26666666666667
2.83333333333333
2.33333333333333
2.5
2.4
2.93333333333333
2.5
2.3
2.2
2.2
2.3
2.16666666666667
2.9
2.93333333333333
2.4
2.36666666666667
3.76666666666667
3.53333333333333
2.46666666666667
2.5
2.6
2.86666666666667
2.6
2.43333333333333
9.4
26.3666666666667
24.1
24.7
24.7666666666667
25.8333333333333
25.2333333333333
24.9666666666667
25.5666666666667
24.1
25.7
25.8333333333333
27.1333333333333
26.6
26.9333333333333
25.5
26.9666666666667
26.2333333333333
26.1666666666667
26.2
25.7333333333333
25.6666666666667
25.2333333333333
25.6666666666667
25.5
26.6
26.0666666666667
25.6666666666667
25.3
25.7666666666667
26.7
27.0666666666667
25.7333333333333
24.0333333333333
22.5666666666667
23.7666666666667
24.5333333333333
25.8666666666667
22.0333333333333
40
49.0666666666667
47
11.3333333333333
2.36666666666667
2.23333333333333
2.73333333333333
2.23333333333333
2.4
2.86666666666667
2.53333333333333
2.13333333333333
2.2
2.26666666666667
2.6
2.2
2.46666666666667
2.33333333333333
2.7
2.7
2.56666666666667
3.5
3.06666666666667
2.53333333333333
2.7
3.3
2.43333333333333
2.6
2.6
2.53333333333333
2.93333333333333
2.53333333333333
2.53333333333333
3.4
2.66666666666667
2.5
2.56666666666667
2.26666666666667
2.46666666666667
2.16666666666667
2.2
2.1
2.13333333333333
2.13333333333333
2.13333333333333
2.73333333333333
2.83333333333333
2.13333333333333
2.16666666666667
2.1
2.1
2.2
2.16666666666667
2.16666666666667
2.63333333333333
2.6
2.13333333333333
2.66666666666667
2.26666666666667
2.1
2.26666666666667
2.93333333333333
2.56666666666667
2.2
2.16666666666667
2.13333333333333
3.33333333333333
2.16666666666667
2.1
2.46666666666667
2.86666666666667
2.3
2.33333333333333
2.1
2.1
2.26666666666667
2.13333333333333
2.1
2.5
2.1
2.23333333333333
2.46666666666667
2.5
2.16666666666667
2.26666666666667
2.2
2.46666666666667
2.23333333333333
2.3
2.13333333333333
2.23333333333333
2.5
3.2
5
3.9
4.6
2.63333333333333
2.86666666666667
2.13333333333333
2.13333333333333
2.26666666666667
2.2
2.46666666666667
2.06666666666667
2.06666666666667
2.43333333333333
2.36666666666667
2.3
2.2
2.1
2.4
2.26666666666667
2.1
2.23333333333333
2.2
2.2
2.06666666666667
2.63333333333333
2.86666666666667
2.2
2.2
2.3
2.26666666666667
2.5
2.1
2.1
2.43333333333333
2.5
2.1
2.46666666666667
2.93333333333333
2.23333333333333
2.4
2.93333333333333
2.4
2.16666666666667
2.16666666666667
