13.6
11.7333333333333
14.1333333333333
11.7
13.2666666666667
11.8666666666667
13.9666666666667
11.7333333333333
13.0666666666667
11.6666666666667
14.6333333333333
12.1333333333333
14.5333333333333
11.4666666666667
13.4
11.6666666666667
14.0333333333333
11.9
13.2
11.8333333333333
13.4333333333333
11.6666666666667
13.4333333333333
12
14.1
12.1
14.5
11.9
13.5666666666667
12.2666666666667
14.4666666666667
11.8666666666667
13.4333333333333
12
14.5666666666667
12.4
14.2333333333333
12.3
14.7
12.3333333333333
14.7
12.2
14.1
12.6333333333333
14.6
12.2
14.5
11.7333333333333
14.3666666666667
12.1
14.5333333333333
11.9
13.5666666666667
12.2
13.9666666666667
12.0666666666667
14.6333333333333
12.1333333333333
13.8333333333333
12.3333333333333
14.5
11.9
13.9666666666667
12.6333333333333
13.3
12.2333333333333
14
12.5
13.4666666666667
11.9
13.5
12
14.0333333333333
12.1333333333333
14.9333333333333
11.8666666666667
13.9333333333333
11.9333333333333
13.1666666666667
12.0333333333333
13.8333333333333
11.8666666666667
14.0333333333333
12.2333333333333
15.7333333333333
12.4
15.0666666666667
12.0333333333333
14.9666666666667
12.4
13.8333333333333
12
13.8333333333333
12.2
14.2666666666667
12
13.6
12.4666666666667
14.7666666666667
13.2333333333333
15.0666666666667
12.2
14.0333333333333
11.9666666666667
13.2666666666667
12.1
14.6333333333333
11.7333333333333
14.0666666666667
12.3333333333333
14.5
12.2
14.5
12.1666666666667
14.5333333333333
11.9666666666667
13.5666666666667
12.1333333333333
14.3666666666667
11.6666666666667
14.6
12.3
15.4666666666667
12.1666666666667
13.6333333333333
12.1
14.4333333333333
12.3
14.1333333333333
12.0666666666667
14.1
12.0333333333333
14.7333333333333
11.8666666666667
15.4666666666667
12.2666666666667
14.0666666666667
12.4
14.8
12.5
14.6333333333333
12.3
14.6
11.7333333333333
13.4666666666667
12.2333333333333
14.6666666666667
12.1333333333333
13.9333333333333
12.6
14.8333333333333
12.4666666666667
14.9
12.2666666666667
15.1333333333333
11.8
14.1
12.4
14.5
12.9
13.4666666666667
12.1333333333333
15.1666666666667
12.2
14.3
12.2666666666667
13.5
11.7
13.6666666666667
12.4333333333333
13.8666666666667
12.3666666666667
14.3
12.1666666666667
14.9333333333333
12.1666666666667
15.2333333333333
12.3333333333333
14.9333333333333
11.8333333333333
14.5666666666667
12.3
14.6333333333333
12.5666666666667
15.4333333333333
12.3333333333333
14.6333333333333
11.5333333333333
15.0333333333333
12.1333333333333
13.8666666666667
11.9
14.5333333333333
11.8666666666667
13.7666666666667
11.8333333333333
13.7666666666667
11.9
15.2333333333333
11.7333333333333
13.8333333333333
12.5
13.4333333333333
11.5666666666667
14
12.2333333333333
13.6333333333333
12.0333333333333
14.1333333333333
11.9666666666667
13.7666666666667
12.3333333333333
13.2666666666667
12.3
13.6
11.6
13.9666666666667
11.9666666666667
13.1666666666667
12.0666666666667
13.8666666666667
11.4666666666667
13.2
11.5333333333333
13.5666666666667
12.6333333333333
13.0666666666667
11.3666666666667
13.8333333333333
11.4
13.1
11.2666666666667
12.7
11.3333333333333
12.9666666666667
11.3666666666667
13.2333333333333
11.3
12.9333333333333
11.5333333333333
12.8333333333333
11.1666666666667
13
11.3333333333333
12.8666666666667
11.3666666666667
12.9
11.2333333333333
13.0333333333333
11.8333333333333
13.2
11.5333333333333
13
11.3333333333333
13.1333333333333
11.4
13.7666666666667
11.3666666666667
12.8666666666667
11.4
13.7333333333333
11.4
13.5666666666667
11.5333333333333
12.8333333333333
11.5333333333333
12.9666666666667
11.3666666666667
12.9333333333333
11.5333333333333
13.2
11.4666666666667
13
11.4333333333333
12.9666666666667
11.3666666666667
12.9666666666667
11.2
14.1333333333333
11.4333333333333
13
11.2333333333333
13.1666666666667
11.4333333333333
12.9
11.4
15.2333333333333
11.3
