2.26666666666667
4
2.4
2.4
1.46666666666667
2
2.2
2.4
2.13333333333333
2.33333333333333
2.33333333333333
2.13333333333333
2
1.66666666666667
2.4
2.13333333333333
2.26666666666667
2.33333333333333
2.26666666666667
2.26666666666667
2.2
1.4
2.26666666666667
2.2
2.2
2.2
2.26666666666667
2.2
2.26666666666667
1.66666666666667
2.13333333333333
2.4
2.2
2.4
2.33333333333333
2.26666666666667
1.73333333333333
1.8
2.46666666666667
2.26666666666667
2.4
2.33333333333333
2.2
2.26666666666667
1.6
2.2
2.13333333333333
2.33333333333333
2.33333333333333
2.33333333333333
2.4
2.2
2
1.8
2.26666666666667
2.2
2.13333333333333
2.2
2.26666666666667
2.33333333333333
2.26666666666667
1.93333333333333
1.86666666666667
2.13333333333333
2.2
2.26666666666667
2.13333333333333
2.33333333333333
2.13333333333333
2.13333333333333
1.73333333333333
2
2.13333333333333
2.33333333333333
2.33333333333333
2.13333333333333
2.4
2.26666666666667
1.46666666666667
2.2
2.13333333333333
2.06666666666667
2.2
2.2
1.4
2.26666666666667
2.46666666666667
2.26666666666667
2.26666666666667
2.26666666666667
2.26666666666667
2.2
2.26666666666667
2.26666666666667
2.2
2.33333333333333
2.4
2.13333333333333
2.06666666666667
1.93333333333333
1.8
1.8
1
1.8
1
1.8
1
6.93333333333333
1.4
1.8
1.2
1.8
1
2
1.2
1.8
1
1.8
1
1.73333333333333
1
1.8
1.13333333333333
1.8
1
1.8
1
1.8
1
1.8
1
1.8
1
2
1.2
1.8
1
1.8
1
1.8
1.86666666666667
1.8
1.86666666666667
1.8
1.8
1.8
1.93333333333333
1.8
1.8
1.8
1.8
1.8
2
1.8
1.8
1.8
1.8
1.8
1.93333333333333
1.8
1.8
1.73333333333333
1.8
2.4
3
1.66666666666667
1.66666666666667
1.8
1.8
1.53333333333333
1.8
1.8
1.53333333333333
1.8
1.93333333333333
1.8
1.86666666666667
1.8
1.8
1.8
1.8
1.8
1.93333333333333
1.8
1.8
1.8
1.8
1.8
1.8
1.8
1.8
1.73333333333333
1.8
1.8
2.06666666666667
1.8
1.8
1.8
1.8
1.8
1.8
1.8
1.8
1.8
1.8
1.73333333333333
2
1.8
1.8
1.8
1.8
1.8
1.8
1.8
1.8
1.8
1.73333333333333
1.8
1.93333333333333
1.8
1.53333333333333
1.8
1.8
1.8
1.53333333333333
1.73333333333333
1.8
1.6
1.66666666666667
1.8
2
1.73333333333333
1.8
1.8
1.8
1.8
1.8
2
1.8
1.8
1.8
1.8
1.8
1.8
1.8
1.8
1.8
1.8
1.8
1.8
1.8
1.8
1.8
1.8
2
1.8
1.8
1.93333333333333
1.8
1.8
1.8
1.8
1.8
1.8
1.8
1.8
2
1.8
1.8
1.8
1.8
1.8
1.8
1.8
1.8
1.6
2.06666666666667
1.66666666666667
2.26666666666667
2.26666666666667
2.26666666666667
2.26666666666667
2.2
1.93333333333333
1.6
2.13333333333333
2.13333333333333
2.13333333333333
