2.15
2.26666666666667
2.25
2.2
2.11666666666667
18.3833333333333
5.81666666666667
5.71666666666667
6.18333333333333
3.36666666666667
2.06666666666667
2.21666666666667
2.2
2.13333333333333
2.16666666666667
2.08333333333333
2.11666666666667
2.08333333333333
2.1
1.8
1.73333333333333
1.63333333333333
1.71666666666667
1.8
1.78333333333333
1.81666666666667
1.81666666666667
1.71666666666667
1.75
1.86666666666667
1.73333333333333
1.76666666666667
1.75
1.71666666666667
1.75
1.86666666666667
2
1.93333333333333
1.76666666666667
1.78333333333333
1.66666666666667
1.7
1.75
1.8
1.81666666666667
1.76666666666667
1.8
1.78333333333333
1.61666666666667
1.83333333333333
1.8
1.76666666666667
1.7
1.8
1.78333333333333
1.76666666666667
1.75
1.73333333333333
1.78333333333333
1.76666666666667
1.63333333333333
1.7
1.73333333333333
1.75
1.78333333333333
1.8
1.75
1.8
1.58333333333333
1.7
1.8
1.68333333333333
1.73333333333333
1.81666666666667
1.91666666666667
1.68333333333333
1.73333333333333
1.78333333333333
1.4
1.7
1.75
1.7
1.86666666666667
1.68333333333333
1.9
1.86666666666667
1.88333333333333
1.61666666666667
1.7
1.81666666666667
1.65
1.83333333333333
1.73333333333333
1.78333333333333
1.73333333333333
1.75
1.73333333333333
1.93333333333333
1.85
1.8
1.81666666666667
1.78333333333333
1.76666666666667
1.73333333333333
1.48333333333333
1.73333333333333
1.75
1.75
1.45
1.81666666666667
1.8
1.71666666666667
1.73333333333333
1.71666666666667
1.83333333333333
1.51666666666667
1.78333333333333
1.78333333333333
1.75
1.35
1.81666666666667
1.88333333333333
3.78333333333333
1.38333333333333
1.45
1.68333333333333
1.81666666666667
1.75
1.78333333333333
1.48333333333333
1.63333333333333
1.66666666666667
1.78333333333333
1.78333333333333
1.86666666666667
1.76666666666667
1.5
1.88333333333333
1.75
1.65
1.65
1.86666666666667
1.91666666666667
1.41666666666667
1.31666666666667
1.83333333333333
1.85
1.4
1.68333333333333
1.9
1.83333333333333
1.51666666666667
1.85
1.78333333333333
1.88333333333333
1.5
1.66666666666667
1.41666666666667
1.76666666666667
1.86666666666667
1.5
1.86666666666667
1.46666666666667
1.8
1.81666666666667
1.6
1.66666666666667
1.63333333333333
1.45
1.93333333333333
1.8
1.88333333333333
1.56666666666667
12.9
13.5166666666667
7.18333333333333
1.9
1.95
1.88333333333333
1.85
1.7
2.08333333333333
2.03333333333333
2.13333333333333
2.21666666666667
2.16666666666667
1.96666666666667
1.85
2.08333333333333
1.83333333333333
1.95
1.93333333333333
1.76666666666667
1.96666666666667
1.98333333333333
1.91666666666667
1.98333333333333
2.1
2.03333333333333
1.88333333333333
1.93333333333333
2.05
2.06666666666667
1.81666666666667
1.91666666666667
1.7
1.5
1.73333333333333
2.18333333333333
2.16666666666667
2.06666666666667
2.03333333333333
2.06666666666667
2.3
2.06666666666667
1.9
1.51666666666667
2.1
1.96666666666667
2.01666666666667
1.91666666666667
12.95
15.4333333333333
17.4333333333333
3.78333333333333
9.55
5.91666666666667
4.23333333333333
3.56666666666667
7.63333333333333
5.61666666666667
12.2833333333333
19.35
4.81666666666667
4.75
7.06666666666667
4.61666666666667
5.08333333333333
4.25
11.85
5.28333333333333
6.51666666666667
4.58333333333333
4.9
3.15
3.48333333333333
6.38333333333333
5.85
4.75
13.4666666666667
7.31666666666667
6.06666666666667
5.85
8.31666666666667
7.65
5.6
10.65
22.5166666666667
7.53333333333333
7.01666666666667
11.0166666666667
9.78333333333333
8.93333333333333
4.6
3.66666666666667
7.03333333333333
7.91666666666667
7.58333333333333
5.48333333333333
9.4
8.46666666666667
9.41666666666667
4.55
5.2
5.61666666666667
7.2
4.73333333333333
4.81666666666667
11.3333333333333
7.93333333333333
6.58333333333333
6.75
15.8333333333333
5.51666666666667
6.21666666666667
5.08333333333333
14.2666666666667
5.58333333333333
