1.5
1.6
1.5
1.6
1.5
1.6
1.5
1.6
2
1.6
1.5
1.6
1.5
1.6
1.5
1.6
1.5
1.6
1.6
1.6
2
1.6
1.5
1.6
1.5
1.6
1.5
1.6
1.5
1.6
1.5
1.6
2
1.6
1.5
1.6
1.5
1.6
1.5
1.56666666666667
1.53333333333333
1.56666666666667
1.53333333333333
1.56666666666667
2.03333333333333
1.56666666666667
1.53333333333333
1.56666666666667
1.53333333333333
1.56666666666667
1.53333333333333
1.56666666666667
1.53333333333333
1.56666666666667
1.53333333333333
1.56666666666667
2.03333333333333
1.56666666666667
1.53333333333333
1.56666666666667
1.53333333333333
1.56666666666667
1.53333333333333
1.56666666666667
1.53333333333333
1.56666666666667
1.53333333333333
1.56666666666667
2.03333333333333
1.56666666666667
1.53333333333333
1.56666666666667
1.53333333333333
1.56666666666667
1.53333333333333
1.56666666666667
1.53333333333333
1.56666666666667
1.53333333333333
1.56666666666667
2.03333333333333
1.53333333333333
1.56666666666667
1.53333333333333
1.56666666666667
1.53333333333333
1.56666666666667
1.53333333333333
1.56666666666667
1.53333333333333
1.56666666666667
1.53333333333333
2.06666666666667
1.53333333333333
1.56666666666667
1.53333333333333
1.56666666666667
1.53333333333333
1.56666666666667
1.53333333333333
1.56666666666667
1.53333333333333
1.56666666666667
1.53333333333333
2.06666666666667
1.53333333333333
1.56666666666667
1.53333333333333
1.56666666666667
1.53333333333333
1.56666666666667
1.53333333333333
1.56666666666667
1.53333333333333
1.56666666666667
1.5
2.1
1.53333333333333
1.6
1.5
1.6
1.5
1.6
1.5
1.6
1.5
1.6
1.5
2.1
1.5
1.6
1.5
1.6
1.5
1.6
1.5
1.6
1.5
1.6
1.5
2.1
1.5
1.6
1.5
1.6
1.5
1.6
1.5
1.6
1.6
1.6
1.5
2.1
1.5
1.6
1.5
1.6
1.5
1.6
1.5
1.6
1.5
1.6
1.5
2.1
1.5
1.6
1.5
1.6
1.5
1.6
1.5
1.6
1.5
1.56666666666667
1.5
2.1
1.5
1.6
1.5
1.6
1.5
1.6
1.5
1.6
1.5
1.6
1.5
2.1
1.5
1.6
1.5
1.6
1.5
1.6
1.5
1.6
1.5
1.6
1.5
2.1
1.5
1.6
1.5
1.6
1.5
1.6
1.5
1.6
1.5
1.6
1.5
2.1
1.5
1.6
1.5
1.6
1.5
1.6
1.5
1.6
1.5
1.6
1.5
2.1
1.5
1.6
1.5
1.6
1.5
1.6
1.5
1.6
1.5
1.6
1.5
2.1
1.5
1.6
1.5
1.6
1.5
1.6
1.5
1.6
1.5
1.6
1.5
2.1
1.5
1.6
1.5
1.6
1.5
1.6
1.5
1.6
1.5
1.6
1.5
2.1
1.5
1.6
1.5
1.6
1.5
1.6
1.5
1.6
1.5
1.6
1.5
2.1
1.5
1.6
1.5
1.6
1.5
1.6
1.5
1.6
1.5
1.6
1.5
2.1
1.5
1.6
1.5
