4.36666666666667
1.68333333333333
1.65
1.63333333333333
1.63333333333333
1.61666666666667
1.61666666666667
1.61666666666667
1.65
1.61666666666667
1.83333333333333
2
2.16666666666667
1.8
4.31666666666667
9.88333333333333
1.78333333333333
1.8
1.8
1.8
1.8
1.8
1.78333333333333
1.81666666666667
2.1
1.8
1.8
1.76666666666667
1.78333333333333
1.78333333333333
1.78333333333333
1.8
1.78333333333333
1.76666666666667
1.78333333333333
1.8
2.06666666666667
1.76666666666667
1.83333333333333
1.83333333333333
1.8
1.76666666666667
1.76666666666667
1.8
1.71666666666667
1.5
1.55
1.55
1.81666666666667
1.5
1.53333333333333
1.5
1.55
1.5
1.51666666666667
1.5
1.53333333333333
1.5
1.55
1.55
1.83333333333333
1.51666666666667
1.53333333333333
1.5
1.8
1.8
1.78333333333333
1.78333333333333
1.8
1.78333333333333
1.75
1.75
2.06666666666667
1.78333333333333
1.75
1.78333333333333
1.78333333333333
1.76666666666667
1.78333333333333
1.76666666666667
1.75
1.76666666666667
1.75
1.8
2.08333333333333
1.78333333333333
1.8
1.78333333333333
1.78333333333333
1.75
1.75
1.78333333333333
1.76666666666667
1.8
1.8
1.83333333333333
2.1
1.76666666666667
1.75
1.75
1.76666666666667
1.8
1.8
1.8
1.78333333333333
1.8
1.76666666666667
1.8
2.06666666666667
1.76666666666667
1.8
1.83333333333333
1.78333333333333
1.78333333333333
1.8
1.8
1.75
1.76666666666667
1.76666666666667
1.8
2.06666666666667
1.75
1.76666666666667
1.75
1.76666666666667
1.78333333333333
1.76666666666667
1.78333333333333
1.75
1.78333333333333
1.8
1.81666666666667
2.05
1.75
1.76666666666667
1.76666666666667
1.78333333333333
1.8
1.8
1.8
1.76666666666667
1.76666666666667
1.75
1.81666666666667
2.08333333333333
1.75
1.76666666666667
1.76666666666667
1.75
1.75
1.78333333333333
1.78333333333333
1.78333333333333
1.81666666666667
1.81666666666667
1.78333333333333
2.01666666666667
1.75
1.85
1.8
1.76666666666667
1.8
1.8
1.78333333333333
1.8
1.76666666666667
1.76666666666667
1.8
2.16666666666667
1.73333333333333
1.78333333333333
1.75
1.75
1.75
1.8
1.73333333333333
1.78333333333333
1.75
1.98333333333333
2.78333333333333
2.05
1.73333333333333
1.86666666666667
1.95
1.75
1.81666666666667
1.8
1.75
1.8
1.75
1.76666666666667
1.8
2.05
1.75
1.8
1.75
1.76666666666667
1.75
1.75
1.75
1.78333333333333
1.75
1.75
1.78333333333333
2.06666666666667
1.75
1.8
1.75
1.76666666666667
1.75
1.75
1.75
1.8
1.75
1.78333333333333
1.86666666666667
2.06666666666667
1.75
1.78333333333333
1.75
1.78333333333333
1.75
1.76666666666667
1.73333333333333
1.78333333333333
1.75
1.78333333333333
1.78333333333333
2.05
1.75
1.75
1.75
1.8
1.75
1.76666666666667
1.85
1.78333333333333
1.75
1.8
1.76666666666667
2.06666666666667
1.75
1.78333333333333
1.75
1.8
1.75
1.76666666666667
1.73333333333333
1.75
1.75
1.8
1.78333333333333
2.08333333333333
1.75
1.75
1.78333333333333
1.76666666666667
1.78333333333333
1.73333333333333
1.73333333333333
1.75
5.2
1.75
1.8
2.05
1.75
1.76666666666667
1.75
1.75
1.75
1.8
1.78333333333333
1.76666666666667
1.75
1.78333333333333
1.78333333333333
2.06666666666667
1.76666666666667
1.75
1.75
1.75
1.78333333333333
1.75
1.78333333333333
1.78333333333333
1.8
1.75
1.78333333333333
