1.61666666666667
1.6
1.56666666666667
1.55
1.81666666666667
1.73333333333333
1.61666666666667
1.6
1.61666666666667
1.55
1.66666666666667
1.56666666666667
1.6
1.6
1.58333333333333
1.56666666666667
1.83333333333333
1.85
1.68333333333333
1.58333333333333
1.61666666666667
1.56666666666667
1.56666666666667
1.55
1.73333333333333
1.61666666666667
1.56666666666667
1.55
1.81666666666667
1.73333333333333
1.6
1.55
1.6
1.55
1.63333333333333
1.56666666666667
1.6
1.6
1.61666666666667
1.53333333333333
1.8
1.71666666666667
1.63333333333333
1.58333333333333
1.58333333333333
1.55
1.6
1.56666666666667
1.56666666666667
1.56666666666667
1.61666666666667
1.55
1.83333333333333
1.68333333333333
1.61666666666667
1.55
1.56666666666667
1.58333333333333
1.63333333333333
1.6
1.6
1.58333333333333
1.61666666666667
1.55
1.91666666666667
1.7
1.6
1.58333333333333
1.56666666666667
1.56666666666667
1.6
1.6
1.63333333333333
1.55
1.61666666666667
1.55
5
3.96666666666667
1.76666666666667
1.6
1.73333333333333
1.63333333333333
1.68333333333333
1.61666666666667
1.58333333333333
1.68333333333333
1.7
1.66666666666667
1.98333333333333
1.78333333333333
2.6
1.78333333333333
1.78333333333333
1.7
1.75
1.71666666666667
1.71666666666667
1.81666666666667
1.73333333333333
1.65
1.95
1.75
1.5
1.5
1.5
1.65
1.5
1.5
2.68333333333333
1.53333333333333
1.51666666666667
1.5
1.75
1.55
1.51666666666667
1.51666666666667
1.51666666666667
1.53333333333333
1.5
1.51666666666667
1.5
1.53333333333333
1.51666666666667
1.53333333333333
1.76666666666667
1.53333333333333
1.48333333333333
1.5
1.5
1.45
2.03333333333333
1.53333333333333
1.5
1.46666666666667
1.48333333333333
1.43333333333333
1.75
1.61666666666667
2.16666666666667
4
4.11666666666667
1.5
1.53333333333333
1.48333333333333
1.48333333333333
1.48333333333333
1.51666666666667
1.46666666666667
2.48333333333333
2.38333333333333
1.81666666666667
1.5
1.53333333333333
1.51666666666667
1.51666666666667
1.48333333333333
1.5
1.41666666666667
1.51666666666667
1.45
1.76666666666667
1.58333333333333
1.51666666666667
1.46666666666667
1.48333333333333
1.45
1.5
1.43333333333333
1.46666666666667
1.43333333333333
1.43333333333333
1.4
2.48333333333333
2.25
1.5
1.5
1.5
1.46666666666667
1.46666666666667
1.45
1.5
1.5
1.51666666666667
1.46666666666667
2.33333333333333
2.08333333333333
1.5
1.48333333333333
1.5
1.5
1.5
1.41666666666667
1.5
1.45
1.53333333333333
1.4
1.7
1.58333333333333
1.51666666666667
1.41666666666667
1.5
1.46666666666667
1.53333333333333
1.5
1.53333333333333
1.48333333333333
1.51666666666667
1.46666666666667
1.71666666666667
1.56666666666667
1.53333333333333
1.43333333333333
1.46666666666667
1.5
1.51666666666667
1.48333333333333
1.48333333333333
1.46666666666667
1.48333333333333
1.48333333333333
1.71666666666667
1.6
1.5
1.5
1.41666666666667
1.5
1.46666666666667
1.43333333333333
1.5
1.45
1.48333333333333
1.48333333333333
1.71666666666667
1.65
1.5
1.45
1.5
1.46666666666667
1.53333333333333
1.48333333333333
1.48333333333333
1.53333333333333
1.51666666666667
1.46666666666667
1.73333333333333
1.63333333333333
1.51666666666667
1.46666666666667
1.51666666666667
1.5
1.51666666666667
1.5
1.53333333333333
1.43333333333333
1.51666666666667
1.4
1.7
1.6
1.53333333333333
1.41666666666667
1.5
1.5
1.5
1.45
1.48333333333333
1.5
1.51666666666667
1.5
1.71666666666667
1.65
1.5
1.5
1.5
1.48333333333333
1.5
1.45
1.6
1.61666666666667
1.58333333333333
1.55
1.83333333333333
1.7
1.6
1.58333333333333
1.58333333333333
1.55
1.58333333333333
1.56666666666667
