0
0
0
0
0
0
0
0
0
0
0
0
0
2.8
1.43333333333333
1.4
1.4
1.4
1.4
1.4
1.4
1.4
1.4
1.4
1.4
1.4
1.4
1.4
1.53333333333333
1.43333333333333
1.4
1.4
4.66666666666667
3.2
1.96666666666667
1.96666666666667
2
2
1.96666666666667
2
1.83333333333333
1.93333333333333
2
1.8
2
2
2
2
1.86666666666667
1.83333333333333
2
1.9
1.96666666666667
1.86666666666667
1.86666666666667
1.93333333333333
2
1.86666666666667
1.96666666666667
2
1.93333333333333
1.96666666666667
1.96666666666667
1.8
1.9
1.9
1.96666666666667
1.86666666666667
1.9
1.96666666666667
2
1.83333333333333
1.9
1.93333333333333
1.8
1.83333333333333
1.9
1.76666666666667
1.9
1.93333333333333
1.93333333333333
2
1.86666666666667
1.9
1.83333333333333
1.86666666666667
2
1.9
2
2
1.96666666666667
1.86666666666667
1.93333333333333
1.93333333333333
1.96666666666667
1.96666666666667
1.93333333333333
1.96666666666667
1.9
1.96666666666667
1.96666666666667
2
2
2
2
2
1.93333333333333
1.83333333333333
1.9
2
1.96666666666667
1.83333333333333
1.83333333333333
1.9
2
1.96666666666667
1.96666666666667
1.9
1.86666666666667
1.86666666666667
1.96666666666667
1.9
2
2
1.96666666666667
1.93333333333333
1.93333333333333
2
2
2
2
1.96666666666667
1.86666666666667
1.93333333333333
1.96666666666667
1.96666666666667
1.86666666666667
1.86666666666667
1.96666666666667
1.9
1.93333333333333
1.93333333333333
2
1.86666666666667
1.96666666666667
2
2
2
2
1.93333333333333
1.93333333333333
1.93333333333333
2
1.96666666666667
2
1.93333333333333
1.93333333333333
1.9
2
1.86666666666667
2
1.86666666666667
1.83333333333333
1.83333333333333
1.93333333333333
1.86666666666667
1.96666666666667
1.7
1.83333333333333
1.93333333333333
1.96666666666667
1.9
1.83333333333333
1.93333333333333
1.96666666666667
1.8
1.86666666666667
1.93333333333333
1.96666666666667
1.83333333333333
1.9
1.93333333333333
1.96666666666667
1.96666666666667
2
1.93333333333333
1.86666666666667
1.86666666666667
1.93333333333333
1.9
2
1.8
1.83333333333333
1.86666666666667
1.96666666666667
1.86666666666667
1.96666666666667
2
1.93333333333333
2
1.93333333333333
1.83333333333333
1.76666666666667
1.83333333333333
1.9
1.9
2
2
2
1.86666666666667
1.96666666666667
1.9
1.9
1.86666666666667
1.73333333333333
1.96666666666667
1.96666666666667
1.96666666666667
1.86666666666667
2.63333333333333
5.03333333333333
4.16666666666667
3.9
4.7
3.96666666666667
4.06666666666667
4.46666666666667
4.13333333333333
3.93333333333333
4.9
4.3
4
5.3
4.2
3.83333333333333
5.4
3.96666666666667
4.06666666666667
4.5
4.1
3.86666666666667
4.8
3.9
4.1
5.16666666666667
4.13333333333333
3.86666666666667
4.8
3.83333333333333
4.1
4.93333333333333
4.13333333333333
3.9
5.16666666666667
4.03333333333333
4.1
5.16666666666667
4.1
3.9
6.13333333333333
4
4.1
4.5
4
3.83333333333333
4.7
3.93333333333333
4.06666666666667
5.16666666666667
4.2
3.93333333333333
5.1
5.33333333333333
4.9
4.6
4.16666666666667
3.96666666666667
4.63333333333333
4
4.16666666666667
5.2
4.13333333333333
3.9
4.96666666666667
4
4.1
4.8
4.2
