1.20833333333333
1.06666666666667
1.09166666666667
1.06666666666667
1.06666666666667
1.08333333333333
1.09166666666667
1.06666666666667
1.10833333333333
1.04166666666667
1.075
1.075
1.21666666666667
1.06666666666667
1.1
1.075
1.09166666666667
1.09166666666667
1.09166666666667
1.075
1.11666666666667
1.1
1.06666666666667
1.09166666666667
1.225
1.10833333333333
1.04166666666667
1.09166666666667
1.06666666666667
1.06666666666667
1.06666666666667
1.11666666666667
1.10833333333333
1.025
1.05833333333333
1.11666666666667
1.19166666666667
1.075
1.05
1.06666666666667
1.03333333333333
1.06666666666667
1.08333333333333
1.025
1.08333333333333
1.08333333333333
1.05
1.025
1.19166666666667
1.06666666666667
1.04166666666667
1.05833333333333
1.075
1.09166666666667
1.05833333333333
1.075
1.08333333333333
1.08333333333333
1.13333333333333
1.075
1.2
1.075
1.075
1.08333333333333
1.08333333333333
1.10833333333333
1.06666666666667
1.03333333333333
1.08333333333333
1.11666666666667
1.09166666666667
1.06666666666667
1.225
1.06666666666667
1.04166666666667
1.05833333333333
1.05833333333333
1.05
1.075
1.08333333333333
1.075
1.05
1.05833333333333
1.05
1.20833333333333
1.075
1.08333333333333
1.1
1.08333333333333
1.05833333333333
1.075
1.03333333333333
1.08333333333333
1.075
1.10833333333333
1.06666666666667
1.20833333333333
1.075
1.04166666666667
1.1
1.05833333333333
1
1.025
1
1.01666666666667
1.01666666666667
1.01666666666667
1
1.14166666666667
1
1.025
1
1.025
1
1.00833333333333
1
1.03333333333333
1.01666666666667
1.01666666666667
1
1.15833333333333
1
1
1
1.025
1
1.025
1
1.00833333333333
1.01666666666667
1.01666666666667
1.00833333333333
1.15
1.00833333333333
1.025
1.025
1.00833333333333
1.025
1.025
1.00833333333333
1.025
1.03333333333333
1.025
1
1.15
1
1.01666666666667
1.00833333333333
1.025
1
1.01666666666667
1.18333333333333
1.03333333333333
1.03333333333333
1.01666666666667
1.025
1.13333333333333
1
1.025
1.025
1.025
1.025
1.025
1.025
1.00833333333333
1.03333333333333
1.01666666666667
1.025
1.15
1.01666666666667
1.01666666666667
1.01666666666667
1.025
1.025
1.025
1.01666666666667
1.025
1.04166666666667
1.025
1.00833333333333
1.15
1.025
1.01666666666667
1.025
1.025
1.03333333333333
1.01666666666667
1.01666666666667
1.04166666666667
1.04166666666667
1.025
1.01666666666667
1.15
1
1.025
1.025
1.025
1.1
1.01666666666667
1.025
1.025
1.05
1.025
1.025
1.15
1.025
1.025
1.01666666666667
1.025
1.04166666666667
1.025
1
1.025
1.05
1.00833333333333
1.025
1.15
1.025
1
1.03333333333333
1.025
1.03333333333333
1.025
1.01666666666667
1.025
1.03333333333333
1.025
1.00833333333333
1.15
1.025
1.025
1.025
1.025
1.05
1.025
1.01666666666667
1.025
1.03333333333333
1.025
1.025
1.15
1.01666666666667
1.025
1.05
1.01666666666667
1.03333333333333
1.025
1.025
1.025
1.05
1.025
1
1.15
1.025
1.025
1.03333333333333
1
1.05
1.01666666666667
1.01666666666667
1.01666666666667
1.05
1.03333333333333
1.00833333333333
1.14166666666667
1.025
1.01666666666667
1.01666666666667
1.025
1.025
1.00833333333333
1.01666666666667
1.025
1.05
1.025
1.025
1.23333333333333
1.05833333333333
1.16666666666667
1.2
1.11666666666667
1.05833333333333
1.09166666666667
1.09166666666667
1.09166666666667
1.10833333333333
1.08333333333333
1.04166666666667
