6.75
6.8
7.06666666666667
6.86666666666667
7.23333333333333
7.41666666666667
6.8
6.91666666666667
7
6.83333333333333
6.83333333333333
6.65
6.66666666666667
6.71666666666667
7.58333333333333
7.25
6.6
6.65
6.53333333333333
6.58333333333333
6.46666666666667
6.51666666666667
6.66666666666667
6.91666666666667
7.2
6.58333333333333
6.63333333333333
6.95
6.6
7.16666666666667
6.45
6.58333333333333
6.5
7.51666666666667
6.71666666666667
6.6
6.45
6.8
6.61666666666667
6.61666666666667
6.6
6.65
6.81666666666667
7.48333333333333
6.71666666666667
6.55
6.48333333333333
6.63333333333333
6.38333333333333
6.46666666666667
6.6
6.6
7.51666666666667
7.21666666666667
7.16666666666667
6.96666666666667
7.08333333333333
6.51666666666667
6.56666666666667
6.68333333333333
6.31666666666667
6.63333333333333
7.5
6.65
6.83333333333333
6.46666666666667
6.66666666666667
6.61666666666667
6.6
6.51666666666667
6.6
7.25
6.63333333333333
6.58333333333333
6.58333333333333
6.7
6.71666666666667
6.33333333333333
6.66666666666667
6.46666666666667
6.68333333333333
7.5
6.7
6.43333333333333
6.6
6.56666666666667
6.46666666666667
6.71666666666667
6.56666666666667
6.65
7.2
6.76666666666667
6.51666666666667
6.71666666666667
6.58333333333333
6.6
6.58333333333333
6.58333333333333
6.5
6.7
7.46666666666667
6.75
6.55
6.55
6.58333333333333
6.41666666666667
6.38333333333333
6.6
6.61666666666667
7.2
6.98333333333333
6.66666666666667
6.73333333333333
6.53333333333333
6.55
6.56666666666667
6.55
6.46666666666667
6.58333333333333
7.43333333333333
6.63333333333333
6.51666666666667
6.53333333333333
6.6
6.73333333333333
6.58333333333333
6.56666666666667
6.31666666666667
7.03333333333333
7.13333333333333
6.55
6.68333333333333
6.45
6.55
6.55
6.63333333333333
6.63333333333333
6.68333333333333
7.15
6.66666666666667
6.51666666666667
6.68333333333333
6.53333333333333
6.61666666666667
6.56666666666667
6.5
6.41666666666667
7.03333333333333
7.26666666666667
6.66666666666667
6.61666666666667
6.6
6.86666666666667
6.51666666666667
6.66666666666667
6.33333333333333
6.63333333333333
7.36666666666667
6.73333333333333
6.73333333333333
7.3
6.61666666666667
6.45
6.55
6.53333333333333
6.63333333333333
6.73333333333333
7.06666666666667
6.73333333333333
6.5
6.55
6.6
6.86666666666667
6.53333333333333
6.56666666666667
6.7
7.53333333333333
6.66666666666667
6.61666666666667
6.55
6.66666666666667
6.6
6.75
6.61666666666667
6.56666666666667
6.9
7.61666666666667
6.71666666666667
6.7
6.65
6.7
6.55
6.91666666666667
6.75
6.8
7.48333333333333
6.93333333333333
7.3
6.83333333333333
6.66666666666667
6.75
6.58333333333333
6.73333333333333
6.71666666666667
6.91666666666667
7.56666666666667
6.75
6.8
6.98333333333333
7
6.83333333333333
6.7
6.63333333333333
6.95
7.4
7
6.88333333333333
6.88333333333333
6.83333333333333
6.86666666666667
7.03333333333333
7.03333333333333
7.1
7.15
7.68333333333333
6.91666666666667
7.01666666666667
6.93333333333333
7.25
6.73333333333333
7.18333333333333
7.05
7.05
7.8
7.2
7.05
6.58333333333333
7
7.2
7
6.93333333333333
6.98333333333333
7.26666666666667
7.8
7.05
7.08333333333333
7.16666666666667
7.11666666666667
6.73333333333333
7.01666666666667
7.06666666666667
6.8
7.45
7.2
7.01666666666667
6.8
7
6.8
6.93333333333333
6.96666666666667
6.95
6.9
7.96666666666667
7.08333333333333
6.83333333333333
7.03333333333333
7
6.95
7.15
7.03333333333333
6.88333333333333
7.2
7.7
6.91666666666667
7.31666666666667
6.98333333333333
7.01666666666667
7.1
7.16666666666667
7
7.23333333333333
7.66666666666667
7.01666666666667
7.18333333333333
7.1
6.96666666666667
7.05
7.01666666666667
