6.9
7.23333333333333
7.5
7.16666666666667
7.4
7.56666666666667
7.33333333333333
7.63333333333333
7.73333333333333
7.5
7.63333333333333
7.83333333333333
7.76666666666667
7.8
7.53333333333333
7.5
7.9
8.03333333333333
7.7
7.03333333333333
7.5
7.33333333333333
7.6
7.46666666666667
6.93333333333333
7.86666666666667
7.9
8.1
7.66666666666667
7.3
7.6
7.86666666666667
7.56666666666667
7
7.03333333333333
7.8
7.8
7.76666666666667
7.23333333333333
6.96666666666667
7.46666666666667
8
8.33333333333333
7.56666666666667
7.4
8.03333333333333
6.66666666666667
5.03333333333333
6.53333333333333
2.46666666666667
2.13333333333333
2.23333333333333
6
2.4
2.16666666666667
2.16666666666667
1.93333333333333
2
2.1
1.9
4.66666666666667
7.76666666666667
7.8
7.23333333333333
7.36666666666667
7.56666666666667
7.43333333333333
7.43333333333333
8.53333333333333
8.66666666666667
7.63333333333333
7.33333333333333
7.86666666666667
7.76666666666667
7.93333333333333
7.73333333333333
7.9
8
7.96666666666667
8.1
7.73333333333333
8.1
8.1
7.83333333333333
7.73333333333333
7.9
8.16666666666667
8.06666666666667
8.53333333333333
7.5
7.56666666666667
7.8
7.83333333333333
7.73333333333333
7.5
7.86666666666667
7.86666666666667
7.53333333333333
7.63333333333333
7.56666666666667
7.66666666666667
7.96666666666667
8.13333333333333
7.66666666666667
7.46666666666667
8.13333333333333
8.13333333333333
7.86666666666667
8.36666666666667
8.03333333333333
8.13333333333333
7.86666666666667
8.1
7.56666666666667
7.63333333333333
7.8
7.73333333333333
7.46666666666667
7.4
7.9
7.8
7.73333333333333
7.73333333333333
7.5
7.86666666666667
7.9
7.96666666666667
7.86666666666667
7.36666666666667
8.03333333333333
8.3
8.3
8
7.76666666666667
7.33333333333333
7.16666666666667
7.2
6.5
6.7
7.3
7.13333333333333
6.6
6.96666666666667
6.86666666666667
7.3
6.86666666666667
7.1
6.8
6.86666666666667
7.13333333333333
6.96666666666667
7.4
7.13333333333333
7.13333333333333
7.6
7.36666666666667
7.36666666666667
7.13333333333333
7.43333333333333
7.53333333333333
7.43333333333333
7.33333333333333
7.03333333333333
7.13333333333333
7.33333333333333
7.7
8.23333333333333
7.13333333333333
7.03333333333333
7.76666666666667
8
7.63333333333333
7.26666666666667
7.33333333333333
7.23333333333333
7.2
7.5
7.33333333333333
7.23333333333333
7.33333333333333
7.76666666666667
7.8
7.6
7.7
7.93333333333333
8.2
7.9
7.5
7.76666666666667
7.96666666666667
8.2
7.66666666666667
7.4
7.6
7.93333333333333
7.83333333333333
8.1
8.06666666666667
8.13333333333333
7.86666666666667
7.16666666666667
7.26666666666667
7.33333333333333
7.4
7.43333333333333
6.57142857142857
7.33333333333333
7.26666666666667
7.56666666666667
7.5
7.3
7.13333333333333
7.56666666666667
7.53333333333333
7.5
7.43333333333333
7.1
7.06666666666667
7.6
7.63333333333333
7.36666666666667
7.16666666666667
7.73333333333333
7.6
7.56666666666667
7.56666666666667
7.7
7.6
7.8
7.86666666666667
7.6
7.36666666666667
7.46666666666667
7.83333333333333
7.73333333333333
7.1
7.16666666666667
7.73333333333333
7.73333333333333
7.46666666666667
7.4
7.3
7.7
6.9
7.8
7.3
8.06666666666667
8.23333333333333
8.7
8.26666666666667
8.16666666666667
7.86666666666667
7.9
7.66666666666667
8.33333333333333
8
7.83333333333333
7.96666666666667
8.33333333333333
8.06666666666667
7.7
8.13333333333333
8.46666666666667
8.23333333333333
8.9
5.1
3.36666666666667
1.83333333333333
2.1
2.23333333333333
2.1
1.93333333333333
1.9
1.96666666666667
2.03333333333333
1.9
5.03333333333333
7.03333333333333
7.56666666666667
6.8
6.1
8.06666666666667
7.56666666666667
8
7.1
7.3
7.23333333333333
7.13333333333333
