3.1
3
3.3
3.3
3.13333333333333
3
3
3
3.13333333333333
3.26666666666667
3
3.4
3
3.1
3
3
3.03333333333333
3
3.03333333333333
3
3.16666666666667
3.36666666666667
3
3.03333333333333
3
3.03333333333333
3
3
3
3
3
3
3.33333333333333
3.16666666666667
3.13333333333333
2.96666666666667
3
2.93333333333333
3
3
3.1
3.1
3.1
3.13333333333333
3.13333333333333
3.13333333333333
3.13333333333333
3
3
3.2
3.43333333333333
3.13333333333333
3
3
3
3.03333333333333
3.13333333333333
3.16666666666667
3.16666666666667
3.3
3.03333333333333
3
3.16666666666667
3.03333333333333
3.03333333333333
3.1
3
3
3.16666666666667
3.1
3.26666666666667
3.13333333333333
3.3
3.03333333333333
3.06666666666667
3
3
3
3
3
3.36666666666667
3.23333333333333
3.26666666666667
3.13333333333333
3
3.03333333333333
3.1
3
3.3
3.1
3.13333333333333
3
3.13333333333333
3.06666666666667
3.2
3
3
3
3.16666666666667
3.06666666666667
3
3.1
3
3
3.4
3.06666666666667
3.26666666666667
3.03333333333333
4.3
3.5
3.43333333333333
3.26666666666667
3.13333333333333
2.9
3
3.13333333333333
3.6
3.13333333333333
3.46666666666667
3
4.03333333333333
3.2
3.23333333333333
3.03333333333333
3.06666666666667
3.56666666666667
3.1
3.5
3.56666666666667
3.5
3.26666666666667
3
3.43333333333333
3.16666666666667
3.03333333333333
3.2
3.43333333333333
3.2
3
3
3.3
3.13333333333333
3.2
3.76666666666667
3.5
3.76666666666667
3.26666666666667
3.86666666666667
3.06666666666667
3
3.2
3
3.16666666666667
3.3
3.4
3.96666666666667
3.73333333333333
3.43333333333333
3.3
3
3.2
3.16666666666667
3.06666666666667
3.1
3.76666666666667
3.66666666666667
3.36666666666667
3.3
3.6
3.13333333333333
3.1
3.2
3.1
3.1
3.23333333333333
3.6
3.33333333333333
3.56666666666667
3.3
3
3.1
3.2
3.3
3.1
3.36666666666667
3.5
3.5
3.5
3.23333333333333
3.33333333333333
3.23333333333333
3.2
3.36666666666667
3.3
4.36666666666667
3.46666666666667
3.13333333333333
3.26666666666667
3.4
3.16666666666667
3.5
3.23333333333333
4.06666666666667
3.46666666666667
3.83333333333333
3.13333333333333
3.4
3.43333333333333
3.56666666666667
3.03333333333333
3.1
3
3.46666666666667
3.66666666666667
3.53333333333333
4.23333333333333
3.2
3
3.13333333333333
3.03333333333333
2.93333333333333
3.03333333333333
3.1
3.8
3.1
3.2
3.63333333333333
3.9
3.13333333333333
3.1
3.2
3
3.6
3.13333333333333
3.13333333333333
3.1
3.06666666666667
3.2
3.4
3
3.46666666666667
3.33333333333333
3.56666666666667
3.03333333333333
3.3
3
3
3.3
3.23333333333333
3.5
3.73333333333333
3.2
3.13333333333333
3.2
3.03333333333333
3
3
3.2
3.33333333333333
3.23333333333333
3.3
3.3
3.16666666666667
3.16666666666667
3.26666666666667
3
3
3
3.16666666666667
3.3
3.06666666666667
3.4
3.2
3.33333333333333
3.16666666666667
3.13333333333333
3.2
3.36666666666667
3.6
3.4
3.16666666666667
3.06666666666667
3
3
3.06666666666667
3.43333333333333
3.06666666666667
3.13333333333333
