2
1.5
2.1
1.56666666666667
2.13333333333333
1.76666666666667
2.1
1.5
2.1
1.56666666666667
2.1
1.76666666666667
2.03333333333333
1.5
2.13333333333333
1.53333333333333
2.03333333333333
1.8
2.13333333333333
1.5
2.06666666666667
1.5
2.1
1.8
2.1
1.5
2.06666666666667
1.9
2.26666666666667
1.8
2.1
1.5
2.06666666666667
1.6
2.06666666666667
1.76666666666667
2.06666666666667
1.5
2.1
1.7
2.13333333333333
1.83333333333333
2.2
1.6
2.1
1.63333333333333
2.13333333333333
1.8
2.06666666666667
1.5
2.16666666666667
1.6
2.03333333333333
1.76666666666667
2.1
1.5
2.03333333333333
1.5
2.36666666666667
1.76666666666667
2.1
1.63333333333333
2.26666666666667
1.56666666666667
2.1
1.76666666666667
2.1
1.53333333333333
2.06666666666667
1.53333333333333
2.1
1.8
2.03333333333333
1.56666666666667
2.1
1.53333333333333
2.06666666666667
1.8
2.16666666666667
1.5
2.1
1.6
2.1
1.8
2
1.63333333333333
2.3
1.56666666666667
2.16666666666667
1.96666666666667
2.23333333333333
1.5
2.1
1.5
2.16666666666667
1.76666666666667
2
1.5
2.1
1.56666666666667
2.16666666666667
1.8
2
1.6
2.16666666666667
1.6
2.03333333333333
1.76666666666667
2.2
1.5
2.13333333333333
1.63333333333333
2.13333333333333
1.8
2.06666666666667
1.53333333333333
2.16666666666667
1.66666666666667
2.16666666666667
1.5
2.1
1.5
2.1
1.76666666666667
2.16666666666667
1.8
2.06666666666667
1.5
2.2
1.56666666666667
2
1.76666666666667
2.1
1.5
2.06666666666667
1.56666666666667
2.06666666666667
1.86666666666667
3.6
1.5
2.13333333333333
1.8
2.1
1.8
2.26666666666667
1.5
2.2
1.66666666666667
2.1
1.8
2.1
1.5
2.06666666666667
1.53333333333333
2.13333333333333
1.8
2
1.53333333333333
2.2
1.6
2.33333333333333
1.8
2.16666666666667
1.5
2.3
1.53333333333333
2.13333333333333
1.8
2
1.5
2.1
1.56666666666667
2.06666666666667
1.76666666666667
2.13333333333333
1.73333333333333
2
1.56666666666667
2.13333333333333
1.8
2
1.73333333333333
2.1
1.5
2.1
1.8
2.1
1.5
2.06666666666667
1.7
2.1
1.8
2
1.5
2.16666666666667
1.56666666666667
2.06666666666667
1.8
2.06666666666667
1.6
2.2
1.5
2.06666666666667
1.73333333333333
2.1
1.5
2.06666666666667
1.56666666666667
2.1
1.8
2.03333333333333
1.6
2.13333333333333
1.56666666666667
2.13333333333333
1.76666666666667
2.1
1.5
2.13333333333333
1.6
2.16666666666667
7.23333333333333
3.1
1.53333333333333
2.16666666666667
1.53333333333333
2.1
1.76666666666667
2.1
1.53333333333333
2.13333333333333
1.6
2.36666666666667
1.8
2.03333333333333
1.5
2.16666666666667
1.7
2.13333333333333
1.96666666666667
2.2
1.5
2.13333333333333
1.66666666666667
2.16666666666667
1.8
2.06666666666667
1.5
2.16666666666667
1.53333333333333
2.16666666666667
1.76666666666667
2.1
1.53333333333333
2.1
1.53333333333333
2.3
1.8
2.13333333333333
1.5
2.1
1.53333333333333
2.23333333333333
1.8
2.1
1.73333333333333
2.1
1.6
2.13333333333333
1.76666666666667
2.03333333333333
1.53333333333333
2.16666666666667
1.5
2.13333333333333
1.76666666666667
2.13333333333333
1.76666666666667
2.1
1.6
2.23333333333333
1.76666666666667
2.3
1.5
2.1
1.7
2.03333333333333
1.76666666666667
