1.76666666666667
1.78333333333333
1.8
1.8
1.81666666666667
1.81666666666667
1.8
1.96666666666667
1.76666666666667
1.76666666666667
1.8
1.8
1.8
1.8
1.76666666666667
1.8
1.78333333333333
1.78333333333333
1.8
2
1.8
1.8
1.76666666666667
1.75
1.75
1.85
1.78333333333333
1.8
1.8
1.8
1.76666666666667
1.96666666666667
1.76666666666667
1.81666666666667
1.81666666666667
1.8
1.8
1.78333333333333
1.8
1.76666666666667
1.76666666666667
1.8
1.91666666666667
1.98333333333333
1.8
1.8
1.78333333333333
1.76666666666667
1.78333333333333
1.8
1.8
1.8
1.8
1.85
1.78333333333333
1.96666666666667
1.76666666666667
1.78333333333333
1.9
1.8
1.8
1.8
1.8
1.78333333333333
1.75
1.8
1.85
2.03333333333333
1.8
1.8
1.8
1.8
1.78333333333333
1.76666666666667
1.8
1.8
1.8
1.83333333333333
1.8
2
1.8
1.8
1.8
1.8
1.75
1.75
1.78333333333333
1.8
1.8
1.83333333333333
1.8
2
1.8
1.8
1.8
1.8
1.78333333333333
1.8
1.8
1.78333333333333
1.71666666666667
1.58333333333333
1.58333333333333
1.75
1.55
1.51666666666667
1.58333333333333
1.5
1.6
1.71666666666667
1.56666666666667
1.51666666666667
1.6
1.55
1.58333333333333
1.7
1.55
1.5
1.56666666666667
1.53333333333333
1.61666666666667
1.53333333333333
1.58333333333333
1.5
1.65
1.65
1.63333333333333
1.7
1.56666666666667
1.51666666666667
1.58333333333333
1.5
1.6
1.58333333333333
1.56666666666667
1.56666666666667
1.6
1.63333333333333
1.61666666666667
1.76666666666667
1.56666666666667
1.55
1.56666666666667
1.63333333333333
1.61666666666667
1.6
1.56666666666667
1.55
2.21666666666667
2.36666666666667
1.6
1.75
1.55
1.95
1.56666666666667
1.56666666666667
1.63333333333333
1.53333333333333
1.56666666666667
1.63333333333333
1.63333333333333
1.6
1.56666666666667
1.76666666666667
1.58333333333333
1.58333333333333
1.55
1.55
1.55
1.55
1.56666666666667
1.6
1.65
1.63333333333333
1.6
1.75
1.56666666666667
1.6
1.6
1.55
1.61666666666667
1.55
1.55
1.65
1.63333333333333
1.61666666666667
1.6
1.76666666666667
1.55
1.56666666666667
1.55
1.55
1.6
1.58333333333333
1.55
1.56666666666667
1.56666666666667
1.6
1.6
1.76666666666667
1.55
1.55
1.56666666666667
1.6
1.6
1.56666666666667
1.55
1.55
1.58333333333333
1.6
1.6
1.75
1.55
1.55
1.55
1.55
1.6
1.56666666666667
1.56666666666667
1.55
1.66666666666667
1.6
1.58333333333333
1.75
1.55
1.55
1.55
1.56666666666667
1.61666666666667
1.55
1.55
1.55
1.6
1.6
1.58333333333333
1.75
1.58333333333333
1.56666666666667
1.55
1.55
1.58333333333333
1.58333333333333
1.55
1.55
1.6
1.6
1.55
1.78333333333333
1.55
1.71666666666667
1.56666666666667
1.58333333333333
1.61666666666667
1.55
1.55
1.55
1.63333333333333
1.61666666666667
1.6
1.75
1.58333333333333
2.25
1.7
1.55
1.56666666666667
1.58333333333333
1.63333333333333
1.56666666666667
1.63333333333333
1.56666666666667
1.65
1.81666666666667
1.68333333333333
1.55
2.17857142857143
1.78333333333333
1.8
1.8
1.8
1.8
1.8
1.85
1.76666666666667
1.98333333333333
1.8
1.8
1.78333333333333
1.78333333333333
