2.23333333333333
1.36666666666667
1.38333333333333
1.46666666666667
1.71666666666667
1.4
1.4
1.36666666666667
1.35
1.4
1.26666666666667
1.23333333333333
1.66666666666667
1.35
1.35
1.36666666666667
1.26666666666667
1.3
1.4
1.33333333333333
1.35
1.48333333333333
1.35
1.35
8.08333333333333
16.2833333333333
20.1
18.95
20.1833333333333
21
19.25
21.6166666666667
20.5
19.8333333333333
19.9833333333333
18.3833333333333
26.1
21.2166666666667
21.0666666666667
21.9
21.3333333333333
25.7166666666667
23.7833333333333
27.4
27.3833333333333
25.7666666666667
22.1
24.5833333333333
23.7
21.65
19.0333333333333
29.55
29.3166666666667
17.4833333333333
20.6
22.6166666666667
6.36666666666667
6.51666666666667
17.8666666666667
18.75
18.1666666666667
11.9166666666667
1.66666666666667
1.88333333333333
1.35
1.35
10.85
20.6333333333333
24.0333333333333
23.3666666666667
23.5333333333333
23.5333333333333
23.9166666666667
24.4
26.9166666666667
35.7166666666667
32.5
23.0333333333333
23.35
29.45
21.7666666666667
30.1333333333333
27.5166666666667
30.3
27.2833333333333
29.15
11.3833333333333
1.4
1.35
1.35
1.4
1.35
1.35
1.4
1.35
1.35
1.66666666666667
1.45
1.35
1.4
1.35
1.35
1.4
1.38333333333333
1.35
1.4
1.35
1.35
1.85
1.55
1.55
1.6
1.55
1.55
1.6
1.68333333333333
1.55
1.48333333333333
1.35
1.35
1.65
1.35
1.35
1.4
1.35
1.36666666666667
1.41666666666667
1.35
1.33333333333333
1.38333333333333
1.35
1.33333333333333
1.63333333333333
1.36666666666667
1.33333333333333
1.5
1.35
1.33333333333333
1.46666666666667
1.35
1.33333333333333
1.38333333333333
1.35
1.35
1.76666666666667
1.38333333333333
1.33333333333333
1.38333333333333
1.33333333333333
1.33333333333333
1.41666666666667
1.36666666666667
1.35
1.43333333333333
1.35
1.3
1.6
1.31666666666667
1.33333333333333
1.38333333333333
1.33333333333333
1.33333333333333
1.45
1.31666666666667
1.28333333333333
1.38333333333333
1.35
1.21666666666667
1.58333333333333
1.31666666666667
1.36666666666667
1.38333333333333
1.35
1.3
1.31666666666667
1.31666666666667
1.3
1.38333333333333
1.35
1.25
1.61666666666667
1.33333333333333
1.28333333333333
1.33333333333333
1.26666666666667
1.21666666666667
1.38333333333333
1.35
1.35
1.4
1.35
1.35
1.65
1.35
1.35
1.43333333333333
1.35
1.35
1.4
1.33333333333333
1.35
1.4
1.28333333333333
1.33333333333333
1.63333333333333
1.33333333333333
1.33333333333333
1.35
1.35
1.35
1.43333333333333
1.45
1.4
1.38333333333333
1.41666666666667
1.35
8.95
4.71666666666667
1.4
1.4
1.35
1.33333333333333
1.4
1.33333333333333
1.31666666666667
1.45
1.36666666666667
1.33333333333333
1.75
1.33333333333333
1.81666666666667
1.5
1.33333333333333
1.35
1.4
1.33333333333333
1.35
1.4
1.35
1.35
1.68333333333333
1.35
1.35
1.41666666666667
1.35
1.35
1.4
1.36666666666667
1.36666666666667
1.45
1.35
1.3
3.16666666666667
1.56666666666667
1.5
1.55
1.46666666666667
1.48333333333333
1.56666666666667
1.46666666666667
1.48333333333333
1.5
1.41666666666667
1.48333333333333
8.7
3.68333333333333
5.11666666666667
1.58333333333333
1.38333333333333
1.46666666666667
1.55
1.45
1.43333333333333
1.53333333333333
1.46666666666667
1.53333333333333
1.98333333333333
1.58333333333333
1.48333333333333
1.5
1.4
1.43333333333333
1.46666666666667
1.4
1.43333333333333
1.48333333333333
1.38333333333333
1.46666666666667
