1.86666666666667
1.73333333333333
1.73333333333333
1.6
1.8
1.66666666666667
1.66666666666667
1.86666666666667
1.73333333333333
1.6
1.8
1.73333333333333
1.93333333333333
1.73333333333333
1.86666666666667
1.46666666666667
1.66666666666667
1.8
1.6
1.6
1.8
1.8
1.8
1.8
2.8
2.2
1.8
1.6
2.4
2.33333333333333
1.66666666666667
1.73333333333333
1.86666666666667
1.6
1.6
1.73333333333333
1.93333333333333
1.6
1.8
1.6
1.73333333333333
1.86666666666667
1.86666666666667
1.86666666666667
1.8
1.66666666666667
1.93333333333333
1.93333333333333
1.93333333333333
2
1.93333333333333
1.73333333333333
1.93333333333333
2.06666666666667
1.66666666666667
1.93333333333333
2
1.66666666666667
1.93333333333333
1.86666666666667
2.93333333333333
1.93333333333333
1.93333333333333
1.86666666666667
1.86666666666667
1.93333333333333
1.73333333333333
1.73333333333333
1.93333333333333
1.66666666666667
2
1.93333333333333
2.06666666666667
2
1.86666666666667
1.73333333333333
1.8
1.93333333333333
1.8
1.73333333333333
2
1.6
1.86666666666667
1.93333333333333
2
1.86666666666667
1.8
2
1.86666666666667
1.8
1.6
1.86666666666667
1.8
1.6
2
1.73333333333333
3
1.8
1.86666666666667
1.6
1.8
1.86666666666667
1.6
1.73333333333333
1.8
1.6
3.4
2.86666666666667
8.86666666666667
2
1.93333333333333
1.73333333333333
1.73333333333333
1.86666666666667
1.6
1.86666666666667
1.66666666666667
1.53333333333333
2
1.8
1.73333333333333
2
1.86666666666667
1.53333333333333
1.66666666666667
1.73333333333333
1.53333333333333
11.0666666666667
1.73333333333333
1.73333333333333
1.73333333333333
1.8
2.4
2
1.8
1.6
1.73333333333333
1.73333333333333
1.6
1.73333333333333
1.73333333333333
1.6
1.66666666666667
1.93333333333333
1.53333333333333
2.13333333333333
1.73333333333333
1.6
2.06666666666667
1.86666666666667
1.66666666666667
3.73333333333333
1.66666666666667
1.66666666666667
1.53333333333333
1.66666666666667
1.6
1.93333333333333
1.86666666666667
1.6
1.73333333333333
1.73333333333333
1.66666666666667
1.66666666666667
1.8
1.6
1.73333333333333
1.8
2.53333333333333
2.06666666666667
1.73333333333333
1.6
1.53333333333333
2.4
1.6
1.73333333333333
1.86666666666667
1.6
1.6
1.73333333333333
1.66666666666667
2.06666666666667
1.8
1.66666666666667
1.66666666666667
1.86666666666667
1.66666666666667
1.93333333333333
1.66666666666667
1.53333333333333
1.66666666666667
1.73333333333333
1.53333333333333
2.06666666666667
1.73333333333333
1.53333333333333
1.73333333333333
1.66666666666667
1.66666666666667
1.86666666666667
1.73333333333333
1.6
1.6
1.73333333333333
10.8666666666667
2.33333333333333
1.93333333333333
1.66666666666667
2.53333333333333
2.46666666666667
1.6
2.2
1.86666666666667
1.66666666666667
1.6
1.8
1.53333333333333
1.93333333333333
1.66666666666667
1.6
1.66666666666667
1.66666666666667
1.66666666666667
1.8
1.93333333333333
1.53333333333333
2
1.66666666666667
1.53333333333333
1.93333333333333
1.73333333333333
1.53333333333333
1.66666666666667
1.86666666666667
1.6
1.8
1.8
1.66666666666667
1.73333333333333
1.86666666666667
2.66666666666667
1.86666666666667
1.8
1.8
1.53333333333333
1.66666666666667
1.66666666666667
1.8
1.8
1.66666666666667
1.86666666666667
1.73333333333333
1.73333333333333
2.13333333333333
1.8
1.6
1.66666666666667
1.86666666666667
1.66666666666667
2
1.8
1.6
1.73333333333333
1.73333333333333
1.66666666666667
1.93333333333333
1.73333333333333
1.53333333333333
1.8
1.73333333333333
1.53333333333333
1.86666666666667
1.73333333333333
1.66666666666667
1.8
1.73333333333333
2.66666666666667
1.93333333333333
1.93333333333333
1.6
1.66666666666667
1.86666666666667
2
1.86666666666667
1.73333333333333
1.6
1.73333333333333
1.8
