3.2
3.6
3.06666666666667
3.2
3
3.2
3.13333333333333
3.13333333333333
3
3.4
3
3.13333333333333
3
3.2
3
3.4
2.93333333333333
3.26666666666667
3
3.2
3
3.4
3.06666666666667
3.2
3.2
3.2
3.13333333333333
3.4
3.2
3.2
3
3.2
3
3.33333333333333
3
3.13333333333333
3.33333333333333
3.4
3
3.26666666666667
3.26666666666667
3.2
2.93333333333333
3.13333333333333
3
3.4
3
3.13333333333333
4.2
3.2
2.93333333333333
3.4
3
3.2
3.06666666666667
3.4
9.26666666666667
8.73333333333333
3.06666666666667
3.53333333333333
3.2
3.13333333333333
3
3.4
3
3.33333333333333
2.93333333333333
3.26666666666667
3
3.13333333333333
3
3.2
3.2
3.26666666666667
3
3.2
3.06666666666667
3.2
3.13333333333333
3.2
3
3.2
3
3.06666666666667
3.13333333333333
3.2
3.06666666666667
3.4
3.06666666666667
3.33333333333333
3
3.2
3.2
3.4
3
3.2
3.33333333333333
3.46666666666667
3.2
3.46666666666667
3
3.2
3
3.2
3.06666666666667
3.2
3
3.06666666666667
3.33333333333333
3.26666666666667
3.2
3.2
3.66666666666667
3.53333333333333
3.33333333333333
3.2
3
3.4
3
3.33333333333333
3.33333333333333
3.2
3.2
4.06666666666667
3.06666666666667
3.33333333333333
3.46666666666667
3.73333333333333
3.2
4.13333333333333
3.93333333333333
4
4.26666666666667
4.4
4
3.93333333333333
3.06666666666667
3.26666666666667
3.2
3.33333333333333
3
3.2
3.26666666666667
3.6
3.06666666666667
3.26666666666667
3.13333333333333
3.26666666666667
3
3.26666666666667
3.13333333333333
4.06666666666667
3.73333333333333
3.8
4
3.86666666666667
4.13333333333333
3.8
3.6
3.53333333333333
3.53333333333333
4
4
4
3.93333333333333
4.06666666666667
3.6
3.66666666666667
3.73333333333333
4.13333333333333
4.06666666666667
4
3.86666666666667
3.86666666666667
3.6
4.06666666666667
4.26666666666667
4
4
4.2
4.33333333333333
3.73333333333333
3.66666666666667
3.86666666666667
3.6
4.06666666666667
4
3.42857142857143
3
3.4
3.13333333333333
3.2
3.53333333333333
3.2
3.33333333333333
3.4
3.06666666666667
3.2
3.33333333333333
3.8
3.8
4.13333333333333
4
4.13333333333333
3.6
3.73333333333333
3.4
3.66666666666667
3.6
3.73333333333333
3.66666666666667
4.06666666666667
3.66666666666667
3.86666666666667
3.53333333333333
3.86666666666667
3.86666666666667
3.8
3.6
3.93333333333333
3.33333333333333
4
3.46666666666667
3.73333333333333
3.33333333333333
3.53333333333333
3.46666666666667
3.8
3.73333333333333
3.66666666666667
3.33333333333333
3.6
3.46666666666667
3.53333333333333
3.73333333333333
3.86666666666667
3.26666666666667
3.53333333333333
3.26666666666667
3.6
3.6
3.73333333333333
3.26666666666667
3.46666666666667
3.26666666666667
3.6
3.46666666666667
3.8
4
3.53333333333333
3.33333333333333
3.8
3.86666666666667
4.13333333333333
3.46666666666667
3.93333333333333
3.93333333333333
4
3.53333333333333
3.6
3.6
3.93333333333333
3.4
3.6
3.53333333333333
3.93333333333333
3.73333333333333
3.66666666666667
3.4
3.86666666666667
3.2
3.6
3.2
3.4
3.46666666666667
4.13333333333333
3.6
3.86666666666667
3.73333333333333
4
3.4
3.53333333333333
3.6
3.86666666666667
3.8
3.86666666666667
3.6
3.4
