2.6
2.33333333333333
2.4
2.2
4.46666666666667
5.26666666666667
2
4
2.66666666666667
2.4
2.26666666666667
2.13333333333333
2
2.4
2.4
2.33333333333333
4.46666666666667
3.86666666666667
2.53333333333333
3.8
2.93333333333333
3
2.2
2.2
2.06666666666667
3
2.6
2.53333333333333
3.66666666666667
4.13333333333333
2
2.13333333333333
2.53333333333333
2.13333333333333
2.2
2.2
2
2.2
2.46666666666667
2.4
5.33333333333333
5.53333333333333
9.86666666666667
2.26666666666667
2.4
2.73333333333333
2.06666666666667
2.53333333333333
2.6
2
4.13333333333333
2.93333333333333
4.66666666666667
4.2
2.6
2.2
3.2
2.2
2
2.4
2.13333333333333
3
5.86666666666667
2.33333333333333
4.2
3.6
2.13333333333333
2
2.53333333333333
2.06666666666667
2.26666666666667
2.26666666666667
4.2
2.73333333333333
3.4
2.4
4.2
4.46666666666667
2.2
2
3.73333333333333
2.53333333333333
2
2.13333333333333
2
2
2.53333333333333
2
3.8
4.06666666666667
2.06666666666667
2
2.2
2.4
2.06666666666667
3.06666666666667
3.46666666666667
2.66666666666667
3.06666666666667
3.06666666666667
4.4
4.73333333333333
2
2
3.93333333333333
2.53333333333333
3.8
5.33333333333333
2.06666666666667
2
2.46666666666667
6.13333333333333
6.13333333333333
22.6666666666667
2
2.2
2
2.4
2
2.26666666666667
2
2.4
2
2
4
3.6
2.2
2.2
2
2
2.26666666666667
2.33333333333333
2
2.2
2
2
4
3.53333333333333
2
2.2
2.33333333333333
2.2
2.06666666666667
2
2.13333333333333
2.2
2.46666666666667
2.33333333333333
4.2
4.4
2.06666666666667
2.26666666666667
2
2
3.2
3.6
2
2.4
2
2
4.26666666666667
4.06666666666667
2
2.2
2
2
2.2
2.2
2.13333333333333
2.66666666666667
2
2
4.66666666666667
3.66666666666667
2
2.13333333333333
2.4
2
2.13333333333333
2
2.2
2.26666666666667
2
2
4.06666666666667
3.66666666666667
2.4
2.2
2.06666666666667
2.2
2.13333333333333
2.8
2.2
6.26666666666667
2
2
6.4
3.6
2
2.13333333333333
2.06666666666667
2.6
2
2.46666666666667
2.06666666666667
3.13333333333333
3.33333333333333
2.46666666666667
4.4
4.13333333333333
2.2
2.2
3.33333333333333
3.4
2.2
2.06666666666667
2.2
2.06666666666667
2.26666666666667
3.66666666666667
4.4
4
2.8
2.2
2.26666666666667
2
2.13333333333333
2.53333333333333
2.66666666666667
2.86666666666667
2.13333333333333
2.4
4.46666666666667
5.26666666666667
3.33333333333333
2.2
2.26666666666667
2.6
2.13333333333333
2.86666666666667
2
2.26666666666667
3.06666666666667
2.4
4.53333333333333
2
2.26666666666667
3.4
4.46666666666667
2.06666666666667
2.06666666666667
2.6
2.2
2.66666666666667
2.06666666666667
2.33333333333333
4
4
2.8
3.26666666666667
2.2
2.26666666666667
2.13333333333333
2.33333333333333
2.4
3.53333333333333
8.46666666666667
2.46666666666667
4.2
4.6
2.66666666666667
2
2.33333333333333
2.8
2.06666666666667
2
2
2.33333333333333
1.73333333333333
2
4.2
3.8
2.53333333333333
2.4
2.8
2
2.4
3.73333333333333
