1.46666666666667
1.5
1.5
1.5
1.5
1.56666666666667
1.5
1.46666666666667
1.5
1.5
1.5
1.5
1.5
1.5
1.5
1.46666666666667
1.5
1.6
1.5
1.5
1.5
1.46666666666667
1.5
1.5
1.5
1.5
1.5
1.5
1.46666666666667
1.6
1.5
1.5
1.5
1.53333333333333
1.5
1.5
1.5
1.5
1.5
1.5
1.5
1.6
1.43333333333333
1.5
1.5
1.5
1.5
1.5
1.46666666666667
1.5
1.5
1.5
1.5
1.6
1.46666666666667
1.5
1.5
1.5
1.5
1.5
1.5
1.5
1.5
1.5
1.5
1.6
1.5
1.5
1.46666666666667
1.5
1.5
1.5
1.5
1.46666666666667
1.5
1.5
1.5
1.6
1.5
1.46666666666667
1.5
1.6
1.53333333333333
1.56666666666667
1.5
1.5
1.53333333333333
1.46666666666667
1.5
1.6
1.5
1.5
1.46666666666667
1.53333333333333
1.5
1.5
1.5
1.5
1.43333333333333
1.7
1.5
1.26666666666667
1.23333333333333
1.26666666666667
1.2
1.3
1.16666666666667
1.4
1.2
1.3
1.33333333333333
1.3
1.2
1.4
1.33333333333333
1.23333333333333
1.23333333333333
1.36666666666667
1.23333333333333
1.4
1.36666666666667
1.3
1.23333333333333
1.4
1.26666666666667
1.43333333333333
1.26666666666667
1.3
1.36666666666667
1.33333333333333
1.4
1.43333333333333
1.4
1.4
1.36666666666667
1.4
1.36666666666667
1.4
1.36666666666667
1.5
1.4
1.5
1.36666666666667
1.46666666666667
1.4
1.43333333333333
1.4
1.46666666666667
1.43333333333333
1.43333333333333
1.33333333333333
1.36666666666667
1.43333333333333
1.43333333333333
1.5
1.5
1.36666666666667
1.46666666666667
1.5
1.5
1.5
1.7
1.5
1.5
1.43333333333333
1.5
1.46666666666667
1.5
1.5
1.5
1.43333333333333
1.5
1.43333333333333
1.5
1.5
1.5
1.5
1.5
1.5
1.46666666666667
1.46666666666667
1.5
1.5
1.5
1.5
1.5
1.5
1.46666666666667
1.5
1.5
1.5
1.5
1.5
1.5
1.5
1.5
1.5
1.46666666666667
1.46666666666667
1.5
1.5
1.5
1.5
1.5
1.5
1.46666666666667
1.5
1.5
1.5
1.5
1.5
1.5
1.46666666666667
1.46666666666667
1.5
1.5
1.5
1.5
1.5
1.5
1.46666666666667
1.5
1.5
1.5
1.5
1.5
1.5
1.5
1.5
1.5
1.5
1.5
1.5
1.5
1.5
1.5
1.5
1.46666666666667
1.5
1.5
1.5
1.5
1.5
1.46666666666667
1.46666666666667
1.5
1.5
1.5
1.5
1.5
1.46666666666667
1.5
1.5
1.5
1.5
1.5
1.5
1.5
1.5
1.5
1.5
1.5
1.5
1.5
1.5
1.5
1.46666666666667
1.5
1.5
1.5
1.5
1.5
1.5
1.46666666666667
1.5
1.5
1.5
1.5
1.5
1.5
1.46666666666667
1.5
1.5
1.5
1.5
1.5
1.5
1.5
