5.63333333333333
5.58333333333333
5.55
5.63333333333333
5.6
5.6
5.66666666666667
5.61666666666667
5.63333333333333
5.56666666666667
5.56666666666667
5.56666666666667
6.48333333333333
5.8
5.73333333333333
5.56666666666667
5.56666666666667
5.58333333333333
5.63333333333333
5.58333333333333
5.58333333333333
5.56666666666667
5.61666666666667
5.6
5.56666666666667
5.65
5.83333333333333
5.66666666666667
5.66666666666667
5.7
5.66666666666667
5.73333333333333
5.66666666666667
5.55
5.6
5.71666666666667
5.73333333333333
5.58333333333333
5.6
5.58333333333333
5.71666666666667
5.6
5.6
5.6
5.63333333333333
5.75
5.7
5.55
5.58333333333333
5.71666666666667
5.63333333333333
5.65
5.58333333333333
5.56666666666667
5.58333333333333
5.8
5.78333333333333
5.68333333333333
5.68333333333333
5.58333333333333
5.68333333333333
5.66666666666667
5.7
5.7
5.63333333333333
5.66666666666667
5.58333333333333
5.61666666666667
5.66666666666667
5.68333333333333
5.6
5.56666666666667
5.58333333333333
5.71666666666667
5.61666666666667
5.63333333333333
5.68333333333333
5.78333333333333
5.75
5.63333333333333
5.55
5.6
5.66666666666667
5.61666666666667
5.66666666666667
5.55
5.63333333333333
5.61666666666667
5.65
5.66666666666667
5.75
5.71666666666667
5.65
5.58333333333333
5.66666666666667
5.65
5.6
5.58333333333333
5.61666666666667
5.65
5.58333333333333
5.56666666666667
5.58333333333333
5.75
5.66666666666667
5.66666666666667
5.73333333333333
5.61666666666667
5.6
5.58333333333333
5.55
5.63333333333333
5.58333333333333
5.6
5.56666666666667
5.55
5.65
5.6
5.56666666666667
5.56666666666667
5.61666666666667
5.6
5.56666666666667
5.61666666666667
5.58333333333333
5.6
5.58333333333333
5.58333333333333
5.65
5.6
5.63333333333333
5.55
5.56666666666667
5.58333333333333
5.61666666666667
5.56666666666667
5.56666666666667
5.58333333333333
5.65
5.68333333333333
5.56666666666667
5.58333333333333
5.56666666666667
5.65
5.56666666666667
5.55
5.55
5.65
5.56666666666667
5.55
5.55
5.65
5.63333333333333
5.55
5.55
5.6
5.61666666666667
5.58333333333333
5.55
5.56666666666667
5.63333333333333
5.56666666666667
5.53333333333333
5.58333333333333
5.63333333333333
5.55
5.55
5.6
5.63333333333333
5.66666666666667
5.56666666666667
5.56666666666667
5.65
5.6
6.38333333333333
5.68333333333333
5.75
5.66666666666667
5.68333333333333
5.63333333333333
5.61666666666667
5.55
5.56666666666667
5.61666666666667
5.6
5.56666666666667
5.56666666666667
5.63333333333333
5.6
5.56666666666667
5.55
5.63333333333333
5.6
5.56666666666667
5.58333333333333
5.55
5.6
5.78333333333333
5.7
5.63333333333333
5.71666666666667
5.7
5.65
5.76666666666667
5.58333333333333
5.61666666666667
5.73333333333333
5.76666666666667
5.68333333333333
5.68333333333333
5.66666666666667
5.58333333333333
5.61666666666667
5.75
5.73333333333333
5.68333333333333
5.66666666666667
5.56666666666667
5.58333333333333
5.63333333333333
5.6
5.56666666666667
5.58333333333333
5.58333333333333
5.65
5.56666666666667
5.63333333333333
5.63333333333333
5.56666666666667
5.61666666666667
5.61666666666667
5.56666666666667
5.55
5.58333333333333
5.6
5.55
5.61666666666667
5.61666666666667
5.65
5.6
5.63333333333333
5.61666666666667
5.73333333333333
5.7
5.68333333333333
5.65
5.7
5.66666666666667
5.61666666666667
5.61666666666667
5.56666666666667
5.55
5.6
5.61666666666667
5.55
5.6
5.65
5.61666666666667
5.6
5.63333333333333
5.61666666666667
5.58333333333333
5.66666666666667
5.56666666666667
5.56666666666667
5.58333333333333
5.63333333333333
5.6
5.58333333333333
5.61666666666667
5.6
5.66666666666667
5.6
5.61666666666667
5.55
5.63333333333333
5.63333333333333
5.56666666666667
5.56666666666667
5.6
5.68333333333333
5.73333333333333
5.71666666666667
5.6
5.66666666666667
5.73333333333333
5.66666666666667
5.65
