2.08333333333333
2.13333333333333
2.16666666666667
2.06666666666667
2.1
2.3
2.18333333333333
2.05
2.31666666666667
2.1
2.06666666666667
2.15
2.16666666666667
2.13333333333333
2.11666666666667
2.11666666666667
2.13333333333333
2.3
2.11666666666667
2.08333333333333
2.28333333333333
2.06666666666667
2.13333333333333
2.11666666666667
2.1
2.2
2.13333333333333
2.1
2.56666666666667
2.4
2.1
2.1
2.28333333333333
2.08333333333333
2.15
2.1
2.08333333333333
2.06666666666667
2.06666666666667
2.08333333333333
2.08333333333333
2.33333333333333
2.1
2.1
2.28333333333333
2.08333333333333
2.08333333333333
2.06666666666667
2.16666666666667
2.11666666666667
2.1
2.06666666666667
2.08333333333333
2.33333333333333
2.15
2.1
2.26666666666667
2.08333333333333
2.13333333333333
2.08333333333333
2.15
2.46666666666667
2.15
2.06666666666667
2.08333333333333
2.31666666666667
2.15
2.26666666666667
2.31666666666667
2.08333333333333
2.08333333333333
2.1
2.08333333333333
2.03333333333333
2.11666666666667
2.1
2.08333333333333
2.46666666666667
2.11666666666667
2.15
2.28333333333333
2.11666666666667
2.08333333333333
2.08333333333333
2.06666666666667
2.1
2.1
2.06666666666667
2.08333333333333
2.3
2.13333333333333
2.08333333333333
2.26666666666667
2.08333333333333
2.08333333333333
2.06666666666667
2.1
2.08333333333333
2.13333333333333
2.08333333333333
2
2.18333333333333
2
2.05
2.2
2.01666666666667
2
2
2
2.01666666666667
2
2
2
2.18333333333333
2
2.01666666666667
2.2
2.01666666666667
2
2.01666666666667
2.11666666666667
2.05
2
2
2
2.2
2
2.03333333333333
2.2
2.01666666666667
2
2.01666666666667
2.03333333333333
2.03333333333333
2.01666666666667
2
2.01666666666667
2.15
2.03333333333333
2.01666666666667
2.21666666666667
2.01666666666667
2.11666666666667
2
2.01666666666667
2.05
2.11666666666667
2.03333333333333
3.36666666666667
3.46666666666667
2.03333333333333
2.03333333333333
2.51666666666667
2.03333333333333
2.01666666666667
2.01666666666667
2.03333333333333
2.01666666666667
2.05
2
2.08333333333333
2.15
2.03333333333333
2.1
2.23333333333333
2.01666666666667
2.01666666666667
2.01666666666667
2.05
2.01666666666667
2.01666666666667
2.01666666666667
2.03333333333333
2.18333333333333
2.01666666666667
2.08333333333333
2.28333333333333
2.05
2.03333333333333
2.03333333333333
2
2.01666666666667
2.01666666666667
2.05
2.01666666666667
2.2
2.01666666666667
2.03333333333333
2.25
2.01666666666667
2.05
2
2.03333333333333
2.01666666666667
2.01666666666667
2.03333333333333
2.03333333333333
2.2
2.03333333333333
2.01666666666667
2.2
2
2.01666666666667
2.03333333333333
2.05
2.01666666666667
2.03333333333333
2.01666666666667
2
2.2
2.03333333333333
2.03333333333333
2.21666666666667
2
2.01666666666667
2.01666666666667
2.05
2
2.03333333333333
2.48333333333333
2.13333333333333
2.2
2.26666666666667
2.16666666666667
3.28333333333333
2.88333333333333
2.11666666666667
2.13333333333333
2.11666666666667
2.03333333333333
2.13333333333333
2.26666666666667
2.1
2.25
2.13333333333333
2.23333333333333
2.68333333333333
2.51666666666667
2.38333333333333
2.35
2.38333333333333
2.15
2.05
2.05
2.01666666666667
2.23333333333333
2.05
2.05
2.25
2.05
2.03333333333333
2.08333333333333
2.01666666666667
2.16666666666667
2.01666666666667
2.21666666666667
2.08333333333333
2.18333333333333
2.03333333333333
2.5
2.23333333333333
2.08333333333333
2.01666666666667
2.01666666666667
2.1
2.9
6.93333333333333
2.4
2.2
2.41666666666667
2.15
2.16666666666667
2.33333333333333
3.38333333333333
4.31666666666667
2.61666666666667
2.26666666666667
2.31666666666667
2.26666666666667
4
3.88333333333333
3.25
2.38333333333333
2.26666666666667
2.43333333333333
2.21666666666667
2.23333333333333
2.95
