1.78333333333333
1.76666666666667
1.98333333333333
1.78333333333333
1.78333333333333
1.81666666666667
1.75
1.76666666666667
1.78333333333333
1.8
1.8
1.76666666666667
1.76666666666667
1.73333333333333
1.96666666666667
1.92857142857143
1.55
1.58333333333333
1.55
1.55
1.55
1.56666666666667
1.5
1.51666666666667
1.5
1.61666666666667
1.88333333333333
1.71666666666667
1.7
1.71666666666667
1.65
1.68333333333333
1.73333333333333
1.68333333333333
1.7
1.7
1.66666666666667
1.68333333333333
1.91666666666667
1.7
1.68333333333333
1.71666666666667
1.68333333333333
1.65
1.68333333333333
1.73333333333333
1.73333333333333
1.71666666666667
1.68333333333333
1.68333333333333
1.86666666666667
1.68333333333333
1.73333333333333
1.73333333333333
1.73333333333333
1.66666666666667
1.7
1.71666666666667
1.7
1.75
1.68333333333333
1.7
1.9
1.68333333333333
1.68333333333333
1.71666666666667
1.68333333333333
1.71666666666667
1.7
1.73333333333333
1.7
1.71666666666667
1.71666666666667
1.66666666666667
2
1.68333333333333
1.73333333333333
1.71666666666667
1.68333333333333
1.65
1.66666666666667
1.71666666666667
1.7
1.73333333333333
1.73333333333333
1.73333333333333
1.93333333333333
1.68333333333333
1.68333333333333
1.68333333333333
1.63333333333333
1.65
1.7
1.7
1.73333333333333
1.63333333333333
1.65
1.76666666666667
1.88333333333333
1.73333333333333
1.61666666666667
1.51666666666667
1.5
1.51666666666667
1.5
1.53333333333333
1.5
1.53333333333333
1.56666666666667
2.06666666666667
1.7
1.53333333333333
1.5
1.71666666666667
1.5
1.53333333333333
1.5
1.55
1.5
1.51666666666667
1.5
1.55
1.7
1.53333333333333
1.5
1.55
1.5
1.56666666666667
1.58333333333333
1.53333333333333
1.5
1.55
1.53333333333333
1.55
1.73333333333333
1.51666666666667
1.51666666666667
1.53333333333333
1.5
1.55
1.5
1.55
1.55
1.51666666666667
1.66666666666667
1.55
1.71666666666667
1.55
2.21666666666667
2.21666666666667
1.85
1.51666666666667
1.5
1.55
1.5
1.51666666666667
1.53333333333333
1.53333333333333
1.71666666666667
1.55
1.51666666666667
1.56666666666667
1.53333333333333
1.5
1.53333333333333
1.51666666666667
1.5
1.51666666666667
1.58333333333333
1.5
1.7
1.5
1.5
1.53333333333333
1.53333333333333
1.5
1.51666666666667
1.5
1.51666666666667
1.5
1.5
1.5
1.7
1.5
1.51666666666667
1.55
1.5
1.51666666666667
1.5
1.5
1.55
1.5
1.5
1.51666666666667
1.75
1.58333333333333
1.5
1.53333333333333
1.53333333333333
1.5
1.5
1.53333333333333
1.58333333333333
1.51666666666667
1.53333333333333
1.56666666666667
1.78333333333333
1.5
1.5
1.51666666666667
1.53333333333333
1.51666666666667
1.53333333333333
1.5
1.5
1.51666666666667
1.51666666666667
1.53333333333333
1.73333333333333
1.5
1.55
1.51666666666667
1.5
1.55
1.53333333333333
1.51666666666667
1.55
1.5
1.5
1.55
1.71666666666667
1.5
1.5
1.5
1.6
1.5
1.5
1.5
1.5
1.5
1.56666666666667
1.65
1.76666666666667
1.5
1.5
1.5
1.5
1.5
1.53333333333333
1.5
1.51666666666667
1.5
1.48333333333333
1.55
1.68333333333333
1.48333333333333
1.46666666666667
1.5
1.5
1.5
1.4
1.4
1.45
1.4
1.43333333333333
1.31666666666667
1.51666666666667
1.46666666666667
1.3
1.33333333333333
1.43333333333333
1.6
1.55
1.53333333333333
2
1.75
1.85
1.9
2.06666666666667
1.8
1.81666666666667
1.9
1.8
1.81666666666667
1.81666666666667
1.86666666666667
1.81666666666667
1.83333333333333
