1.68333333333333
1.88333333333333
1.55
1.6
1.63333333333333
1.56666666666667
1.56666666666667
1.6
1.56666666666667
1.56666666666667
1.6
1.88333333333333
1.61666666666667
11.8833333333333
2.03333333333333
1.6
1.56666666666667
1.56666666666667
1.55
1.58333333333333
1.56666666666667
1.6
1.55
1.9
1.66666666666667
1.63333333333333
1.55
1.5
1.55
1.55
1.55
1.58333333333333
1.55
1.58333333333333
1.5
1.65
1.35
1.48333333333333
1.45
1.31666666666667
1.3
1.3
1.28333333333333
1.4
1.25
1.31666666666667
1.31666666666667
1.61666666666667
1.33333333333333
1.41666666666667
1.26666666666667
1.33333333333333
1.26666666666667
1.33333333333333
1.66666666666667
1.56666666666667
1.55
1.53333333333333
1.56666666666667
1.86666666666667
1.56666666666667
1.63333333333333
1.55
1.56666666666667
1.55
1.61666666666667
1.55
1.6
1.58333333333333
1.55
1.55
1.85
1.56666666666667
1.66666666666667
1.55
1.51666666666667
1.55
1.6
1.58333333333333
1.61666666666667
1.61666666666667
1.58333333333333
1.56666666666667
1.86666666666667
1.58333333333333
1.66666666666667
1.65
1.6
1.63333333333333
1.55
1.61666666666667
1.58333333333333
1.55
1.55
1.6
1.85
1.55
1.65
1.58333333333333
1.56666666666667
1.5
1.56666666666667
1.55
1.56666666666667
1.55
1.55
1.55
1.81666666666667
1.55
1.58333333333333
1.68333333333333
1.6
1.55
1.55
1.56666666666667
1.61666666666667
1.56666666666667
1.55
1.55
1.86666666666667
1.56666666666667
1.63333333333333
1.55
1.55
1.56666666666667
1.53333333333333
1.53333333333333
1.6
1.55
1.55
1.55
1.85
1.56666666666667
1.66666666666667
1.55
1.55
1.58333333333333
1.56666666666667
1.55
1.63333333333333
1.55
1.55
1.51666666666667
1.88333333333333
1.56666666666667
1.63333333333333
1.55
1.6
1.55
1.56666666666667
1.55
1.56666666666667
1.6
1.71666666666667
1.55
1.95
1.55
1.68333333333333
1.65
1.55
1.51666666666667
1.61666666666667
1.5
1.6
1.5
1.55
1.5
1.85
1.68333333333333
2.7
1.51666666666667
1.85
1.5
1.55
1.5
1.58333333333333
1.5
1.55
1.5
1.83333333333333
1.5
1.63333333333333
1.5
1.55
1.7
1.55
1.5
1.58333333333333
1.5
1.55
1.5
1.85
1.5
1.61666666666667
1.5
1.58333333333333
1.5
1.55
1.5
1.56666666666667
1.5
1.55
1.51666666666667
1.83333333333333
1.5
1.63333333333333
1.51666666666667
1.55
1.5
1.55
1.5
1.58333333333333
1.55
1.55
1.68333333333333
1.88333333333333
1.5
1.6
1.5
1.56666666666667
1.5
1.55
1.5
1.55
1.5
1.56666666666667
1.5
1.83333333333333
1.5
1.61666666666667
1.53333333333333
1.55
1.5
1.55
1.66666666666667
1.58333333333333
1.5
1.55
1.5
1.85
1.5
1.65
1.5
1.55
1.5
1.55
1.55
1.55
1.55
1.5
2.48333333333333
4.31666666666667
1.55
1.6
1.55
1.55
1.55
1.51666666666667
1.53333333333333
1.56666666666667
1.55
1.55
1.55
1.85
1.55
1.6
1.5
1.55
1.55
1.55
1.55
1.55
1.55
1.55
1.53333333333333
1.81666666666667
1.55
1.58333333333333
1.55
1.55
1.55
1.55
1.55
1.53333333333333
1.51666666666667
1.55
1.55
1.86666666666667
