1.28333333333333
1.28333333333333
1.28333333333333
1.3
1.3
1.28333333333333
1.26666666666667
1.25
1.45
1.3
1.3
1.3
1.3
1.3
1.28333333333333
1.25
1.25
1.45
1.28333333333333
1.28333333333333
1.5
1.3
1.25
1.23333333333333
1.18333333333333
1.31666666666667
1.31666666666667
1.35
1.33333333333333
1.4
1.35
1.33333333333333
1.5
1.35
1.3
1.33333333333333
1.33333333333333
1.4
1.41666666666667
1.41666666666667
1.31666666666667
1.33333333333333
1.36666666666667
1.31666666666667
1.5
1.36666666666667
1.31666666666667
1.33333333333333
1.36666666666667
1.38333333333333
1.33333333333333
1.35
1.31666666666667
1.36666666666667
1.36666666666667
1.31666666666667
1.48333333333333
1.35
1.4
1.31666666666667
1.38333333333333
1.35
1.36666666666667
1.31666666666667
1.36666666666667
1.36666666666667
1.41666666666667
1.38333333333333
1.51666666666667
1.35
1.36666666666667
1.33333333333333
1.46666666666667
1.36666666666667
1.35
1.43333333333333
1.38333333333333
1.35
1.35
1.33333333333333
1.51666666666667
1.31666666666667
1.33333333333333
1.31666666666667
1.33333333333333
1.35
1.31666666666667
1.36666666666667
1.31666666666667
1.35
1.33333333333333
1.36666666666667
1.51666666666667
1.31666666666667
1.35
1.31666666666667
1.36666666666667
1.31666666666667
1.3
1.36666666666667
1.25
1.2
1.18333333333333
1.25
1.45
1.25
1.25
1.3
1.25
1.25
1.25
1.25
1.25
1.35
1.25
1.25
1.45
1.25
1.25
1.25
1.25
1.25
1.25
1.25
1.25
1.26666666666667
1.25
1.25
1.45
1.3
1.25
1.25
1.25
1.25
1.25
1.25
1.25
1.25
1.3
1.25
1.45
1.25
1.3
1.25
1.28333333333333
1.26666666666667
1.25
1.25
1.88333333333333
1.91666666666667
1.55
1.25
1.45
1.25
1.25
1.25
1.26666666666667
1.28333333333333
1.25
1.25
1.25
1.25
1.25
1.25
1.45
1.25
1.25
1.25
1.26666666666667
1.28333333333333
1.25
1.25
1.25
1.25
1.25
1.25
1.41666666666667
1.25
1.25
1.25
1.23333333333333
1.25
1.25
1.25
1.25
1.25
1.25
1.25
1.45
1.25
1.25
1.25
1.25
1.25
1.25
1.28333333333333
1.25
1.28333333333333
1.25
1.25
1.45
1.25
1.25
1.25
1.25
1.25
1.25
1.3
1.25
1.3
1.28333333333333
1.25
1.46666666666667
1.3
1.25
1.25
1.25
1.25
1.25
1.3
1.25
1.31666666666667
1.3
1.28333333333333
1.45
1.3
1.25
1.25
1.3
1.25
1.25
1.31666666666667
1.25
1.25
1.3
1.25
1.45
1.25
1.25
1.25
1.26666666666667
1.25
1.3
1.25
1.25
1.25
1.25
1.25
1.43333333333333
1.25
1.25
1.25
1.06666666666667
1.16666666666667
1.38333333333333
1.18333333333333
1.13333333333333
1.15
1.06666666666667
1.18333333333333
1.28333333333333
1.13333333333333
1.25
1.18333333333333
1.06666666666667
1.08333333333333
1.05
1.05
1.11666666666667
1.1
1.08333333333333
1.05
1.25
1.05
1.05
1.05
1.26666666666667
1.28333333333333
1.28333333333333
1.31666666666667
1.23333333333333
1.16666666666667
1.35
1.3
1.53333333333333
1.31666666666667
1.31666666666667
1.31666666666667
