1.55
1.55
1.55
1.55
1.55
1.55
1.55
1.5
1.53333333333333
1.55
1.55
1.75
7.75
1.45
1.55
1.5
7.93333333333333
1.5
1.6
1.55
1.66666666666667
1.55
1.53333333333333
1.73333333333333
1.51666666666667
5.91666666666667
1.45
1.55
1.55
1.55
1.66666666666667
1.55
1.51666666666667
1.53333333333333
1.55
1.75
1.55
1.55
1.56666666666667
1.51666666666667
1.53333333333333
1.55
1.6
1.55
1.55
1.55
1.55
1.71666666666667
1.51666666666667
1.53333333333333
1.55
1.55
1.55
1.55
1.55
1.55
1.58333333333333
1.5
1.6
1.81666666666667
1.55
1.55
1.55
1.61666666666667
1.5
1.53333333333333
1.55
1.56666666666667
1.55
1.55
1.55
1.73333333333333
1.55
1.55
1.5
1.51666666666667
1.55
1.55
1.55
1.55
1.55
1.53333333333333
1.55
1.73333333333333
1.55
1.55
1.55
1.55
1.55
1.58333333333333
1.56666666666667
1.53333333333333
1.53333333333333
1.6
1.55
1.75
1.55
1.58333333333333
1.55
1.55
1.48333333333333
1.36666666666667
1.38333333333333
1.3
1.3
1.3
1.35
1.45
1.3
1.3
1.33333333333333
1.26666666666667
1.3
1.3
1.41666666666667
1.3
1.3
1.26666666666667
1.38333333333333
1.46666666666667
1.3
1.3
1.31666666666667
1.3
1.33333333333333
1.3
1.35
1.35
1.3
1.25
1.3
1.51666666666667
1.3
1.35
1.31666666666667
1.38333333333333
1.3
1.35
1.35
1.38333333333333
1.35
1.3
1.3
1.5
1.4
1.35
1.3
1.3
1.33333333333333
1.5
1.35
1.3
1.33333333333333
1.63333333333333
1.31666666666667
1.48333333333333
1.45
1.31666666666667
1.3
1.3
1.35
1.38333333333333
1.35
1.3
1.3
1.35
1.3
1.45
1.3
1.33333333333333
1.3
1.31666666666667
1.3
1.41666666666667
1.48333333333333
1.33333333333333
1.3
1.31666666666667
1.33333333333333
1.48333333333333
1.3
1.33333333333333
1.38333333333333
1.3
1.3
1.35
1.38333333333333
1.35
1.3
1.3
1.4
1.5
1.3
1.31666666666667
1.36666666666667
1.33333333333333
1.3
1.33333333333333
1.33333333333333
1.4
1.28333333333333
1.31666666666667
1.3
1.56666666666667
1.3
1.33333333333333
1.38333333333333
1.45
1.3
1.31666666666667
1.35
1.38333333333333
1.3
1.3
1.3
1.53333333333333
1.33333333333333
1.35
1.31666666666667
1.3
1.35
1.51666666666667
1.38333333333333
1.35
1.4
1.3
1.3
1.5
1.4
1.36666666666667
1.3
1.33333333333333
1.33333333333333
1.36666666666667
1.35
1.35
1.33333333333333
1.36666666666667
1.3
1.51666666666667
1.3
1.41666666666667
1.3
1.31666666666667
1.36666666666667
1.43333333333333
1.35
1.36666666666667
1.3
1.38333333333333
1.31666666666667
1.5
1.3
1.38333333333333
1.33333333333333
1.31666666666667
1.3
8.11666666666667
2.16666666666667
1.75
1.66666666666667
1.76666666666667
1.76666666666667
1.9
1.63333333333333
1.63333333333333
1.61666666666667
1.56666666666667
1.56666666666667
1.6
1.6
7.15
1.55
1.56666666666667
1.6
1.83333333333333
1.85
1.78333333333333
1.8
1.85
1.78333333333333
1.81666666666667
1.83333333333333
1.83333333333333
5.08333333333333
4.58333333333333
1.8
2
