2.7
3.03333333333333
2.53333333333333
2.43333333333333
2.53333333333333
2.26666666666667
2.1
2.26666666666667
2.43333333333333
2.23333333333333
2.3
2.36666666666667
2.16666666666667
2.23333333333333
2.43333333333333
2.23333333333333
2.13333333333333
2.1
2
2.13333333333333
2.26666666666667
2.23333333333333
2.26666666666667
2.23333333333333
2.5
2.63333333333333
2.56666666666667
2.5
2.63333333333333
2.56666666666667
2.5
2.56666666666667
2.56666666666667
2.5
2.56666666666667
2.53333333333333
2.43333333333333
2.56666666666667
2.63333333333333
2.1
2.13333333333333
2.26666666666667
2.16666666666667
2.26666666666667
2.46666666666667
2.43333333333333
2.4
2.5
2.43333333333333
2.56666666666667
2.5
2.4
2.53333333333333
2.56666666666667
2.46666666666667
2.46666666666667
2.53333333333333
2.4
2.56666666666667
2.66666666666667
2.5
2.6
2.56666666666667
2.5
2.63333333333333
2.56666666666667
2.5
2.63333333333333
2.56666666666667
2.5
2.63333333333333
2.56666666666667
2.5
2.63333333333333
2.56666666666667
2.5
2.7
3.06666666666667
2.53333333333333
2.63333333333333
2.6
2.5
2.63333333333333
2.56666666666667
2.5
4.75
2.56666666666667
2.6
2.86666666666667
2.56666666666667
2.5
2.63333333333333
2.56666666666667
2.5
2.5
2.46666666666667
2.4
2.53333333333333
2.53333333333333
2.5
2.26666666666667
2.53333333333333
2.36666666666667
2.53333333333333
2.5
2
5
4.6
2.53333333333333
2.23333333333333
2.46666666666667
2.46666666666667
2.5
2.53333333333333
2.5
2.86666666666667
2.83333333333333
2.5
2.6
2.56666666666667
2.5
2.43333333333333
2.26666666666667
2.4
2.43333333333333
6.03333333333333
2.5
2.56666666666667
2.4
2.36666666666667
2.6
2.43333333333333
2.3
2.26666666666667
2.3
2.16666666666667
2.46666666666667
2.56666666666667
2.16666666666667
2.23333333333333
2.33333333333333
2.1
2.23333333333333
2.26666666666667
2.1
2.23333333333333
2.1
2.03333333333333
2.5
2.3
2.16666666666667
2.36666666666667
2.46666666666667
2.5
2.33333333333333
2.3
2.23333333333333
2.43333333333333
2.46666666666667
2.43333333333333
2.63333333333333
2.3
2.43333333333333
2.56666666666667
2.46666666666667
2.26666666666667
2.33333333333333
2.36666666666667
2.26666666666667
2.2
2.36666666666667
2.2
2.26666666666667
2.53333333333333
2.33333333333333
2.46666666666667
2.43333333333333
2.23333333333333
2.43333333333333
2.43333333333333
2.3
6.73333333333333
2.16666666666667
2.1
2.6
2.56666666666667
2.46666666666667
2.6
2.56666666666667
2.46666666666667
3.43333333333333
2.66666666666667
4.5
13.9333333333333
17.0333333333333
9.2
4.83333333333333
17.2333333333333
16.8666666666667
2.26666666666667
24.2
8.26666666666667
2.26666666666667
2.06666666666667
2
2.2
2.13333333333333
2.33333333333333
2.63333333333333
9.13333333333333
14.8666666666667
19.1333333333333
11.6
2.03333333333333
2.23333333333333
2.16666666666667
2.1
2.23333333333333
2.26666666666667
2
8.9
8.1
2.03333333333333
3.375
16.9666666666667
15.8666666666667
3.23333333333333
8.93333333333333
24.7666666666667
2.23333333333333
10.2333333333333
24.1333333333333
11.5333333333333
14.3333333333333
21.1666666666667
7.33333333333333
5.2
7.2
12.1
24.9333333333333
9.73333333333333
10.1666666666667
2.16666666666667
9.5
2.96666666666667
3.53333333333333
3.33333333333333
2.76666666666667
3.16666666666667
3.06666666666667
6.63333333333333
5.56666666666667
3
2.96666666666667
10.5666666666667
10.4333333333333
3.13333333333333
3.06666666666667
3
3.06666666666667
2.83333333333333
4.1
8.8
4.8
11.4333333333333
2.96666666666667
2.83333333333333
2.73333333333333
2.93333333333333
2.73333333333333
10.3666666666667
2.9
10.8333333333333
13.3666666666667
16.6333333333333
33.6
18.2333333333333
13.5
21.8333333333333
3.33333333333333
4.43333333333333
9.73333333333333
11.4
11.4666666666667
3.23333333333333
3.26666666666667
4.73333333333333
19.9
