5.72708333333333
5.79166666666667
6.00625
5.61666666666667
5.94166666666667
5.97916666666667
5.82916666666667
5.90416666666667
6.1125
5.68958333333333
5.88541666666667
6.03541666666667
5.6875
5.90416666666667
6.04791666666667
5.67708333333333
5.94583333333333
6.03125
5.77291666666667
5.91666666666667
6.07708333333333
5.66875
5.95208333333333
6.0625
5.70625
5.99166666666667
5.94791666666667
5.63958333333333
5.89791666666667
6.05208333333333
5.75625
5.96875
6.23333333333333
5.6125
6.03333333333333
5.95625
5.74375
5.83958333333333
6.05416666666667
5.7
5.96666666666667
5.98125
5.7875
5.94791666666667
6.27708333333333
5.80208333333333
6.04166666666667
5.91666666666667
5.87916666666667
5.90208333333333
5.97708333333333
5.74583333333333
5.87708333333333
6.02916666666667
5.7875
5.98125
6.00416666666667
5.77916666666667
5.89583333333333
5.94791666666667
5.70416666666667
5.91458333333333
5.97916666666667
5.88541666666667
5.92708333333333
6.07083333333333
5.80833333333333
5.92916666666667
6.11875
5.79166666666667
5.95
6.03125
5.6875
5.97708333333333
6
5.74375
5.85416666666667
6.025
5.725
6.00625
6.03541666666667
5.72083333333333
5.97291666666667
6.19583333333333
5.81666666666667
5.93958333333333
5.97083333333333
5.75208333333333
5.92708333333333
6.0625
5.73958333333333
6.07083333333333
6.09166666666667
5.79375
5.99791666666667
6.08125
5.81458333333333
5.97291666666667
6.05625
5.78125
5.96875
5.91875
5.75
5.82083333333333
6.0375
5.71666666666667
5.81875
5.98333333333333
5.72291666666667
5.84166666666667
5.86458333333333
5.66458333333333
5.85208333333333
5.90416666666667
5.75625
5.85416666666667
6.20833333333333
5.71041666666667
5.90208333333333
5.89375
5.65
5.81458333333333
5.97291666666667
5.6625
5.94375
5.89166666666667
5.72083333333333
5.85
5.97708333333333
5.675
5.86458333333333
5.91458333333333
5.65833333333333
5.90208333333333
5.92291666666667
5.65625
5.83125
5.89791666666667
5.6375
5.85416666666667
6.16041666666667
5.65416666666667
5.80625
6.01666666666667
5.61666666666667
5.875
5.93541666666667
5.65208333333333
6.03333333333333
6.07083333333333
5.7875
5.90625
5.99166666666667
5.62916666666667
5.86041666666667
5.87916666666667
5.74166666666667
5.89583333333333
5.8875
5.625
5.94791666666667
5.86875
5.73333333333333
5.89166666666667
6.05
5.74375
5.90625
5.91458333333333
5.75416666666667
5.88125
5.91041666666667
5.675
5.87083333333333
5.99166666666667
5.72916666666667
5.91666666666667
5.94583333333333
5.57708333333333
5.81666666666667
5.85625
5.67083333333333
5.79166666666667
5.94375
5.52708333333333
5.8375
5.82291666666667
5.74791666666667
5.79791666666667
6.025
5.57291666666667
5.8625
5.96875
5.71041666666667
5.84791666666667
6.07291666666667
5.6
5.82708333333333
5.84375
5.63333333333333
5.90625
6.1
5.63333333333333
5.90833333333333
5.95416666666667
5.63333333333333
5.82708333333333
5.86041666666667
5.56041666666667
5.85625
5.94791666666667
5.70833333333333
5.80625
6.01458333333333
5.58541666666667
5.89583333333333
5.875
5.76458333333333
5.81666666666667
5.91666666666667
5.61875
5.92291666666667
5.87083333333333
5.78541666666667
5.94375
6.11666666666667
5.64583333333333
5.94166666666667
6.04791666666667
5.69375
5.92083333333333
6.12083333333333
5.65
5.83958333333333
5.90208333333333
5.69583333333333
5.90833333333333
6.30625
5.86875
6.25208333333333
6.34166666666667
6.32916666666667
6.73125
5.92916666666667
5.67291666666667
5.8875
5.90208333333333
5.70625
5.89583333333333
5.98958333333333
5.6125
5.84166666666667
5.99375
5.66875
5.87291666666667
5.95833333333333
5.58125
6.05
5.96458333333333
5.79583333333333
5.89583333333333
6.0875
5.52916666666667
5.96041666666667
5.95
5.68541666666667
5.88333333333333
5.91875
5.67708333333333
5.9625
5.87708333333333
5.76666666666667
5.8625
6.03958333333333
5.63541666666667
5.91458333333333
5.87083333333333
5.77291666666667
5.91666666666667
6.0125
5.68333333333333
6.08541666666667
6.03958333333333
5.88958333333333
5.90416666666667
6.17083333333333
5.7375
5.9625
6.08541666666667
