2.21666666666667
2.19583333333333
2.18333333333333
2.22916666666667
2.19166666666667
2.2125
2.225
2.20833333333333
2.22916666666667
2.2375
2.21666666666667
2.225
2.20416666666667
2.20833333333333
2.22083333333333
2.2375
2.1875
2.24583333333333
2.20833333333333
2.2125
2.21666666666667
2.17916666666667
2.21666666666667
2.2375
2.2125
2.20416666666667
2.2
2.1875
2.1875
2.225
2.20416666666667
2.2625
2.2625
2.2125
2.225
2.23333333333333
2.2
2.20833333333333
2.23333333333333
2.20833333333333
2.22083333333333
2.22916666666667
2.20833333333333
2.25
2.2125
2.2
2.225
2.20416666666667
2.2
2.21666666666667
2.18333333333333
2.2125
2.21666666666667
2.24166666666667
2.225
2.275
2.225
2.20416666666667
2.225
2.225
2.19166666666667
2.24166666666667
2.21666666666667
2.2125
2.2125
2.19583333333333
2.20416666666667
2.25416666666667
2.20833333333333
2.21666666666667
2.21666666666667
2.2
2.20833333333333
2.22083333333333
2.2
2.22916666666667
2.3375
2.375
2.3125
2.37083333333333
2.23333333333333
2.32916666666667
2.2375
2.34583333333333
2.20416666666667
2.425
2.225
2.42083333333333
2.18333333333333
2.475
2.20833333333333
2.45833333333333
2.25
2.4375
2.2375
2.40833333333333
2.22916666666667
2.40833333333333
2.2125
2.40833333333333
2.2
2.24583333333333
2.2
2.22083333333333
2.225
2.18333333333333
2.19583333333333
2.21666666666667
2.41666666666667
2.19583333333333
2.17083333333333
2.175
2.18333333333333
2.22083333333333
2.17083333333333
2.1875
2.20833333333333
2.17083333333333
2.22083333333333
2.20535714285714
2.1875
2.2
2.16666666666667
2.175
2.19166666666667
2.20416666666667
2.16666666666667
2.41666666666667
2.30833333333333
2.23333333333333
4.19166666666667
6.29583333333333
6.30416666666667
4.27916666666667
2.18333333333333
2.1875
2.1875
2.19583333333333
2.17916666666667
2.25
2.19583333333333
2.18333333333333
2.20833333333333
2.1625
2.17083333333333
2.1875
2.16666666666667
2.17083333333333
2.60416666666667
2.45416666666667
2.19583333333333
2.20833333333333
2.1875
2.2
2.22083333333333
2.2
2.16666666666667
2.20416666666667
2.175
2.17916666666667
2.17916666666667
2.19583333333333
2.17083333333333
2.22916666666667
2.2
2.20833333333333
2.21666666666667
2.20416666666667
2.20833333333333
2.19583333333333
2.20833333333333
2.19166666666667
2.2125
2.175
2.22916666666667
2.23333333333333
2.20416666666667
2.2
2.21666666666667
2.18333333333333
2.175
2.19583333333333
2.17916666666667
2.17916666666667
2.22916666666667
2.2
2.22083333333333
2.24166666666667
2.2125
2.19642857142857
2.20833333333333
2.17410714285714
2.16666666666667
2.19166666666667
2.175
2.17916666666667
2.22083333333333
2.17916666666667
2.21666666666667
2.20833333333333
2.17916666666667
2.19583333333333
2.2125
2.19166666666667
2.20416666666667
2.19166666666667
2.175
2.175
2.1875
2.17083333333333
2.22916666666667
2.2
2.17916666666667
2.22083333333333
2.2
2.17083333333333
2.19166666666667
2.17916666666667
2.15833333333333
2.2
2.17083333333333
2.16666666666667
2.2375
2.19166666666667
2.19166666666667
2.20416666666667
2.19166666666667
2.18333333333333
2.17916666666667
2.15416666666667
2.20416666666667
2.19583333333333
2.17916666666667
2.2
2.23333333333333
2.19583333333333
2.2125
2.2125
2.175
2.17083333333333
2.175
2.17083333333333
2.2
2.18333333333333
2.1875
2.1875
2.23333333333333
2.22083333333333
2.21666666666667
2.20416666666667
2.19166666666667
2.19583333333333
2.17916666666667
2.1875
2.19166666666667
2.17083333333333
2.22916666666667
2.20833333333333
2.225
2.19583333333333
2.19166666666667
2.1875
2.18333333333333
2.1875
2.16666666666667
2.20833333333333
2.20416666666667
2.19166666666667
2.22083333333333
2.175
2.23333333333333
2.19166666666667
2.17083333333333
2.21666666666667
2.22916666666667
2.37916666666667
2.2125
2.40416666666667
2.18333333333333
2.37916666666667
2.20833333333333
2.39166666666667
2.27916666666667
2.3875
2.2125
2.2375
2.42916666666667
2.19166666666667
