1.35
1.21666666666667
1.2
1.3
1.38333333333333
1.25
1.21666666666667
1.4
1.21666666666667
1.18333333333333
1.35
1.26666666666667
1.43333333333333
1.48333333333333
1.3
1.2
1.41666666666667
1.36666666666667
1.25
1.25
1.2
1.18333333333333
1.46666666666667
1.36666666666667
1.2
1.3
1.26666666666667
1.18333333333333
3.01666666666667
17.1666666666667
1.95
1.26666666666667
1.31666666666667
1.3
1.45
1.21666666666667
1.38333333333333
1.3
1.26666666666667
1.36538461538462
1.38333333333333
1.55
1.3
1.96666666666667
1.55
1.35
1.46666666666667
1.26666666666667
1.26666666666667
1.25
1.23333333333333
1.43333333333333
1.33333333333333
1.48333333333333
1.18333333333333
1.36666666666667
1.23333333333333
1.21666666666667
1.21666666666667
1.18333333333333
1.16666666666667
1.2
1.18333333333333
1.18333333333333
1.31666666666667
1.4
1.38333333333333
1.28333333333333
1.21666666666667
1.18333333333333
1.18333333333333
1.18333333333333
1.25
1.2
1.18333333333333
1.16666666666667
1.25
3.8
1.2
1.21666666666667
1.18333333333333
1.16666666666667
1.25
1.2
1.23333333333333
1.31666666666667
1.2
1.16666666666667
1.31666666666667
1.4
1.16666666666667
1.25
1.16666666666667
1.25
1.26666666666667
1.3
1.56666666666667
1.25
1.33333333333333
1.31666666666667
1.35
1.5
1.2
1.3
1.25
1.2
1.23333333333333
1.23333333333333
1.21666666666667
1.23333333333333
1.2
1.15
1.98333333333333
25.9666666666667
34.7
37.55
35.1333333333333
39.2166666666667
34.6333333333333
38.9166666666667
42.2666666666667
33.8
38.0833333333333
42.6666666666667
38
36.8833333333333
39.25
34.2166666666667
36.05
36.7
27.8166666666667
23.7833333333333
34.0333333333333
33.6333333333333
31.7333333333333
27.4833333333333
31.0166666666667
10.9666666666667
7.51666666666667
13.0166666666667
19.2166666666667
23.0333333333333
18.0166666666667
2.06666666666667
2.08333333333333
2.13333333333333
2.21666666666667
2.38333333333333
2.11666666666667
2.38333333333333
1.36666666666667
1.26666666666667
1.43333333333333
1.63333333333333
1.21666666666667
1.33333333333333
1.35
1.26666666666667
1.26666666666667
1.18333333333333
1.28333333333333
1.38333333333333
1.21666666666667
1.28333333333333
1.4
1.18333333333333
1.21666666666667
1.21666666666667
1.2
1.25
1.2
1.16666666666667
1.31666666666667
1.3
1.2
1.21666666666667
1.21666666666667
1.53333333333333
1.21666666666667
1.21666666666667
1.28333333333333
1.21666666666667
1.2
1.16666666666667
1.33333333333333
1.26666666666667
1.18333333333333
1.23333333333333
1.21666666666667
1.18333333333333
1.21666666666667
1.2
1.21666666666667
1.56666666666667
1.35
1.18333333333333
1.4
1.33333333333333
1.21666666666667
1.21666666666667
1.21666666666667
1.18333333333333
1.26666666666667
1.21666666666667
1.2
1.21666666666667
1.2
11.3
4.93333333333333
1.25
1.26666666666667
1.28333333333333
1.23333333333333
1.48333333333333
1.23333333333333
1.2
1.18333333333333
1.28333333333333
1.31666666666667
1.21666666666667
1.38333333333333
5.63333333333333
1.3
1.28333333333333
1.28333333333333
1.2
1.31666666666667
1.43333333333333
1.25
1.3
1.2
1.18333333333333
1.28333333333333
1.4
1.3
1.33333333333333
1.35
1.33333333333333
1.26666666666667
1.26666666666667
1.2
1.25
1.35
1.3
1.56666666666667
1.55
1.56666666666667
1.58333333333333
1.31666666666667
1.26666666666667
1.48333333333333
1.68333333333333
1.28333333333333
1.35
1.61666666666667
1.56666666666667
1.31666666666667
1.45
1.33333333333333
1.21666666666667
1.36666666666667
1.66666666666667
1.38333333333333
1.2
1.53333333333333
1.23333333333333
1.18333333333333
1.16666666666667
1.41666666666667
1.3
1.18333333333333
1.38333333333333
1.33333333333333
1.31666666666667
1.25
1.21666666666667
1.26666666666667
1.21666666666667
1.36666666666667
1.2
1.25
1.28333333333333
1.3
1.2
1.23333333333333
1.4
1.23333333333333
1.23333333333333
