2.2
2.53333333333333
2.53333333333333
2.5
2.46666666666667
3.28571428571429
2.53333333333333
2.5
2.43333333333333
2.43333333333333
2.46666666666667
2.5
2.5
2.53333333333333
2.5
2.43333333333333
2.46666666666667
2.46666666666667
2.5
2.5
2.5
2.5
2.43333333333333
2.43333333333333
2.46666666666667
2.5
2.5
2.5
2.46666666666667
2.5
2.5
2.5
2.53333333333333
2.53333333333333
2.43333333333333
2.43333333333333
2.5
2.43333333333333
2.46666666666667
2.5
2.53333333333333
2.5
2.43333333333333
2.5
2.43333333333333
2.53333333333333
2.53333333333333
2.5
2.5
2.43333333333333
2.5
2.43333333333333
2.5
2.53333333333333
2.5
2.56666666666667
2.53333333333333
2.46666666666667
2.53333333333333
2.46666666666667
2.5
2.56666666666667
2.56666666666667
2.46666666666667
2.43333333333333
2.5
2.6
2.53333333333333
2.53333333333333
2.53333333333333
2.43333333333333
2.43333333333333
2.5
2.5
2.5
2.5
2.5
2.43333333333333
2.43333333333333
2.56666666666667
2.46666666666667
2.5
2.46666666666667
2.5
2.4
2.43333333333333
3.14285714285714
2.43333333333333
2.46666666666667
2.46666666666667
2.43333333333333
2.4
2.3
2.3
2.5
2.46666666666667
2.46666666666667
2.46666666666667
2.36666666666667
2.16666666666667
2.23333333333333
2.33333333333333
2.5
2.4
2.46666666666667
4.16666666666667
3.7
2.43333333333333
2.36666666666667
2.33333333333333
2.23333333333333
2.16666666666667
2.16666666666667
2.3
2.3
2.43333333333333
5.03333333333333
2.36666666666667
2.46666666666667
2.2
2.2
3.17857142857143
2.46666666666667
2.46666666666667
2.46666666666667
2.46666666666667
2.4
2.4
2.5
2.5
2.46666666666667
2.4
2.46666666666667
2.43333333333333
2.43333333333333
2.46666666666667
2.5
2.46666666666667
2.4
2.46666666666667
2.43333333333333
2.43333333333333
2.43333333333333
2.46666666666667
2.46666666666667
2.43333333333333
2.43333333333333
2.43333333333333
2.4
2.43333333333333
2.46666666666667
2.5
2.4
2.4
2.46666666666667
2.4
3.14285714285714
2.16666666666667
2.2
2.13333333333333
2.1
2.1
2.2
3.53571428571429
2.5
2.5
2.53333333333333
2.43333333333333
2.4
2.43333333333333
2.46666666666667
2.46666666666667
2.36666666666667
2.43333333333333
2.5
2.4
2.46666666666667
2.43333333333333
2.6
2.4
3.06666666666667
2.46666666666667
2.5
2.5
3.07142857142857
2.2
2.2
2.2
2.96428571428571
2.36666666666667
2.2
2.23333333333333
2.16666666666667
2.26666666666667
2.46666666666667
2.16666666666667
2.26666666666667
2.23333333333333
2.26666666666667
2.2
2.23333333333333
2.26666666666667
2.16666666666667
2.23333333333333
2.3
2.26666666666667
2.16666666666667
2.2
2.16666666666667
2.2
2.23333333333333
2.2
2.2
2.2
2.26666666666667
2.2
2.2
2.3
2.2
2.2
3.16666666666667
2.43333333333333
2.46666666666667
2.5
2.43333333333333
2.5
2.43333333333333
2.4
2.43333333333333
3.10714285714286
2.43333333333333
2.46666666666667
2.46666666666667
2.26666666666667
2.36666666666667
2.23333333333333
2.26666666666667
2.36666666666667
2.2
2.5
2.23333333333333
2.26666666666667
2.2
2.16666666666667
2.23333333333333
2.23333333333333
2.4
2.2
2.2
2.3
2.16666666666667
2.33333333333333
2.23333333333333
2.2
2.2
2.23333333333333
2.36666666666667
3.33333333333333
2.26666666666667
2.26666666666667
2.13333333333333
2.26666666666667
2.16666666666667
2.13333333333333
2.3
2.4
2.36666666666667
2.23333333333333
4.7
2.26666666666667
2.23333333333333
2.23333333333333
2.2
2.36666666666667
2.36666666666667
2.2
2.2
2.33333333333333
2.5
2.2
2.23333333333333
2.23333333333333
2.16666666666667
2.2
2.16666666666667
2.3
2.4
2.16666666666667
