2.71666666666667
2.78333333333333
2.66666666666667
2.8
3.26666666666667
2.88333333333333
2.85
2.58333333333333
2.63333333333333
2.61666666666667
2.68333333333333
2.81666666666667
2.76666666666667
2.7
2.71666666666667
2.78333333333333
2.88333333333333
2.93333333333333
2.93333333333333
2.8
2.65
3.3
2.73333333333333
2.81666666666667
2.71666666666667
2.75
2.9
2.55
2.71666666666667
4.68333333333333
2.66666666666667
3.66666666666667
3.16666666666667
2.85
2.86666666666667
3
3.01666666666667
4.06666666666667
3.28333333333333
3.61666666666667
3.68333333333333
3.01666666666667
2.78333333333333
2.65
2.93333333333333
2.71666666666667
2.6
2.93333333333333
2.66666666666667
2.63333333333333
2.7
3.08333333333333
2.78333333333333
3.06666666666667
2.83333333333333
2.61666666666667
2.71666666666667
2.8
3.4
2.91666666666667
2.7
2.68333333333333
2.66666666666667
2.86666666666667
2.9
4.45
3.53333333333333
2.81666666666667
2.76666666666667
2.73333333333333
2.81666666666667
2.78333333333333
2.95
2.75
2.76666666666667
2.93333333333333
9.48333333333333
17.0166666666667
2.93333333333333
2.8
2.88333333333333
2.88333333333333
2.85
3.45
3.15
2.81666666666667
2.86666666666667
3.05
2.98333333333333
3.26666666666667
2.93333333333333
2.78333333333333
2.86666666666667
2.85
2.88333333333333
2.8
3.08333333333333
2.98333333333333
2.83333333333333
3.03333333333333
3
2.91666666666667
2.7
2.61666666666667
2.75
2.68333333333333
2.66666666666667
2.66666666666667
2.76666666666667
2.58333333333333
2.65
2.8
2.75
2.88333333333333
2.66666666666667
2.61666666666667
2.7
2.63333333333333
2.65
2.63333333333333
2.78333333333333
2.65
2.65
2.78333333333333
2.78333333333333
3.41666666666667
3.2
3.2
2.6
2.55
2.56666666666667
2.55
2.73333333333333
2.6
2.6
2.71666666666667
2.83333333333333
2.78333333333333
2.61666666666667
2.56666666666667
2.56666666666667
2.56666666666667
2.6
2.58333333333333
2.73333333333333
2.6
2.56666666666667
2.76666666666667
2.81666666666667
2.76666666666667
2.63333333333333
2.61666666666667
2.55
2.95
2.55
5.73333333333333
5.45
5.13333333333333
2.53333333333333
2.63333333333333
2.68333333333333
2.78333333333333
2.45
2.55
2.56666666666667
2.58333333333333
2.56666666666667
2.55
2.81666666666667
2.55
2.55
2.8
2.66666666666667
2.8
2.6
2.55
2.53333333333333
2.55
2.55
2.58333333333333
2.71666666666667
2.55
2.53333333333333
2.75
2.66666666666667
2.76666666666667
2.61666666666667
2.55
2.56666666666667
2.55
2.56666666666667
2.58333333333333
2.73333333333333
2.56666666666667
2.56666666666667
2.75
2.65
2.86666666666667
2.58333333333333
2.51666666666667
2.6
2.55
2.58333333333333
2.58333333333333
2.73333333333333
2.55
2.6
2.71666666666667
2.73333333333333
3.63333333333333
2.6
2.56666666666667
2.8
2.41666666666667
2.3
3.21666666666667
4.53333333333333
8.26666666666667
2.33333333333333
2.85
2.88333333333333
2.75
2.61666666666667
2.5
2.55
2.46666666666667
2.68333333333333
2.56666666666667
2.73333333333333
2.48333333333333
2.65
3.23333333333333
2.5
2.58333333333333
2.38333333333333
2.51666666666667
2.51666666666667
2.46666666666667
2.55
2.3
2.83333333333333
3.03333333333333
3.1
2.63333333333333
3.45
2.98333333333333
2.41666666666667
2.9
2.55
2.5
2.78333333333333
4.1
7.35
3.5
2.91666666666667
3.21666666666667
3.1
3.85
3.98333333333333
2.68333333333333
2.93333333333333
3.75
4.63333333333333
4.8
4.55
4.61666666666667
4.55
2.78333333333333
2.7
2.88333333333333
2.66666666666667
2.43333333333333
2.78333333333333
2.71666666666667
2.56666666666667
2.56666666666667
2.9
2.96666666666667
3.41666666666667
2.95
3
3.11666666666667
2.88333333333333
2.8
2.68333333333333
4.76666666666667
2.6
4.33333333333333
