1.65
1.7
1.68333333333333
1.66666666666667
1.7
1.71666666666667
1.66666666666667
1.6
1.65
1.65
1.68333333333333
1.85
1.68333333333333
1.65
1.66666666666667
1.66666666666667
1.68333333333333
1.75
1.7
1.65
1.68333333333333
1.66666666666667
1.71666666666667
1.93333333333333
1.7
1.7
1.68333333333333
1.7
1.66666666666667
1.71666666666667
1.65
1.7
1.71666666666667
1.7
1.7
1.88333333333333
1.68333333333333
1.68333333333333
1.68333333333333
1.66666666666667
1.7
1.73333333333333
1.66666666666667
1.63333333333333
1.66666666666667
1.7
1.68333333333333
1.85
1.73333333333333
1.7
1.73333333333333
1.75
1.71666666666667
1.73333333333333
1.7
1.7
1.66666666666667
1.71666666666667
1.78333333333333
1.86666666666667
1.66666666666667
1.66666666666667
1.7
1.71666666666667
1.78333333333333
1.73333333333333
1.66666666666667
1.68333333333333
1.68333333333333
1.73333333333333
1.75
1.9
1.7
1.61666666666667
1.7
1.73333333333333
1.68333333333333
1.71666666666667
1.68333333333333
1.68333333333333
1.75
1.7
1.68333333333333
1.85
1.7
1.73333333333333
1.71666666666667
1.66666666666667
1.68333333333333
1.7
1.65
1.63333333333333
1.65
1.7
1.73333333333333
1.88333333333333
1.61666666666667
1.66666666666667
1.63333333333333
1.66666666666667
1.58333333333333
1.5
1.5
1.5
1.5
1.5
1.5
1.7
1.51666666666667
1.5
1.51666666666667
1.5
1.51666666666667
1.5
1.5
1.5
1.51666666666667
1.5
1.5
1.68333333333333
1.5
1.5
1.51666666666667
1.5
1.5
1.5
1.5
1.5
1.53333333333333
1.5
1.5
1.7
1.5
1.51666666666667
1.5
1.53333333333333
1.5
1.5
1.51666666666667
1.5
1.5
1.53333333333333
1.51666666666667
1.7
1.51666666666667
1.5
1.5
1.51666666666667
2.63333333333333
2.16666666666667
1.53333333333333
1.51666666666667
1.81666666666667
1.5
1.51666666666667
1.7
1.5
1.5
1.53333333333333
1.51666666666667
1.5
1.51666666666667
1.5
1.51666666666667
1.5
1.51666666666667
1.53333333333333
1.7
1.5
1.5
1.5
1.5
1.5
1.55
1.5
1.5
1.5
1.5
1.51666666666667
1.7
1.5
1.51666666666667
1.5
1.5
1.51666666666667
1.55
1.51666666666667
1.51666666666667
1.5
1.5
1.51666666666667
1.73333333333333
1.51666666666667
1.53333333333333
1.5
1.5
1.51666666666667
1.53333333333333
1.5
1.51666666666667
1.51666666666667
1.5
1.53333333333333
1.71666666666667
1.51666666666667
1.51666666666667
1.5
1.5
1.5
1.51666666666667
1.53333333333333
1.53333333333333
1.5
1.5
1.5
1.7
1.51666666666667
1.51666666666667
1.51666666666667
1.5
1.55
1.53333333333333
1.5
1.53333333333333
1.51666666666667
1.5
1.5
1.7
1.5
1.53333333333333
1.5
1.51666666666667
1.51666666666667
1.5
1.5
1.53333333333333
1.5
1.5
1.51666666666667
1.7
1.51666666666667
1.51666666666667
1.5
1.5
1.53333333333333
1.66666666666667
1.5
1.51666666666667
1.5
1.5
1.51666666666667
1.68333333333333
1.5
1.51666666666667
1.5
1.51666666666667
1.51666666666667
1.5
1.5
1.5
1.5
1.51666666666667
1.51666666666667
1.71666666666667
1.5
1.5
1.5
1.5
1.51666666666667
1.51666666666667
1.5
1.51666666666667
1.5
1.51666666666667
1.55
1.71666666666667
1.63333333333333
1.65
1.65
1.65
1.68333333333333
1.68333333333333
1.66666666666667
1.65
1.66666666666667
1.66666666666667
1.68333333333333
1.88333333333333
