1.8
1.86666666666667
1.81666666666667
1.8
1.8
2.01666666666667
1.8
1.78333333333333
1.78333333333333
1.8
1.8
1.8
8.9
1.8
1.83333333333333
1.86666666666667
9.23333333333333
2.01666666666667
1.85
1.83333333333333
1.93333333333333
1.81666666666667
1.8
1.8
1.75
8.25
1.8
1.8
1.8
2.01666666666667
1.9
1.81666666666667
1.78333333333333
1.76666666666667
1.8
1.78333333333333
1.8
1.8
1.8
1.8
1.8
1.96666666666667
1.78333333333333
1.83333333333333
1.8
1.8
1.81666666666667
1.8
1.78333333333333
1.76666666666667
1.8
1.8
1.81666666666667
2.03333333333333
1.8
1.83333333333333
1.8
1.81666666666667
1.78333333333333
1.8
1.8
1.8
1.8
1.8
1.81666666666667
2.01666666666667
1.76666666666667
1.81666666666667
1.8
1.8
1.81666666666667
1.8
1.8
1.81666666666667
1.76666666666667
1.78333333333333
1.8
1.96666666666667
1.8
1.83333333333333
1.8
1.8
1.8
1.8
1.8
1.8
1.8
1.8
1.8
2.01666666666667
1.8
1.8
1.78333333333333
1.8
1.8
1.8
1.8
1.8
1.8
1.8
1.71666666666667
1.78333333333333
1.5
1.6
1.5
1.55
1.5
1.55
1.5
1.55
1.5
1.55
1.5
1.78333333333333
1.5
1.58333333333333
1.51666666666667
1.55
1.5
1.55
1.5
1.56666666666667
1.5
1.55
1.5
1.8
1.5
1.65
1.5
1.58333333333333
1.5
1.6
1.56666666666667
1.56666666666667
1.55
1.55
1.55
1.8
1.56666666666667
1.63333333333333
1.55
1.55
1.55
1.55
1.55
1.58333333333333
1.56666666666667
1.56666666666667
1.55
1.78333333333333
1.55
1.66666666666667
1.58333333333333
1.9
1.55
1.55
1.55
1.55
1.55
1.55
1.55
1.78333333333333
1.55
1.61666666666667
1.55
1.55
1.55
1.55
1.55
1.55
1.55
1.55
1.55
1.78333333333333
1.55
1.6
1.55
1.55
1.55
1.55
1.55
1.6
1.55
1.55
1.55
1.78333333333333
1.55
1.65
1.55
1.55
1.55
1.55
1.58333333333333
1.56666666666667
1.55
1.55
1.55
1.8
1.55
1.65
1.55
1.55
1.55
1.55
1.55
1.61666666666667
1.55
1.55
1.55
1.95
1.55
1.6
1.55
1.56666666666667
1.55
1.55
1.55
1.58333333333333
1.55
1.55
1.55
1.8
1.55
1.58333333333333
1.55
1.56666666666667
1.55
1.55
1.55
1.55
1.55
1.55
1.55
1.8
1.55
1.61666666666667
1.55
1.55
1.55
1.55
1.55
1.61666666666667
1.55
1.55
1.55
1.78333333333333
1.55
1.61666666666667
1.55
1.55
1.55
1.55
1.55
1.8
1.8
1.8
1.85
6.65
1.8
1.8
1.8
1.95
1.8
1.78333333333333
1.8
1.83333333333333
1.76666666666667
1.55
1.55
1.78333333333333
1.55
5.56666666666667
1.55
1.58333333333333
1.55
1.55
1.88333333333333
1.78333333333333
1.81666666666667
1.8
1.8
2.03333333333333
1.8
1.85
5.55
2.7
1.8
1.96666666666667
