1.56666666666667
1.7
1.5
1.7
1.5
1.7
2
1.7
1.5
1.7
1.5
1.7
1.6
1.7
1.5
1.7
1.53333333333333
1.7
2
1.7
1.5
1.7
1.5
1.66666666666667
1.63333333333333
1.66666666666667
1.53333333333333
1.66666666666667
1.53333333333333
1.66666666666667
2.03333333333333
1.66666666666667
1.53333333333333
1.66666666666667
1.53333333333333
1.66666666666667
1.63333333333333
1.66666666666667
1.53333333333333
1.66666666666667
1.53333333333333
1.66666666666667
2.23333333333333
1.66666666666667
1.53333333333333
1.66666666666667
1.53333333333333
1.66666666666667
4.8
1.66666666666667
1.53333333333333
1.86666666666667
1.93333333333333
1.66666666666667
2.03333333333333
1.66666666666667
1.53333333333333
1.66666666666667
1.53333333333333
1.66666666666667
1.63333333333333
1.66666666666667
1.53333333333333
1.7
1.53333333333333
1.66666666666667
2.06666666666667
1.66666666666667
1.53333333333333
1.66666666666667
1.6
1.63333333333333
1.66666666666667
1.63333333333333
1.56666666666667
1.63333333333333
1.56666666666667
1.63333333333333
2.06666666666667
1.63333333333333
1.56666666666667
1.63333333333333
1.56666666666667
1.63333333333333
1.66666666666667
1.63333333333333
1.53333333333333
1.66666666666667
1.53333333333333
1.66666666666667
2.03333333333333
1.66666666666667
1.53333333333333
1.66666666666667
1.53333333333333
1.66666666666667
1.63333333333333
1.7
1.6
1.66666666666667
1.53333333333333
1.66666666666667
1.66666666666667
1.53333333333333
1.66666666666667
1.53333333333333
1.66666666666667
1.63333333333333
1.66666666666667
1.53333333333333
1.66666666666667
1.53333333333333
1.66666666666667
2.03333333333333
1.66666666666667
1.53333333333333
1.66666666666667
1.53333333333333
1.66666666666667
1.63333333333333
1.66666666666667
1.53333333333333
1.7
1.56666666666667
1.7
2.1
1.73333333333333
1.7
1.63333333333333
1.56666666666667
1.63333333333333
1.66666666666667
1.66666666666667
1.6
1.7
1.63333333333333
1.7
2.2
1.63333333333333
1.56666666666667
1.7
1.6
1.7
1.9
1.63333333333333
1.6
1.66666666666667
1.6
1.66666666666667
2.16666666666667
1.7
1.63333333333333
1.63333333333333
1.6
1.66666666666667
1.66666666666667
1.66666666666667
1.6
1.7
1.6
1.7
2.1
1.66666666666667
1.53333333333333
1.66666666666667
1.6
1.73333333333333
1.66666666666667
1.73333333333333
1.63333333333333
1.63333333333333
2.26666666666667
1.66666666666667
2.1
1.7
1.6
1.7
1.6
6.86666666666667
1.7
1.66666666666667
1.56666666666667
1.66666666666667
1.6
1.7
2.1
1.7
1.6
1.63333333333333
1.56666666666667
1.66666666666667
1.7
1.7
1.6
1.7
1.6
1.63333333333333
2.06666666666667
1.66666666666667
1.6
1.7
1.6
1.63333333333333
1.7
1.63333333333333
1.6
1.66666666666667
1.6
1.7
2.1
1.7
1.6
1.63333333333333
1.56666666666667
1.7
1.7
1.7
1.6
1.63333333333333
1.53333333333333
1.7
2.1
1.7
1.6
1.7
1.6
1.63333333333333
1.63333333333333
1.7
1.6
1.7
1.6
1.7
2.1
1.63333333333333
1.5
1.7
1.6
1.66666666666667
1.7
1.63333333333333
1.6
1.63333333333333
1.56666666666667
1.7
2.1
1.7
1.6
1.7
1.56666666666667
1.66666666666667
1.8
2.06666666666667
1.6
1.7
1.6
1.66666666666667
2.1
1.63333333333333
1.56666666666667
1.7
1.6
1.7
1.63333333333333
1.6
1.53333333333333
1.7
1.6
1.73333333333333
2.16666666666667
1.7
1.6
1.6
1.6
1.7
1.7
1.7
1.6
1.6
1.66666666666667
1.66666666666667
2.1
1.73333333333333
1.6
1.66666666666667
1.56666666666667
1.63333333333333
1.56666666666667
