0.966666666666667
1.08333333333333
1.01666666666667
0.95
1.05
1.28333333333333
0.9
1.05
1.1
1.01666666666667
1.01666666666667
1.15
1.08333333333333
1.25
1.2
0.966666666666667
1.31666666666667
1.26666666666667
0.916666666666667
1.06666666666667
1.4
0.933333333333333
1.05
1.03333333333333
1.13333333333333
1.01666666666667
1.05
0.95
1.06666666666667
1.06666666666667
1.33333333333333
1.15
1.08333333333333
0.933333333333333
1.13333333333333
1.03333333333333
1.28333333333333
1.08333333333333
1.1
1.08333333333333
1.05
1.21666666666667
1.06666666666667
1.21666666666667
1.1
0.933333333333333
1.23333333333333
1.25
1.15
1.4
1.46666666666667
1.36666666666667
1.98333333333333
1.51666666666667
1.3
1.08333333333333
2.9
1.78333333333333
1.15
1.06666666666667
0.983333333333333
1
1.05
0.95
1.05
1.01666666666667
0.9
1.03333333333333
1.11666666666667
1.13333333333333
1.16666666666667
1.13333333333333
0.933333333333333
1.3
1.5
1.31666666666667
1.21666666666667
1.08333333333333
1.06666666666667
1.13333333333333
1.16666666666667
1.51666666666667
2.03333333333333
1.38333333333333
1.15
1.23333333333333
1.65
1.41666666666667
1.28333333333333
1.63333333333333
1.03333333333333
1.3
1.28333333333333
1.26666666666667
1.15
1.18333333333333
0.933333333333333
1.05
1.05
0.9
1.05
1
1.33333333333333
1.18333333333333
1.25
1.06666666666667
1.11666666666667
5.28333333333333
4.3
2.85
1
1.2
1.35
1.3
1.06666666666667
1.55
1.08333333333333
0.916666666666667
1.05
1.05
1.63333333333333
2.31666666666667
1.03333333333333
0.95
1.05
1.18333333333333
1.51666666666667
1.08333333333333
1.08333333333333
1
1.05
1.05
1.16666666666667
1.1
1.05
1.3
1.05
1.28333333333333
1.15
1.05
1.33333333333333
1.11666666666667
1.3
1.23333333333333
1.2
1.2
1.13333333333333
1.01666666666667
1.05
1.05
1.1
1.16666666666667
1.05
0.95
1.05
1.33333333333333
1.36666666666667
1.16666666666667
1.16666666666667
0.95
1.05
1.05
0.9
1.53333333333333
1.46666666666667
1.55
1.18333333333333
1.2
0.95
1.06666666666667
1.1
1.15
1.4
1.2
1.06666666666667
1.16666666666667
1.13333333333333
1.15
1.23333333333333
1.16666666666667
1.16666666666667
1.06666666666667
1.18333333333333
1
1.15
1.08333333333333
1.06666666666667
1.36666666666667
1.05
1.03333333333333
1
1
0.933333333333333
1.06666666666667
1.08333333333333
1.3
1.25
1.05
0.933333333333333
1.03333333333333
1.05
0.95
1.05
1.23333333333333
0.983333333333333
1.05
1.08333333333333
1.05
1.13333333333333
1.05
0.95
1.03333333333333
1.05
1.06666666666667
1.05
1.2
1.45
1.55
1.55
1.1
1.15
1.01666666666667
0.9
1.16666666666667
1.08333333333333
0.966666666666667
1.11666666666667
1.06666666666667
1.08333333333333
1.61666666666667
1.16666666666667
1.15
1.15
1.2
1.15
1.21666666666667
1.25
1.33333333333333
1.26666666666667
1.11666666666667
1.03333333333333
1.25
1.51666666666667
1.4
1.38333333333333
1.43333333333333
0.983333333333333
1.06666666666667
1.13333333333333
1.1
1.11666666666667
1.16666666666667
1.15
1.26666666666667
1.58333333333333
1.38333333333333
1.06666666666667
1.13333333333333
0.95
1.06666666666667
1.13333333333333
0.95
1.55
1.16666666666667
1.45
1.13333333333333
1.11666666666667
0.95
1.16666666666667
1.18333333333333
1.05
1.18333333333333
1.23333333333333
1.05
1.25
1.11666666666667
0.983333333333333
1.08333333333333
1.28333333333333
1.15
1.3
1.13333333333333
0.95
1.06666666666667
1.1
0.95
1.13333333333333
1.36666666666667
