1.78333333333333
1.775
1.775
1.75833333333333
1.75833333333333
1.86666666666667
1.75
1.775
1.76666666666667
1.775
1.75
1.75
1.76666666666667
1.76666666666667
1.78333333333333
1.775
1.76666666666667
1.875
1.75833333333333
1.76666666666667
1.775
1.775
1.78333333333333
1.75
1.8
1.81666666666667
1.83333333333333
1.80833333333333
1.825
1.91666666666667
1.79166666666667
1.75833333333333
1.79166666666667
1.80833333333333
1.825
1.84166666666667
1.775
1.81666666666667
1.825
1.8
1.75833333333333
2
1.80833333333333
1.80833333333333
1.775
1.79166666666667
1.78333333333333
1.78333333333333
1.775
1.78333333333333
1.83333333333333
1.825
1.78333333333333
1.93333333333333
1.85
1.8
1.825
1.8
1.80833333333333
1.81666666666667
1.81666666666667
1.80833333333333
1.825
1.81666666666667
1.76666666666667
1.88333333333333
1.8
1.80833333333333
1.85
1.825
1.8
1.8
1.79166666666667
1.79166666666667
1.8
1.79166666666667
1.80833333333333
1.91666666666667
1.81666666666667
1.81666666666667
1.83333333333333
1.79166666666667
1.80833333333333
1.825
1.81666666666667
1.85
1.84166666666667
1.80833333333333
1.80833333333333
1.90833333333333
1.775
1.81666666666667
1.8
1.79166666666667
1.825
1.8
1.8
1.81666666666667
1.79166666666667
1.80833333333333
1.79166666666667
1.79166666666667
1.69166666666667
1.68333333333333
1.69166666666667
1.675
1.7
1.675
2.01666666666667
1.66666666666667
1.70833333333333
1.69166666666667
1.70833333333333
1.86666666666667
1.725
1.7
1.725
1.69166666666667
1.675
1.7
1.7
1.65833333333333
1.70833333333333
1.68333333333333
1.69166666666667
1.78333333333333
1.68333333333333
1.96666666666667
3.96666666666667
1.7
1.71666666666667
1.68333333333333
1.69166666666667
1.7
1.7
1.70833333333333
1.65833333333333
1.8
1.69166666666667
1.675
1.69166666666667
1.70833333333333
1.70833333333333
1.7
1.69166666666667
1.70833333333333
1.7
1.7
2.31666666666667
2.2
1.675
1.71666666666667
1.85833333333333
1.71666666666667
1.73333333333333
1.7
1.68333333333333
1.725
1.7
1.69166666666667
1.7
1.79166666666667
1.675
1.70833333333333
1.675
1.68333333333333
1.7
1.675
1.66666666666667
1.70833333333333
1.7
1.69166666666667
1.68333333333333
1.8
1.68333333333333
1.70833333333333
1.68333333333333
1.725
1.7
1.7
1.68333333333333
1.7
1.70833333333333
1.68333333333333
1.675
1.825
1.69166666666667
1.69166666666667
1.70833333333333
1.70833333333333
1.68333333333333
1.68333333333333
1.675
1.70833333333333
1.68333333333333
1.69166666666667
1.68333333333333
1.8
1.69166666666667
1.69166666666667
1.66666666666667
1.69166666666667
1.7
1.7
1.68333333333333
1.70833333333333
1.69166666666667
1.71666666666667
1.7
1.8
1.68333333333333
1.69166666666667
1.69166666666667
1.75
1.69166666666667
1.7
1.69166666666667
1.70833333333333
1.725
1.73333333333333
1.69166666666667
1.83333333333333
1.68333333333333
1.7
1.725
1.75
1.7
1.71666666666667
1.675
1.71666666666667
1.71666666666667
1.70833333333333
1.71666666666667
1.84166666666667
1.68333333333333
1.7
1.71666666666667
1.71666666666667
1.70833333333333
1.725
1.66666666666667
1.71666666666667
1.70833333333333
1.7
1.69166666666667
1.81666666666667
1.68333333333333
1.7
1.70833333333333
1.71666666666667
1.68333333333333
1.68333333333333
1.68333333333333
1.7
1.725
1.70833333333333
1.69166666666667
1.81666666666667
1.7
1.7
1.70833333333333
1.725
1.7
1.70833333333333
1.71666666666667
1.70833333333333
1.675
1.7
1.69166666666667
1.79166666666667
1.69166666666667
1.7
1.70833333333333
1.70833333333333
1.73333333333333
1.675
1.75
1.76666666666667
1.8
1.8
1.76666666666667
1.90833333333333
1.79166666666667
1.81666666666667
1.8
1.83333333333333
1.78333333333333
1.80833333333333
