2.28333333333333
3.1
4.55
2.23333333333333
5.18333333333333
19.8666666666667
2.65
3.08333333333333
3.35
4.53333333333333
2.08333333333333
4.3
2
1.85
2.46666666666667
1.75
3.21666666666667
12.3666666666667
1.93333333333333
4.7
2.28333333333333
1.86666666666667
1.53333333333333
10.7333333333333
11.4833333333333
2.51666666666667
1.9
1.31666666666667
2.36666666666667
9.58333333333333
1.13333333333333
1.53333333333333
1.68333333333333
22.3333333333333
26.3
30.6
26.3
25.9833333333333
28.2833333333333
25.95
27.7166666666667
32.4166666666667
27.3166666666667
25.8
30.5166666666667
25.6666666666667
26.55
28.6833333333333
25.3666666666667
27.2
27.3333333333333
26.2833333333333
27.3
33.65
35.6666666666667
25.5833333333333
27.2
24.1833333333333
26.5666666666667
29.7
25.55
18.55
2.56666666666667
2.6
2.1
10.3
1.38333333333333
1.28333333333333
1.41666666666667
1.23333333333333
3.85
8.43333333333333
2.3
2.21666666666667
1.56666666666667
1.95
5.31666666666667
8.9
1.95
1.18333333333333
1.35
1.21666666666667
1.11666666666667
10.1
1.05
0.95
1.55
0.85
2.25
10.4166666666667
1.08333333333333
1.38333333333333
1.46666666666667
1.08333333333333
0.866666666666667
11
10.4833333333333
1.83333333333333
1.8
0.816666666666667
2.28333333333333
10.0833333333333
0.8
1.21666666666667
1.41666666666667
1.5
1.01666666666667
5.1
1.06666666666667
0.8
1.75
0.75
2.15
9.5
0.783333333333333
1.1
1.21666666666667
0.983333333333333
0.85
4.96666666666667
0.9
2.51666666666667
9.73333333333333
0.75
2.01666666666667
8.91666666666667
0.75
1.06666666666667
1.21666666666667
0.866666666666667
0.95
4.56666666666667
1.05
0.866666666666667
1.53333333333333
0.883333333333333
2.21666666666667
9.58333333333333
0.816666666666667
1.2
1.33333333333333
1.1
0.933333333333333
5.36666666666667
1.13333333333333
2.1
1.46666666666667
22.25
5.11666666666667
9.68333333333333
0.75
1.11666666666667
1.21666666666667
0.916666666666667
1
4.65
0.95
0.833333333333333
1.41666666666667
0.75
2.11666666666667
8.8
0.75
1.05
1.2
0.983333333333333
0.85
10.2333333333333
10.05
1.81666666666667
1.43333333333333
0.75
3
11.25
1.93333333333333
3.73333333333333
2.28333333333333
1.13333333333333
1.66666666666667
4.61666666666667
1.05
0.816666666666667
1.5
0.75
2.25
9.38333333333333
0.816666666666667
1.1
1.35
1
0.916666666666667
5.93333333333333
1.3
2.36666666666667
1.55
0.75
2.16666666666667
9.11666666666667
0.75
1.71666666666667
6.26666666666667
2.83333333333333
0.966666666666667
4.76666666666667
0.95
0.8
1.43333333333333
3.05
3.05
10.8166666666667
1.31666666666667
1.9
1.36666666666667
1.33333333333333
1.25
5.23333333333333
1.08333333333333
3.1
3.11666666666667
2.7
4.41666666666667
13.9333333333333
2.86666666666667
6.41666666666667
3.93333333333333
2.55
4.5
6.2
2.7
2.46666666666667
7.11666666666667
3.5
4.55
12.2666666666667
3
2.96666666666667
2.81666666666667
2.48333333333333
2.3
13.05
12.15
4
2.88333333333333
2.81666666666667
4
13.0166666666667
4.38333333333333
2.9
2.98333333333333
2.91666666666667
2.91666666666667
5.91666666666667
4.86666666666667
2.31666666666667
3.53333333333333
2.53333333333333
3.85
15.2333333333333
3.1
3.05
3.08333333333333
5.65
3.85
7.3
2.68333333333333
4.45
5.13333333333333
3.06666666666667
4.88333333333333
11.15
3.46666666666667
4.8
7.18333333333333
2.66666666666667
3.98333333333333
6.5
2.73333333333333
2.23333333333333
2.86666666666667
2.23333333333333
10.0333333333333
11.1666666666667
3.51666666666667
3.31666666666667
3.83333333333333
3.43333333333333
3.33333333333333
7.08333333333333
