1.6125
1.61666666666667
1.6125
1.62083333333333
1.59583333333333
1.65833333333333
1.59166666666667
1.95833333333333
1.92916666666667
1.66666666666667
1.6875
1.66666666666667
1.64166666666667
1.6375
1.6375
1.625
1.6125
1.6875
1.62916666666667
1.7125
1.62916666666667
1.6625
1.67083333333333
1.65416666666667
1.6125
1.6375
1.6125
1.62083333333333
1.60416666666667
1.6625
1.61666666666667
1.7125
1.59583333333333
1.65833333333333
1.6625
1.65416666666667
1.7375
1.84583333333333
1.7
1.70416666666667
1.8625
3.35
1.62916666666667
1.74166666666667
1.625
1.66666666666667
1.66666666666667
1.65833333333333
2.17083333333333
1.64583333333333
1.72083333333333
1.6375
1.62083333333333
1.6875
1.64166666666667
1.70833333333333
1.625
1.65
1.6625
1.6375
1.60833333333333
1.65
1.6375
1.6375
1.6
1.66666666666667
1.60833333333333
1.72916666666667
1.6
1.65833333333333
1.65833333333333
1.65
1.6125
1.63333333333333
1.625
1.62083333333333
1.6125
1.68333333333333
1.60416666666667
1.7
1.60416666666667
1.6625
1.65
1.64583333333333
1.62083333333333
1.625
1.61666666666667
1.61666666666667
1.6625
1.60833333333333
1.6875
1.63333333333333
1.6625
1.66666666666667
1.65
1.61666666666667
1.60833333333333
1.625
1.60833333333333
1.60416666666667
1.65833333333333
1.60833333333333
1.69583333333333
1.61666666666667
1.6625
1.65833333333333
1.63333333333333
1.5875
1.6125
1.62083333333333
1.6
1.5875
1.675
1.57916666666667
1.69166666666667
1.60416666666667
1.65416666666667
1.65416666666667
1.64583333333333
1.6
1.61666666666667
1.63333333333333
1.79166666666667
1.61666666666667
1.87916666666667
1.62916666666667
1.9
1.6375
1.84583333333333
1.68333333333333
1.78333333333333
1.7
1.70416666666667
1.7625
1.625
1.8125
1.65833333333333
1.83333333333333
1.67916666666667
1.81666666666667
1.65416666666667
1.86666666666667
1.64583333333333
1.82916666666667
1.61666666666667
1.82083333333333
1.625
1.8125
1.68333333333333
1.82083333333333
1.67916666666667
1.82916666666667
1.64166666666667
1.85833333333333
1.64166666666667
1.85
1.64166666666667
1.72083333333333
1.7625
1.62083333333333
1.82916666666667
1.62083333333333
1.89583333333333
1.62083333333333
1.85
1.67083333333333
1.83333333333333
1.6125
1.82083333333333
1.63333333333333
1.82916666666667
1.70416666666667
1.85416666666667
1.625
2.95
1.60833333333333
1.84166666666667
1.675
1.85416666666667
1.62083333333333
1.81666666666667
1.6875
1.60833333333333
1.8
1.66666666666667
1.80833333333333
1.70833333333333
1.8125
1.65
1.88333333333333
15.8083333333333
14.9125
1.76666666666667
1.95
1.75
1.87916666666667
1.70833333333333
1.87083333333333
1.77083333333333
1.84166666666667
1.77083333333333
1.72083333333333
1.90416666666667
1.67916666666667
7.20416666666667
2.14166666666667
1.85833333333333
1.69583333333333
1.90833333333333
1.6625
1.94166666666667
1.675
1.90416666666667
1.7
1.9125
1.6875
1.84583333333333
4.35
1.8
1.9375
1.7875
1.87916666666667
1.74166666666667
1.86666666666667
1.69166666666667
1.9375
1.71666666666667
1.87083333333333
1.67916666666667
1.89166666666667
1.67083333333333
1.84166666666667
1.7125
1.86666666666667
1.74583333333333
1.725
1.8375
1.69583333333333
1.89166666666667
1.67916666666667
1.87916666666667
1.70833333333333
1.86666666666667
1.67083333333333
1.9125
1.6625
1.9375
1.6625
1.8875
1.70833333333333
1.87083333333333
1.67083333333333
1.79166666666667
1.74583333333333
1.6625
1.85416666666667
1.70416666666667
1.87083333333333
1.74583333333333
1.8625
1.675
1.92916666666667
1.69166666666667
1.87083333333333
1.65833333333333
1.875
1.65833333333333
1.7125
1.83333333333333
1.65833333333333
1.9375
1.67916666666667
1.87916666666667
1.67916666666667
1.85416666666667
1.66666666666667
1.86666666666667
1.69166666666667
1.875
1.65416666666667
1.90416666666667
1.64583333333333
1.80833333333333
1.7875
1.69166666666667
1.8875
1.66666666666667
1.8625
