1.83333333333333
1.76666666666667
1.73333333333333
1.7
1.7
1.88333333333333
1.71666666666667
1.65
1.68333333333333
1.71666666666667
1.7
1.66666666666667
1.78333333333333
1.76666666666667
1.7
1.71666666666667
1.7
1.7
1.73333333333333
1.7
1.68333333333333
1.71666666666667
1.7
1.65
1.81666666666667
1.75
1.7
1.73333333333333
1.7
1.68333333333333
1.71666666666667
1.7
1.7
1.68333333333333
1.68333333333333
1.7
1.85
1.81666666666667
1.7
1.7
1.68333333333333
1.71666666666667
1.68333333333333
1.66666666666667
1.7
1.76666666666667
1.71666666666667
1.71666666666667
1.83333333333333
1.75
1.71666666666667
1.68333333333333
1.73333333333333
1.75
1.8
1.68333333333333
1.75
1.71666666666667
1.7
1.71666666666667
1.83333333333333
1.81666666666667
1.71666666666667
1.73333333333333
1.71666666666667
1.73333333333333
1.73333333333333
1.73333333333333
1.71666666666667
1.66666666666667
1.8
1.71666666666667
1.81666666666667
1.76666666666667
1.73333333333333
1.7
1.7
1.76666666666667
1.76666666666667
1.71666666666667
1.73333333333333
1.68333333333333
1.66666666666667
1.7
1.83333333333333
1.76666666666667
1.73333333333333
1.68333333333333
1.7
1.71666666666667
1.7
1.68333333333333
1.71666666666667
1.71666666666667
1.7
1.68333333333333
1.81666666666667
1.78333333333333
1.7
1.68333333333333
1.63333333333333
1.56666666666667
1.5
1.53333333333333
1.5
1.51666666666667
1.5
1.53333333333333
1.61666666666667
1.58333333333333
1.5
1.55
1.5
1.53333333333333
1.5
1.55
1.55
1.5
1.5
1.53333333333333
1.65
1.65
1.5
1.53333333333333
1.5
1.53333333333333
1.5
1.55
1.51666666666667
1.53333333333333
1.5
1.51666666666667
1.63333333333333
1.61666666666667
1.51666666666667
1.5
1.61666666666667
1.58333333333333
1.53333333333333
1.51666666666667
1.51666666666667
1.53333333333333
1.53333333333333
1.55
1.58333333333333
1.6
1.53333333333333
1.55
2.25
2.2
1.51666666666667
1.9
1.55
1.53333333333333
1.51666666666667
1.51666666666667
1.65
1.61666666666667
1.55
1.51666666666667
1.55
1.61666666666667
1.53333333333333
1.51666666666667
1.51666666666667
1.53333333333333
1.53333333333333
1.53333333333333
1.65
1.6
1.53333333333333
1.55
1.53333333333333
1.51666666666667
1.51666666666667
1.53333333333333
1.53333333333333
1.53333333333333
1.51666666666667
1.53333333333333
1.66666666666667
1.58333333333333
1.53333333333333
1.53333333333333
1.55
1.56666666666667
1.53333333333333
1.53333333333333
1.51666666666667
1.51666666666667
1.51666666666667
1.55
1.66666666666667
1.58333333333333
1.56666666666667
1.51666666666667
1.56666666666667
1.55
1.53333333333333
1.5
1.55
1.55
1.53333333333333
1.51666666666667
1.63333333333333
1.58333333333333
1.55
1.53333333333333
1.53333333333333
1.56666666666667
1.53333333333333
1.53333333333333
1.55
1.51666666666667
1.51666666666667
1.53333333333333
1.65
1.58333333333333
1.53333333333333
1.5
1.51666666666667
1.55
1.53333333333333
1.5
1.51666666666667
1.55
1.55
1.53333333333333
1.63333333333333
1.58333333333333
1.55
1.53333333333333
1.61666666666667
1.53333333333333
1.53333333333333
1.53333333333333
1.55
1.51666666666667
1.51666666666667
1.53333333333333
1.68333333333333
1.58333333333333
1.53333333333333
1.5
1.55
1.58333333333333
1.51666666666667
1.5
1.51666666666667
1.51666666666667
1.53333333333333
1.53333333333333
1.63333333333333
1.58333333333333
1.55
1.53333333333333
1.53333333333333
1.55
1.51666666666667
1.53333333333333
1.55
1.61666666666667
1.5
1.53333333333333
1.65
1.61666666666667
1.53333333333333
1.5
1.55
1.56666666666667
1.53333333333333
1.51666666666667
1.5
1.51666666666667
1.53333333333333
1.55
1.75
1.73333333333333
1.68333333333333
1.68333333333333
1.68333333333333
1.66666666666667
1.66666666666667
1.7
1.68333333333333
1.63333333333333
1.68333333333333
1.68333333333333
