2.16666666666667
1.9
1.98333333333333
1.96666666666667
1.93333333333333
1.95
1.85
1.9
1.91666666666667
2.6
1.88333333333333
1.93333333333333
2.18333333333333
1.91666666666667
1.95
1.91666666666667
1.88333333333333
1.93333333333333
1.88333333333333
1.95
1.93333333333333
1.91666666666667
1.93333333333333
1.9
2.16666666666667
1.88333333333333
1.9
1.9
1.83333333333333
1.9
1.9
1.9
1.86666666666667
1.9
1.96666666666667
1.95
2.28333333333333
1.9
1.9
1.9
1.91666666666667
1.9
1.9
1.93333333333333
1.85
1.9
1.9
1.9
3.95
1.93333333333333
2.2
1.95
1.91666666666667
1.93333333333333
1.9
1.91666666666667
1.88333333333333
1.88333333333333
1.9
1.91666666666667
2.21666666666667
1.93333333333333
1.88333333333333
1.9
1.9
2.5
3.65
4.68333333333333
1.95
1.93333333333333
1.88333333333333
1.95
2.16666666666667
1.9
1.93333333333333
1.9
1.93333333333333
1.88333333333333
1.9
1.86666666666667
1.91666666666667
1.95
1.96666666666667
1.9
2.2
1.88333333333333
1.91666666666667
1.86666666666667
1.95
1.93333333333333
1.88333333333333
1.9
1.93333333333333
1.86666666666667
1.91666666666667
1.9
2.36666666666667
1.96666666666667
2.05
1.93333333333333
1.96666666666667
1.88333333333333
1.93333333333333
1.91666666666667
1.91666666666667
1.86666666666667
1.88333333333333
1.91666666666667
2.2
1.91666666666667
1.93333333333333
1.9
1.95
1.88333333333333
1.91666666666667
1.88333333333333
1.93333333333333
1.96666666666667
2
1.86666666666667
2.23333333333333
1.9
1.91666666666667
1.93333333333333
1.96666666666667
1.93333333333333
1.93333333333333
2.03333333333333
1.95
1.96666666666667
1.96666666666667
2.05
2.25
1.86666666666667
1.93333333333333
1.98333333333333
1.95
1.95
1.91666666666667
1.9
1.91666666666667
1.9
1.91666666666667
1.95
2.18333333333333
1.93333333333333
2.08333333333333
2.03333333333333
1.91666666666667
1.91666666666667
1.88333333333333
1.88333333333333
1.96666666666667
1.93333333333333
1.91666666666667
1.93333333333333
2.21666666666667
1.93333333333333
1.93333333333333
1.91666666666667
1.93333333333333
1.93333333333333
1.93333333333333
1.91666666666667
1.95
1.9
1.9
1.93333333333333
2.16666666666667
1.9
1.93333333333333
1.91666666666667
2.28333333333333
1.86666666666667
1.9
1.91666666666667
1.93333333333333
3.48333333333333
3.3
1.9
2.21666666666667
1.91666666666667
1.96666666666667
1.93333333333333
1.98333333333333
1.91666666666667
1.91666666666667
1.91666666666667
1.93333333333333
1.88333333333333
1.9
1.83333333333333
2.3
1.98333333333333
2
1.96666666666667
2.01666666666667
1.96666666666667
1.96666666666667
2.01666666666667
2.01666666666667
1.98333333333333
1.91666666666667
1.9
2.2
1.96666666666667
1.93333333333333
1.9
1.93333333333333
1.9
1.91666666666667
1.93333333333333
1.93333333333333
1.86666666666667
1.93333333333333
1.91666666666667
2.28333333333333
2
1.96666666666667
1.98333333333333
1.93333333333333
1.9
1.95
1.95
1.95
2
1.93333333333333
1.93333333333333
2.26666666666667
1.91666666666667
1.95
1.95
1.98333333333333
1.9
1.91666666666667
1.9
1.91666666666667
1.9
1.91666666666667
1.93333333333333
2.23333333333333
1.9
1.95
1.9
1.86666666666667
1.91666666666667
1.88333333333333
1.88333333333333
1.96666666666667
1.91666666666667
1.93333333333333
1.95
2.15
1.9
1.93333333333333
1.88333333333333
1.91666666666667
1.91666666666667
1.88333333333333
1.88333333333333
1.91666666666667
1.88333333333333
2
2.05
2.2
1.91666666666667
1.88333333333333
1.91666666666667
1.96666666666667
1.9
1.91666666666667
1.91666666666667
1.93333333333333
1.86666666666667
1.91666666666667
1.86666666666667
2.21666666666667
1.96666666666667
1.95
1.9
1.96666666666667
1.88333333333333
1.93333333333333
1.91666666666667
1.9
1.91666666666667
1.9
1.85
