1.76666666666667
1.9
1.81666666666667
1.76666666666667
1.75
1.76666666666667
1.76666666666667
1.75
1.75
1.78333333333333
1.76666666666667
1.75
1.78333333333333
1.93333333333333
1.86666666666667
1.75
1.75
1.78333333333333
1.76666666666667
1.78333333333333
1.75
1.76666666666667
1.75
1.75
1.76666666666667
1.9
1.85
1.78333333333333
1.78333333333333
1.83333333333333
1.73333333333333
1.76666666666667
1.76666666666667
1.8
1.75
1.76666666666667
1.71666666666667
1.91666666666667
1.83333333333333
1.71666666666667
1.73333333333333
1.76666666666667
1.76666666666667
1.76666666666667
1.75
1.75
1.76666666666667
1.73333333333333
1.73333333333333
2
1.8
1.73333333333333
1.76666666666667
1.76666666666667
1.76666666666667
1.78333333333333
1.76666666666667
1.76666666666667
1.78333333333333
1.78333333333333
1.76666666666667
1.91666666666667
1.83333333333333
1.75
1.76666666666667
1.8
1.75
1.78333333333333
1.8
1.78333333333333
1.76666666666667
1.76666666666667
1.76666666666667
1.96666666666667
1.9
1.76666666666667
1.78333333333333
1.83333333333333
1.8
1.73333333333333
1.76666666666667
1.75
1.73333333333333
1.75
1.76666666666667
1.96666666666667
1.73333333333333
1.78333333333333
1.78333333333333
1.8
1.78333333333333
1.8
1.76666666666667
1.78333333333333
1.75
1.78333333333333
1.76666666666667
1.93333333333333
1.78333333333333
1.76666666666667
1.68333333333333
1.7
1.5
1.51666666666667
1.5
1.53333333333333
1.5
1.55
1.95
1.88333333333333
1.5
1.51666666666667
1.5
1.55
1.5
1.53333333333333
1.5
1.51785714285714
1.5
1.53333333333333
1.5
1.66666666666667
1.56666666666667
1.51666666666667
1.5
1.55
1.5
1.51666666666667
1.53333333333333
1.53333333333333
1.5
1.53333333333333
1.5
1.75
1.53333333333333
1.53333333333333
1.53333333333333
1.55
1.5
1.53333333333333
1.55
1.51666666666667
1.53333333333333
2.31666666666667
5.8
1.75
1.55
1.51666666666667
2.65
2.6
1.51666666666667
1.51666666666667
1.55
1.53333333333333
1.5
1.55
1.53333333333333
1.75
1.55
1.55
1.5
1.56666666666667
1.53333333333333
1.53333333333333
1.53333333333333
1.53333333333333
1.51666666666667
1.55
1.6
1.75
1.51666666666667
1.53333333333333
1.51666666666667
1.58333333333333
1.53333333333333
1.51666666666667
1.51666666666667
1.55
1.51666666666667
1.53333333333333
1.55
1.71666666666667
1.51666666666667
1.55
1.53333333333333
1.56666666666667
1.55
1.55
1.51666666666667
1.55
1.51666666666667
1.53333333333333
1.53333333333333
1.73333333333333
1.55
1.56666666666667
1.53333333333333
1.55
1.53333333333333
1.55
1.5
1.55
1.53333333333333
1.53333333333333
1.53333333333333
1.8
1.56666666666667
1.51666666666667
1.55
1.55
1.51666666666667
1.55
1.51666666666667
1.51666666666667
1.55
1.53333333333333
1.51666666666667
1.75
1.53333333333333
1.51666666666667
1.55
1.51666666666667
1.51666666666667
1.55
1.53333333333333
1.53333333333333
1.55
1.51666666666667
1.51666666666667
1.73333333333333
1.53333333333333
1.55
1.55
1.56666666666667
1.56666666666667
1.55
1.53333333333333
1.53333333333333
1.51666666666667
1.51666666666667
1.58333333333333
1.8
1.56666666666667
1.55
1.53333333333333
1.55
1.53333333333333
1.53333333333333
1.53333333333333
1.55
1.51666666666667
1.53333333333333
1.55
1.83333333333333
1.51666666666667
1.55
1.53333333333333
1.56666666666667
3.66666666666667
2.57142857142857
1.3
1.36666666666667
1.3
1.35
1.31666666666667
1.55
1.31666666666667
1.46666666666667
1.3
1.35
1.3
1.3
1.33333333333333
1.3
1.3
1.33333333333333
1.58333333333333
1.83333333333333
1.6
1.6
1.6
1.7
1.6
1.58333333333333
1.6
1.7
1.65
1.63333333333333
