0
0
0
0
0
34.8
28.4
18.8
11.6666666666667
1.4
1
1
1
0.8
8.57142857142857
4
1.13333333333333
3
4.13333333333333
5.33333333333333
4.53333333333333
7.2
6.26666666666667
6
6.93333333333333
9.53333333333333
44.6666666666667
38.3333333333333
16.3333333333333
8.66666666666667
7.6
25.7333333333333
7.33333333333333
3.66666666666667
2.4
9.07692307692308
13.8
6.93333333333333
7.6
2.2
5.26666666666667
6.13333333333333
4.73333333333333
3
2.33333333333333
2
2
2
2.06666666666667
2.13333333333333
2
3.6
2
2
2
2
2
2
2
2
2
3.06666666666667
2.53333333333333
2
2
2
2
2
2
2
2
2
3.6
2
2
2
2
2
2
2
2
2
3.6
2
2
2
2
2
2
2
2
2
3.6
2
2
2
2
2
2
2
2
2
3.6
2
2
2
2
2
2
2
2
2
3.06666666666667
2.53333333333333
2
2
2
2
2
2
2
2
2
3.6
2
2
2
2
2
2
2
2
2
3.6
2
2
2
2
2
2
2
2
2
3.6
2
2
2
2
2
2
2
2
2
3.6
2
2
2
2
8.13333333333333
7.13333333333333
2
2
2
3.06666666666667
2.53333333333333
2
2
2
2
2
2
2
2
2
3.6
2
2.4
2
2
2
2
2
2
2
3.6
2
2
2
2
2
2
2
2
2
3.6
2
2
2
2
2
2
2
2
2
3.6
2
2
2
2
2
2
2
2
2
3.2
2.33333333333333
2
2
2
2
2
2
2
2
2
4.6
2
2
2
2
2
2
2
2
2
3.6
2
2
2
2
2
2
2
2
2
3.6
2
2
2
2
2
2
2
2
2
3.6
2
2
2
2
2
2
2
2
2
3.06666666666667
2.53333333333333
2
2
2
2
2
2
2
2
2
3.6
2
2
2
2
2
2
2
2
2
3.6
2
