1.96666666666667
1.76666666666667
1.81666666666667
1.75
1.76666666666667
1.76666666666667
1.78333333333333
1.76666666666667
1.78333333333333
1.76666666666667
1.76666666666667
1.85
2
1.76666666666667
1.81666666666667
1.75
1.8
1.75
1.81666666666667
1.75
1.76666666666667
1.75
1.8
1.85
2
1.75
1.78333333333333
1.75
1.75
1.75
1.75
1.75
1.78333333333333
1.75
1.76666666666667
1.86666666666667
2.08333333333333
1.75
1.85
1.75
1.78333333333333
1.75
1.76666666666667
1.75
1.8
1.75
1.8
1.75
2.06666666666667
1.75
2.2
1.75
1.8
1.75
1.8
1.75
1.8
1.75
1.8
1.75
2.1
1.75
1.85
1.75
1.8
1.75
1.8
1.75
1.78333333333333
1.75
1.78333333333333
1.75
2.1
1.75
1.85
1.75
1.8
1.75
1.8
1.75
1.8
1.75
1.78333333333333
1.76666666666667
2.08333333333333
1.75
1.86666666666667
1.75
1.76666666666667
1.75
1.78333333333333
1.75
1.78333333333333
1.75
1.8
1.76666666666667
2.05
1.75
1.85
1.75
1.76666666666667
1.75
1.8
1.75
1.8
1.75
1.78333333333333
1.78333333333333
2.06666666666667
1.75
1.83333333333333
1.75
1.8
1.75
1.8
1.75
1.8
1.8
1.78333333333333
1.85
2.15
1.75
1.76666666666667
1.8
1.8
1.8
1.81666666666667
1.8
1.83333333333333
1.8
1.76666666666667
1.83333333333333
2.05
1.78333333333333
1.8
1.78333333333333
1.81666666666667
1.8
1.8
1.76666666666667
1.78333333333333
1.8
1.8
1.86666666666667
2.01666666666667
1.8
1.8
1.76666666666667
3.23333333333333
1.78333333333333
1.8
1.81666666666667
1.85
1.8
1.8
1.85
2.03333333333333
1.78333333333333
1.83333333333333
1.8
1.8
1.8
1.8
1.8
1.76666666666667
1.78333333333333
1.78333333333333
1.86666666666667
2.06666666666667
1.8
1.81666666666667
1.8
2.13333333333333
1.76666666666667
1.85
1.8
1.8
5.48333333333333
1.8
1.88333333333333
2.05
1.78333333333333
1.78333333333333
1.8
1.78333333333333
1.78333333333333
1.8
1.8
1.8
1.8
1.75
1.9
2
1.8
1.83333333333333
1.8
1.8
1.8
1.76666666666667
1.78333333333333
1.8
1.78333333333333
1.8
1.9
2.03333333333333
1.8
1.83333333333333
1.78333333333333
1.8
1.8
1.8
1.8
1.8
1.8
1.78333333333333
1.86666666666667
2.01666666666667
1.8
1.83333333333333
1.8
1.8
1.8
1.76666666666667
1.78333333333333
1.8
1.8
1.8
1.8
2.1
1.78333333333333
1.81666666666667
1.78333333333333
1.78333333333333
1.8
1.8
1.8
1.81666666666667
1.8
1.8
1.75
2.1
1.8
1.8
1.8
1.8
1.8
1.78333333333333
1.76666666666667
1.8
1.8
1.8
1.8
2.1
1.8
3.26666666666667
1.78333333333333
1.93333333333333
3.16666666666667
1.8
3.25
1.81666666666667
1.8
1.75
1.86666666666667
2.1
1.8
1.8
1.93333333333333
3.16666666666667
1.76666666666667
3.3
1.8
1.8
1.8
1.85
1.83333333333333
2.11666666666667
1.75
1.85
1.8
2.26666666666667
2.81666666666667
1.8
3.3
1.76666666666667
2.2
2.81666666666667
1.8
