1.26666666666667
1.36666666666667
1.33333333333333
1.3
1.3
1.36666666666667
1.3
1.31666666666667
1.31666666666667
1.3
1.36666666666667
1.5
1.3
1.33333333333333
1.33333333333333
1.35
1.36666666666667
1.36666666666667
1.31666666666667
1.4
1.31666666666667
1.3
1.31666666666667
1.51666666666667
1.3
1.35
1.33333333333333
1.3
1.26666666666667
1.48333333333333
1.31666666666667
1.38333333333333
1.3
1.36666666666667
1.31666666666667
1.48333333333333
1.28333333333333
1.36666666666667
1.3
1.31666666666667
1.31666666666667
1.35
1.31666666666667
1.33333333333333
1.31666666666667
1.35
1.3
1.51666666666667
1.3
1.35
1.31666666666667
1.28333333333333
1.28333333333333
1.5
1.33333333333333
1.31666666666667
1.3
1.35
1.3
1.5
1.26666666666667
1.43333333333333
1.38333333333333
1.3
1.3
1.35
1.3
1.35
1.28333333333333
1.35
1.48333333333333
1.5
1.3
1.3
1.3
1.3
1.3
1.3
1.3
1.35
1.3
1.31666666666667
1.3
1.5
1.3
1.31666666666667
1.45
1.31666666666667
1.3
1.35
1.3
1.31666666666667
1.3
1.35
1.38333333333333
1.58333333333333
1.3
1.3
1.3
1.31666666666667
1.26666666666667
1.23333333333333
1.25
1.25
1.25
1.23333333333333
1.25
1.45
1.21666666666667
1.23333333333333
1.21666666666667
1.21666666666667
1.2
1.21666666666667
1.25
1.25
1.18333333333333
1.25
1.25
1.43333333333333
1.2
1.25
1.25
1.25
1.23333333333333
1.25
1.16666666666667
1.13333333333333
1.1
1.16666666666667
1.11666666666667
1.35
1.13333333333333
1.25
1.23333333333333
1.15
1.21666666666667
1.35
1.25
1.2
1.25
1.25
1.23333333333333
1.41666666666667
1.25
1.23333333333333
1.23333333333333
1.25
1.95
2.11666666666667
1.25
1.25
1.25
1.3
1.25
1.38333333333333
1.25
1.25
1.25
1.25
1.25
1.25
1.25
1.23333333333333
1.23333333333333
1.25
1.25
1.4
1.25
1.25
1.25
1.23333333333333
1.25
1.23333333333333
1.25
1.25
1.23333333333333
1.3
1.2
1.4
1.23333333333333
1.25
1.25
1.25
1.25
1.25
1.25
1.25
1.25
1.25
1.25
1.4
1.25
1.25
1.25
1.25
1.2
1.26666666666667
1.25
1.23333333333333
1.25
1.25
1.25
1.38333333333333
1.25
1.25
1.25
1.25
1.25
1.3
1.21666666666667
1.25
1.25
1.28333333333333
1.25
1.4
1.23333333333333
1.25
1.21666666666667
1.25
1.23333333333333
1.25
1.2
1.25
1.21666666666667
1.28333333333333
1.18333333333333
1.4
1.18333333333333
1.18333333333333
1.23333333333333
1.21666666666667
1.25
1.25
1.19642857142857
1.21666666666667
1.21666666666667
1.15
1.25
1.38333333333333
1.18333333333333
1.2
1.21666666666667
1.21666666666667
1.18333333333333
1.25
1.21666666666667
1.21666666666667
1.25
1.25
1.25
1.33333333333333
1.18333333333333
1.21666666666667
1.23333333333333
1.23333333333333
1.25
1.23333333333333
1.25
1.21666666666667
1.16666666666667
1.25
1.25
1.38333333333333
1.25
1.25
1.25
1.25
1.25
1.25
1.25
1.23333333333333
1.25
1.25
1.25
1.4
1.3
1.46666666666667
1.3
1.3
1.28333333333333
1.3
1.3
1.3
1.3
1.35
1.3
1.5
