2.875
2.90416666666667
2.89166666666667
2.94583333333333
2.875
2.91666666666667
2.96666666666667
3.01666666666667
2.99583333333333
2.90833333333333
4.8625
8.35833333333333
8.43333333333333
2.92916666666667
2.86666666666667
3.3
4.4125
3.025
3.25833333333333
3.72916666666667
2.88333333333333
2.91666666666667
2.86666666666667
4.41666666666667
8.61666666666667
7.6375
2.925
2.8875
2.87083333333333
2.96666666666667
2.84583333333333
2.95833333333333
2.8
2.87916666666667
2.925
2.98333333333333
2.8375
2.975
2.87916666666667
2.90416666666667
2.8
2.88333333333333
2.825
2.925
2.88333333333333
2.81666666666667
2.84166666666667
2.87916666666667
2.84583333333333
2.88333333333333
2.825
2.875
2.89583333333333
2.9125
2.90416666666667
2.91666666666667
2.9375
2.95416666666667
2.8375
2.9
2.85833333333333
2.9
2.8375
2.82916666666667
2.825
2.8875
2.8375
2.85
2.79583333333333
2.80833333333333
2.85416666666667
2.925
2.80416666666667
2.87083333333333
2.87083333333333
2.95416666666667
2.9375
2.95833333333333
2.87083333333333
3.00833333333333
2.87916666666667
2.94583333333333
2.85416666666667
3.02916666666667
2.8875
2.95416666666667
2.825
2.94166666666667
2.875
2.975
2.84583333333333
2.975
2.83333333333333
2.9875
2.89166666666667
3
2.82083333333333
2.9625
2.875
2.9
2.8
2.875
2.8
2.9
2.79166666666667
2.7625
2.81666666666667
2.96666666666667
2.7375
2.87083333333333
2.8
2.82083333333333
2.76666666666667
2.79583333333333
2.77916666666667
2.86666666666667
2.83333333333333
2.76666666666667
2.7875
2.87083333333333
2.81666666666667
2.80833333333333
2.77916666666667
2.82083333333333
2.76666666666667
2.8375
2.8
2.84583333333333
2.77083333333333
2.86666666666667
2.83333333333333
2.82083333333333
2.8375
2.9
2.85416666666667
2.79583333333333
2.73333333333333
2.86666666666667
2.8625
2.9
2.76666666666667
2.80833333333333
2.80833333333333
2.85833333333333
2.7625
2.80416666666667
2.8375
2.8
2.74166666666667
2.8125
2.81666666666667
2.95416666666667
2.87083333333333
2.90416666666667
2.875
2.85416666666667
2.83333333333333
2.84166666666667
2.80416666666667
2.76666666666667
2.8375
2.875
2.7375
2.8875
2.84166666666667
2.92916666666667
2.81666666666667
2.80833333333333
2.8375
2.84583333333333
2.8375
2.84166666666667
2.8625
2.84166666666667
2.82083333333333
2.81666666666667
2.75833333333333
2.75833333333333
2.80833333333333
2.87916666666667
2.7
2.8125
2.75
2.75833333333333
2.77916666666667
2.80416666666667
2.76666666666667
2.84583333333333
2.825
2.75
2.825
2.92083333333333
2.8375
2.82916666666667
2.75833333333333
2.7625
2.81666666666667
2.82916666666667
2.75
2.85416666666667
2.8
2.80416666666667
2.77916666666667
2.7875
2.82916666666667
2.8625
2.80416666666667
2.825
2.77916666666667
2.83333333333333
2.80416666666667
2.87916666666667
2.82083333333333
2.86666666666667
2.825
2.82916666666667
2.90416666666667
3.35416666666667
4.32083333333333
6.21666666666667
5.15
3.29583333333333
3.32083333333333
3.36666666666667
3.26666666666667
4.875
6.05416666666667
3.30833333333333
3.33333333333333
3.7
3.2625
3.2875
3.31666666666667
3.3
3.23333333333333
3.30416666666667
3.26666666666667
3.32083333333333
3.33333333333333
3.40416666666667
3.49583333333333
3.27083333333333
3.60833333333333
3.23333333333333
3.2625
3.29583333333333
3.29166666666667
3.32083333333333
3.28333333333333
3.27083333333333
3.2875
3.30833333333333
3.2625
3.275
3.52083333333333
6.19166666666667
10.9083333333333
4.9875
3.35416666666667
3.34166666666667
3.2875
3.31666666666667
3.31666666666667
3.25833333333333
3.29166666666667
3.29583333333333
3.29583333333333
3.27916666666667
4.5625
6.65416666666667
10.4125
9.45833333333333
3.43333333333333
3.33333333333333
3.2875
3.325
3.47916666666667
3.4375
3.45
4.47916666666667
4.09583333333333
7.98333333333333
4.72083333333333
3.84583333333333
8.30833333333333
3.84583333333333
3.3875
3.45833333333333
