3.63125
3.675
3.65
3.62083333333333
3.625
3.5875
3.675
3.63125
3.66666666666667
3.6
3.62291666666667
3.62291666666667
3.575
3.5625
3.61875
3.6
3.59791666666667
3.56875
3.57708333333333
3.625
3.61666666666667
3.6
3.57708333333333
3.58928571428571
3.61041666666667
3.62291666666667
3.58333333333333
3.60416666666667
3.61875
3.62291666666667
3.56041666666667
3.575
3.63125
3.64375
3.60416666666667
3.59166666666667
3.5875
3.6125
3.6
3.61666666666667
3.57708333333333
3.62708333333333
3.57916666666667
3.60625
3.60267857142857
3.60833333333333
3.60625
3.60208333333333
3.60625
3.55133928571429
3.62083333333333
3.58541666666667
3.61041666666667
3.60416666666667
3.57916666666667
3.59583333333333
3.56875
3.61041666666667
3.59166666666667
3.56458333333333
3.60208333333333
3.62916666666667
3.58541666666667
3.60416666666667
3.63125
3.64583333333333
3.6125
3.575
3.61666666666667
3.65208333333333
3.60833333333333
3.59166666666667
3.58482142857143
3.60416666666667
3.625
3.61041666666667
3.60208333333333
3.63541666666667
3.64375
3.62708333333333
3.59598214285714
3.625
3.57291666666667
3.65833333333333
3.61666666666667
3.62083333333333
3.609375
3.66458333333333
3.61666666666667
3.62916666666667
3.5875
3.63541666666667
3.59166666666667
3.64375
3.56458333333333
3.63958333333333
3.62916666666667
3.65208333333333
3.6
3.62291666666667
3.58958333333333
3.60416666666667
3.55
3.54791666666667
3.56458333333333
3.55833333333333
3.58958333333333
3.61666666666667
3.76041666666667
3.54791666666667
3.57708333333333
3.55416666666667
3.5125
3.57083333333333
3.58035714285714
3.52916666666667
3.54583333333333
3.54241071428571
3.575
3.54791666666667
3.56666666666667
3.525
3.57291666666667
3.56875
3.55833333333333
3.5625
3.55
3.56458333333333
3.56666666666667
3.59375
3.53541666666667
3.58958333333333
3.58958333333333
3.76875
3.59166666666667
3.53541666666667
3.54166666666667
3.58541666666667
3.54166666666667
3.5625
3.54166666666667
3.59166666666667
3.57708333333333
3.55833333333333
3.53125
3.53333333333333
3.58541666666667
3.53541666666667
3.79583333333333
3.69791666666667
3.60416666666667
3.55416666666667
3.53571428571429
3.59375
3.58035714285714
3.575
3.575
3.54166666666667
3.56458333333333
3.59598214285714
3.56041666666667
3.5375
3.55416666666667
3.57083333333333
3.57708333333333
3.59166666666667
3.56041666666667
3.546875
3.58333333333333
3.58333333333333
3.56458333333333
3.54166666666667
3.5625
3.61875
3.57366071428571
3.51875
3.55625
3.59166666666667
3.54791666666667
3.56041666666667
3.55416666666667
3.52916666666667
3.58125
3.53541666666667
3.5375
3.53125
3.5875
3.56875
3.54583333333333
3.57291666666667
3.55416666666667
3.5625
3.55625
3.55833333333333
3.57083333333333
3.55416666666667
3.57083333333333
3.55208333333333
3.52708333333333
3.57083333333333
3.59375
3.58258928571429
3.53958333333333
3.54583333333333
3.56875
3.56041666666667
3.56875
3.52708333333333
3.55
3.58333333333333
3.575
3.5375
3.53958333333333
3.56875
3.575
3.55
3.54375
3.54583333333333
3.57916666666667
3.5625
3.5375
3.55625
3.55
3.57291666666667
3.56041666666667
3.56041666666667
3.575
3.59791666666667
3.57708333333333
3.55833333333333
3.59166666666667
3.56041666666667
3.58541666666667
3.58541666666667
3.54375
3.55625
3.61041666666667
3.5875
3.5625
3.575
3.58541666666667
3.59375
3.575
3.55
3.56875
3.62291666666667
3.58125
3.55208333333333
3.5625
3.60208333333333
3.57291666666667
3.56458333333333
3.53541666666667
3.5625
3.61666666666667
3.57708333333333
3.54791666666667
3.5625
3.57708333333333
3.575
3.56041666666667
3.5625
3.56666666666667
3.59583333333333
3.55625
3.54583333333333
3.56458333333333
3.56875
3.57291666666667
3.58958333333333
3.55416666666667
3.57708333333333
3.5625
3.5875
3.55
3.575
3.65833333333333
3.6125
3.66666666666667
3.5875
3.65208333333333
3.63541666666667
3.6375
3.57083333333333
3.6375
3.63541666666667
3.61875
3.64375
