2.16666666666667
2.2
2.11666666666667
2.08333333333333
2.23333333333333
2.15
2.23333333333333
2.25
2.16666666666667
2.11666666666667
2.18333333333333
2.13333333333333
2.18333333333333
2.16666666666667
2.13333333333333
2.18333333333333
2.18333333333333
2.23333333333333
2.23333333333333
2.2
2.15
2.13333333333333
2.08333333333333
2.21666666666667
2.16666666666667
2.21666666666667
2.15
2.13333333333333
2.11666666666667
2.21666666666667
2.11666666666667
2.25
2.18333333333333
2.16666666666667
2.15
2.23333333333333
2.25
2.21666666666667
2.25
2.23333333333333
2.21666666666667
2.25
2.25
2.25
2.25
2.25
2.23333333333333
2.2
2.21666666666667
2.23333333333333
2.21666666666667
2.25
2.25
2.15
2.21666666666667
2.21666666666667
2.18333333333333
2.13333333333333
2.06666666666667
2.2
2.23333333333333
2.18333333333333
2.13333333333333
2.08333333333333
2.16666666666667
2.23333333333333
2.25
2.21666666666667
2.25
2.2
2.15
2.2
2.18333333333333
2.25
2.25
2.25
2.23333333333333
2.23333333333333
2.25
2.25
2.16666666666667
2.18333333333333
2.23333333333333
2.25
2.21666666666667
2.41666666666667
2.23333333333333
2.25
2.15
2.15
2.23333333333333
2.16666666666667
2.15
2.08333333333333
2.23333333333333
2.18333333333333
2.23333333333333
2.2
2.23333333333333
2.23333333333333
2.16666666666667
2.11666666666667
2.18333333333333
2.16666666666667
2.11666666666667
2.2
2.25
2.15
2.16666666666667
2.15
2.08333333333333
2.11666666666667
2.18333333333333
2.1
2.1
2.21666666666667
2.21666666666667
2.18333333333333
2.2
2.11666666666667
2.1
2.1
2.05
2.08333333333333
2.15
2.13333333333333
2.1
2.1
2.18333333333333
2.21666666666667
2.13333333333333
2.06666666666667
2.15
2.06666666666667
2.1
2.1
2.11666666666667
2.06666666666667
2.13333333333333
2.11666666666667
2.13333333333333
2.15
2.11666666666667
2.15
2.2
2.11666666666667
2.13333333333333
2.1
2.11666666666667
2.25
2.13333333333333
2.05
2.08333333333333
2.11666666666667
2.13333333333333
2.06666666666667
2.2
2.16666666666667
2.18333333333333
2.18333333333333
2.16666666666667
2.16666666666667
2.11666666666667
2.2
2.16666666666667
2.2
2.13333333333333
2.1
2.08333333333333
2.1
2.2
2.21666666666667
2.21666666666667
2.2
2.2
2.11666666666667
2.21666666666667
2.11666666666667
2.16666666666667
2.21666666666667
2.16666666666667
2.15
2.16666666666667
2.2
2.15
2.18333333333333
2.18333333333333
2.08333333333333
2.2
2.78333333333333
2.21666666666667
2.21666666666667
2.11666666666667
2.18333333333333
2.13333333333333
2.18333333333333
2.18333333333333
2.25
2.11666666666667
2.18333333333333
2.13333333333333
2.11666666666667
2.23333333333333
2.16666666666667
2.18333333333333
2.21666666666667
2.15
2.11666666666667
2.2
2.13333333333333
2.18333333333333
2.13333333333333
2.16666666666667
2.1
2.13333333333333
2.16666666666667
2.2
2.15
2.15
2.1
2.18333333333333
2.16666666666667
2.2
2.18333333333333
2.16666666666667
2.18333333333333
2.2
2.18333333333333
2.13333333333333
2.11666666666667
2.13333333333333
2.13333333333333
2.15
2.18333333333333
2.13333333333333
2.13333333333333
2.1
2.16666666666667
2.21666666666667
2.16666666666667
2.11666666666667
2.16666666666667
2.18333333333333
2.11666666666667
2.16666666666667
2.16666666666667
2.1
2.15
2.18333333333333
2.08333333333333
2.16666666666667
2.13333333333333
2.15
2.18333333333333
2.15
2.15
2.23333333333333
2.2
2.15
2.21666666666667
2.2
2.2
2.25
2.25
2.25
2.25
2.25
2.25
2.25
2.25
2.25
2.25
2.25
2.25
2.25
2.25
2.21666666666667
2.25
2.23333333333333
2.2
2.25
2.23333333333333
2.2
2.25
2.23333333333333
2.23333333333333
2.21666666666667
2.25
