2.95
2.90833333333333
2.9
2.91666666666667
2.93333333333333
2.925
2.93333333333333
2.91666666666667
3.03333333333333
2.925
2.93333333333333
2.90833333333333
2.93333333333333
2.9
2.91666666666667
2.91666666666667
2.95
2.95833333333333
2.95
2.90833333333333
3.04166666666667
2.91666666666667
2.96666666666667
2.93333333333333
2.95
2.94166666666667
2.89166666666667
2.95
2.9
2.99166666666667
2.90833333333333
2.93333333333333
3.00833333333333
2.93333333333333
2.925
2.925
2.94166666666667
3.06666666666667
2.99166666666667
2.90833333333333
2.91666666666667
2.95833333333333
2.89166666666667
2.925
3.00833333333333
2.93333333333333
2.93333333333333
2.93333333333333
2.95833333333333
2.91666666666667
2.925
2.9
2.93333333333333
2.94166666666667
2.925
2.925
3.025
2.93333333333333
2.95833333333333
2.9
2.925
2.94166666666667
2.925
2.90833333333333
2.95
2.95833333333333
2.96666666666667
2.9
3
2.93333333333333
2.93333333333333
2.91666666666667
2.9
2.91666666666667
2.90833333333333
2.89166666666667
2.9
2.99166666666667
2.91666666666667
2.9
3.00833333333333
2.93333333333333
2.95
2.925
2.91666666666667
2.925
2.9
2.94166666666667
2.9
2.94166666666667
2.90833333333333
2.93333333333333
2.99166666666667
2.925
2.925
2.925
2.9
2.925
2.91666666666667
2.925
2.9
2.81666666666667
2.83333333333333
2.79166666666667
2.91666666666667
2.84166666666667
2.80833333333333
2.85833333333333
2.8
2.85
2.84166666666667
2.825
2.84166666666667
2.91666666666667
2.81666666666667
2.825
2.9
2.81666666666667
2.825
2.86666666666667
2.80833333333333
2.80833333333333
2.84166666666667
2.84166666666667
2.85
2.875
2.80833333333333
2.80833333333333
2.975
2.8
2.83333333333333
2.79166666666667
2.825
2.80833333333333
2.84166666666667
2.825
2.81666666666667
2.86666666666667
2.86666666666667
2.86666666666667
2.90833333333333
2.84166666666667
2.84166666666667
2.85
2.79166666666667
2.825
2.8
2.825
3.15
3.2
2.80833333333333
2.825
2.90833333333333
2.925
2.90833333333333
2.81666666666667
2.83333333333333
2.825
2.8
2.85833333333333
2.825
2.83333333333333
2.825
2.85
2.90833333333333
2.80833333333333
2.80833333333333
2.85
2.80833333333333
2.85833333333333
2.85833333333333
2.86666666666667
2.84166666666667
2.89166666666667
2.85833333333333
2.83333333333333
2.88333333333333
2.81666666666667
2.8
2.83333333333333
2.8
2.83333333333333
2.825
2.83333333333333
2.85833333333333
2.86666666666667
2.875
2.81666666666667
2.94166666666667
2.8
2.84166666666667
2.81666666666667
2.83333333333333
2.81666666666667
2.85
2.85
2.85833333333333
2.86666666666667
2.825
2.84166666666667
2.90833333333333
2.81666666666667
2.825
2.84166666666667
2.81666666666667
2.80833333333333
2.83333333333333
2.84166666666667
2.85
2.85
2.83333333333333
2.775
2.96666666666667
2.79166666666667
2.83333333333333
2.8
2.825
2.84166666666667
2.81666666666667
2.83333333333333
2.85
2.825
2.85
2.80833333333333
2.925
2.8
2.84166666666667
2.86666666666667
2.825
2.84166666666667
2.83333333333333
2.83333333333333
2.825
2.875
2.83333333333333
2.83333333333333
2.93333333333333
2.83333333333333
2.86666666666667
2.85833333333333
2.8
2.825
2.83333333333333
2.84166666666667
2.85
2.84166666666667
2.85
2.85
2.94166666666667
2.83333333333333
2.81666666666667
2.85833333333333
2.85833333333333
2.83333333333333
2.84166666666667
2.80833333333333
2.85
2.85
2.81666666666667
2.81666666666667
2.95
2.825
2.86666666666667
2.85833333333333
2.85833333333333
2.79166666666667
2.85
2.825
2.825
2.80833333333333
2.775
2.85
2.9
4.49166666666667
2.85833333333333
2.83333333333333
2.89166666666667
2.91666666666667
2.96666666666667
2.95833333333333
2.95833333333333
2.94166666666667
2.975
2.94166666666667
3.05
2.90833333333333
2.95
2.95
