1.1
1.2
1.33333333333333
13.8666666666667
18.4
2.3
1.8
1.9
2
1.26666666666667
1.3
1.36666666666667
1.2
1.36666666666667
1.4
16.8666666666667
20.4666666666667
1.53333333333333
2.16666666666667
1.93333333333333
1.36666666666667
1.36666666666667
1.26666666666667
1.4
1.5
1.26666666666667
1.6
11.5666666666667
3.26666666666667
1.53333333333333
1.83333333333333
1.7
1.63333333333333
1.26666666666667
1.2
1.36666666666667
1.53333333333333
1.5
1.43333333333333
5.23333333333333
1.73333333333333
1.73333333333333
1.93333333333333
1.8
1.43333333333333
1.4
1.36666666666667
1.23333333333333
1.13333333333333
1.33333333333333
1.33333333333333
5.33333333333333
1.23333333333333
1.53333333333333
1.93333333333333
1.73333333333333
1.46666666666667
1.33333333333333
1.6
1.53333333333333
1.4
1.36666666666667
1.36666666666667
5.03333333333333
2.76666666666667
1.43333333333333
1.6
1.96666666666667
1.66666666666667
1.56666666666667
1.2
1.4
1.53333333333333
1.4
1.36666666666667
5.63333333333333
1.36666666666667
1.63333333333333
1.43333333333333
2.06666666666667
1.43333333333333
1.33333333333333
1.1
1.13333333333333
1.23333333333333
1.33333333333333
1.33333333333333
13.7333333333333
17.4666666666667
1.4
1.36666666666667
2.03333333333333
1.36666666666667
1.26666666666667
1.8
1.7
2.03333333333333
1.5
1.46666666666667
12.5
18.3333333333333
1.73333333333333
1.53333333333333
1.93333333333333
1.36666666666667
1.26666666666667
1.1
1.56666666666667
1.4
1.26666666666667
1.5
14.2333333333333
16.5
1.7
1.56666666666667
2.1
2.7
1.63333333333333
1.43333333333333
1.56666666666667
1.26666666666667
1.4
1.36666666666667
13.1666666666667
17.0666666666667
1.56666666666667
1.3
1.9
1.26666666666667
1.43333333333333
1.1
1.3
1.16666666666667
1.06666666666667
1.23333333333333
13.3333333333333
16.3666666666667
1.46666666666667
1.23333333333333
1.93333333333333
1.33333333333333
1.33333333333333
1.13333333333333
1.36666666666667
1.23333333333333
1.3
1.23333333333333
13.0666666666667
16.5333333333333
1.36666666666667
1.23333333333333
1.83333333333333
1.26666666666667
1.36666666666667
1.06666666666667
1.2
1.26666666666667
1.13333333333333
1.26666666666667
14.4
16.3333333333333
1.4
1.3
1.66666666666667
1.33333333333333
1.23333333333333
1.03333333333333
1.23333333333333
2.1
1.26666666666667
1.26666666666667
13.0666666666667
16.6
1.4
1.33333333333333
1.56666666666667
1.3
2.16666666666667
1.16666666666667
1.2
1.3
1.26666666666667
1.2
5.86666666666667
1.2
1.7
1.53333333333333
2.5
1.7
1.83333333333333
1.3
1.23333333333333
1.16666666666667
1.16666666666667
1.26666666666667
13.6
16.1333333333333
1.36666666666667
1.26666666666667
1.63333333333333
1.33333333333333
1.23333333333333
1.83333333333333
1.56666666666667
1.33333333333333
1.23333333333333
1.06666666666667
5.6
1.46666666666667
1.43333333333333
1.33333333333333
1.53333333333333
1.63333333333333
1.43333333333333
1.46666666666667
1.36666666666667
1.43333333333333
1.23333333333333
1.23333333333333
13.9666666666667
15.9333333333333
2.56666666666667
1.5
1.63333333333333
1.5
1.36666666666667
1.26666666666667
1.53333333333333
1.56666666666667
1.13333333333333
1.13333333333333
9.83333333333333
1.46666666666667
1.56666666666667
1.3
1.7
1.6
1.73333333333333
1.2
1.16666666666667
1.2
1.33333333333333
1.23333333333333
13.7333333333333
17.6
3.4
1.33333333333333
1.66666666666667
1.43333333333333
1.53333333333333
1.56666666666667
1.26666666666667
1.33333333333333
1.2
1.3
6.13333333333333
1.36666666666667
1.43333333333333
1.53333333333333
1.7
1.43333333333333
1.26666666666667
1.1
1.23333333333333
1.33333333333333
1.73333333333333
1.33333333333333
4.43333333333333
1.53333333333333
1.33333333333333
1.3
1.63333333333333
1.46666666666667
1.5
1.26666666666667
1.43333333333333
1.19230769230769
1.13333333333333
1.3
14.9666666666667
15.7
1.3
2.3
2.03333333333333
1.43333333333333
1.46666666666667
1.23333333333333
1.13333333333333
