2.3
2
2.33333333333333
2.13333333333333
2.46666666666667
2.1
2.3
2.1
2.36666666666667
2.13333333333333
2.46666666666667
2.2
2.4
2.1
2.33333333333333
2.2
2.43333333333333
2.13333333333333
2.3
2
2.4
2
2.5
2.06666666666667
2.33333333333333
2.3
2.16666666666667
2.06666666666667
2.23333333333333
2.23333333333333
2.76666666666667
1.53333333333333
1.66666666666667
1.46666666666667
1.7
1.5
1.66666666666667
1.6
1.7
1.56666666666667
1.7
1.53333333333333
1.66666666666667
1.46666666666667
1.7
1.46666666666667
1.7
1.5
1.7
1.5
1.66666666666667
1.56666666666667
1.66666666666667
1.5
1.66666666666667
1.46666666666667
1.7
1.46666666666667
1.66666666666667
1.46666666666667
1.66666666666667
1.56666666666667
1.7
1.6
1.66666666666667
1.46666666666667
1.7
1.5
1.66666666666667
1.46666666666667
1.66666666666667
1.3
1.7
1.46666666666667
1.7
1.56666666666667
1.66666666666667
1.5
1.63333333333333
1.53333333333333
1.66666666666667
1.46666666666667
1.66666666666667
1.5
2.8
2.23333333333333
2.32142857142857
2.76666666666667
3.2
2.46666666666667
2.76666666666667
2.8
2.9
1.5
1.8
1.5
1.76666666666667
1.86666666666667
1.9
1.56666666666667
1.76666666666667
1.56666666666667
1.73333333333333
1.53333333333333
6.25
1.83333333333333
1.66666666666667
1.46666666666667
1.66666666666667
1.53333333333333
1.7
1.56666666666667
1.66666666666667
1.46666666666667
1.7
1.46666666666667
1.66666666666667
1.5
1.6
1.43333333333333
1.63333333333333
1.5
1.63333333333333
1.56666666666667
1.66666666666667
1.43333333333333
1.6
1.46666666666667
1.56666666666667
1.5
1.6
1.46666666666667
6.16666666666667
2.7
1.46666666666667
4.5
1.9
2.1
2.46666666666667
1.9
1.56666666666667
1.5
1.63333333333333
1.46666666666667
1.7
1.46666666666667
1.7
1.46666666666667
3.83333333333333
7.56666666666667
1.7
1.43333333333333
3.63333333333333
1.43333333333333
1.7
1.46666666666667
1.7
1.46666666666667
1.66666666666667
1.56666666666667
1.66666666666667
1.66666666666667
1.66666666666667
1.5
1.66666666666667
1.43333333333333
1.6
1.43333333333333
1.63333333333333
1.46666666666667
1.66666666666667
1.56666666666667
1.73333333333333
1.66666666666667
1.6
1.4
1.6
1.4
1.63333333333333
1.5
1.66666666666667
1.4
1.7
1.5
1.6
1.4
1.6
1.46666666666667
1.63333333333333
1.43333333333333
1.46666666666667
1.5
1.43333333333333
1.3
1.6
1.46666666666667
1.66666666666667
1.4
1.53333333333333
1.33333333333333
1.53333333333333
1.36666666666667
1.5
1.33333333333333
1.3
1.36666666666667
1.6
1.3
1.56666666666667
1.23333333333333
1.66666666666667
2.66666666666667
2.1
1.9
5.75
1.86666666666667
1.7
1.46666666666667
1.66666666666667
1.4
1.6
1.43333333333333
1.63333333333333
1.4
1.66666666666667
1.33333333333333
1.73333333333333
1.5
1.63333333333333
1.5
1.73333333333333
1.56666666666667
1.66666666666667
1.5
1.7
1.5
1.5
1.86666666666667
1.83333333333333
1.93333333333333
2.16666666666667
2.03333333333333
2.26666666666667
2.26666666666667
2.4
2.26666666666667
2.33333333333333
2.75
1.86666666666667
1.46666666666667
1.73333333333333
1.5
1.8
1.6
1.8
1.6
1.73333333333333
1.53333333333333
1.73333333333333
1.53333333333333
1.8
1.6
1.66666666666667
1.5
1.7
1.63333333333333
1.7
1.66666666666667
1.83333333333333
1.66666666666667
1.73333333333333
1.7
1.66666666666667
1.6
1.7
1.5
1.56666666666667
1.6
1.66666666666667
1.63333333333333
1.73333333333333
1.63333333333333
1.73333333333333
1.73333333333333
1.6
1.7
1.53333333333333
1.63333333333333
