6.3
6.3
8.93333333333333
6
6.2
6.4
6.63333333333333
6.1
8.26666666666667
6.23333333333333
6.43333333333333
6
7.23333333333333
6.13333333333333
7
6
7.03333333333333
6.1
6.23333333333333
6
6.2
6
6.13333333333333
6.2
6.16666666666667
7.33333333333333
10.6333333333333
11.6666666666667
10.7666666666667
11.9
11
6
6.13333333333333
6
6.46666666666667
6.2
6.3
6.03333333333333
6.16666666666667
6
6.13333333333333
6
6.16666666666667
6
6.16666666666667
6
6.4
6.6
6.26666666666667
6
6.16666666666667
6
6.2
6
6.2
6.1
6.23333333333333
6.33333333333333
6.2
6.1
6.2
6.66666666666667
6.2
6.03333333333333
6.16666666666667
6.36666666666667
8.3
11.1333333333333
10.5666666666667
6.63333333333333
6.26666666666667
6.4
6.16666666666667
6.2
6.06666666666667
6.53333333333333
6.06666666666667
7.2
6.06666666666667
6.2
6.1
6.43333333333333
6.13333333333333
6.2
6.23333333333333
6.26666666666667
6.06666666666667
6.06666666666667
6.13333333333333
6.06666666666667
6.1
6.03333333333333
6.16666666666667
6.2
6.2
6.1
6.23333333333333
6
6.2
6
6.3
6
6.2
6
6.2
6.06666666666667
6.2
6.1
6.2
6
9.36666666666667
6.83333333333333
10.7
10.5
8.7
6.2
6.3
6.13333333333333
6.26666666666667
6.03333333333333
6.23333333333333
6.2
6.2
6
6.86666666666667
8.56666666666667
7.2
6.93333333333333
6.46666666666667
6.93333333333333
6.2
7.06666666666667
6.9
6.76666666666667
10.4333333333333
7.3
6.93333333333333
6.3
6.3
6.3
6.43333333333333
6
6.63333333333333
6.33333333333333
10.0666666666667
11.3666666666667
9.6
6.16666666666667
6.46666666666667
9.6
6.7
6.5
6.9
6.5
6.53333333333333
6.53333333333333
6.43333333333333
6.23333333333333
7.86666666666667
6.43333333333333
6.46666666666667
6.66666666666667
6.53333333333333
7
6.56666666666667
11.4
7.33333333333333
8.26666666666667
10.3333333333333
6.96666666666667
6.7
10.0666666666667
6.66666666666667
6.5
7.93333333333333
14.4333333333333
6.93333333333333
9.86666666666667
6.93333333333333
11.8
10.4333333333333
7
8.16666666666667
7.73333333333333
7.46666666666667
7.36666666666667
7.33333333333333
7.26666666666667
7.83333333333333
7.3
7.1
7.1
7.26666666666667
7.26666666666667
7.3
7.4
7
7.1
7
7.1
7
7.2
7
7.1
7
7.1
7
7.03333333333333
7
7.1
10.5333333333333
7.2
7.03333333333333
7.9
7.06666666666667
7.33333333333333
8.06666666666667
8.53333333333333
11.4
7.33333333333333
7.2
7.13333333333333
7
7.56666666666667
7
7.4
7.43333333333333
7.2
7
7.3
7.53333333333333
7.1
7
7.1
7
7.1
7
7.13333333333333
7
7.13333333333333
7
8.5
11.5
11.7666666666667
11.5
7.56666666666667
7
7.2
7
7.2
7.03333333333333
7.16666666666667
7
7.13333333333333
7
7.2
7
7.13333333333333
7
7.1
7
7.2
7.1
7.2
7
7.13333333333333
7
7.13333333333333
7
7.13333333333333
7
7.13333333333333
7
7.16666666666667
7
7.2
7
7.2
7.26666666666667
7.1
7.3
8.6
7.56666666666667
7.23333333333333
7.6
7.2
7.23333333333333
7.1
