4.6
4
4.26666666666667
4.13333333333333
4.66666666666667
4.2
4.53333333333333
4.2
4.46666666666667
4.2
4.6
4
4.73333333333333
4.13333333333333
4.4
4
4.53333333333333
4
4.26666666666667
4
4.33333333333333
4
4.46666666666667
4
4.46666666666667
4
4.26666666666667
4.13333333333333
4.6
4
4.33333333333333
4.13333333333333
4.33333333333333
4
4.66666666666667
4
4.53333333333333
4
4.26666666666667
4
4.53333333333333
5.26666666666667
4.4
4
4.26666666666667
4
4.53333333333333
4.13333333333333
4.53333333333333
4
4.33333333333333
4
4.73333333333333
4
4.4
4.06666666666667
4.4
4
4.46666666666667
4.06666666666667
4.46666666666667
4
4.4
4
4.46666666666667
4
4.33333333333333
4
4.4
4
4.4
4.13333333333333
4.46666666666667
4
4.4
4.66666666666667
4.53333333333333
4
4.46666666666667
4.13333333333333
4.4
4.13333333333333
4.66666666666667
4.06666666666667
4.6
4
4.33333333333333
4.13333333333333
4.73333333333333
4.13333333333333
4.4
5.86666666666667
4.8
4.2
7.66666666666667
5.6
5.13333333333333
7.46666666666667
9.73333333333333
10
6.13333333333333
10.6666666666667
8.8
11.4666666666667
8.6
7.6
6.46666666666667
5.6
5.66666666666667
6.8
9.73333333333333
9.73333333333333
11.2666666666667
9.6
8.2
6.86666666666667
12.1333333333333
11.5333333333333
9.33333333333333
14.4
14.6
4.6
7.2
8.2
4.73333333333333
4.73333333333333
5.73333333333333
7.8
8.13333333333333
6.93333333333333
10.6666666666667
5.73333333333333
10.5333333333333
5.93333333333333
10.3333333333333
21.4
17.1333333333333
10.4666666666667
13.8
16.4
7.86666666666667
9.53333333333333
19.3333333333333
12.5333333333333
8.6
7.66666666666667
4.93333333333333
5.4
5.46666666666667
5.8
7
5
6.26666666666667
9.86666666666667
4.66666666666667
7.86666666666667
4
4.73333333333333
6.06666666666667
13.6
10.0666666666667
12
15.1333333333333
10.0666666666667
15.2666666666667
14.7333333333333
11.2666666666667
7.4
4.4
4.33333333333333
4.2
10.8
5.73333333333333
24.8666666666667
44.7333333333333
33.2666666666667
10.5333333333333
26.6
36.9333333333333
18.6
9.26666666666667
8.4
16.6666666666667
13.3333333333333
12.1333333333333
12.3333333333333
19.4666666666667
7.73333333333333
7.66666666666667
7.46666666666667
8.06666666666667
6.13333333333333
5.46666666666667
7.2
11.6
5.53333333333333
8
10.6
10.2
9.93333333333333
5.86666666666667
4.93333333333333
5
15.5714285714286
5.66666666666667
4.33333333333333
5.06666666666667
6.6
5.13333333333333
7.73333333333333
11.5333333333333
8.4
4.13333333333333
6.4
6.06666666666667
8.66666666666667
10.0666666666667
10.6
4.13333333333333
11.2666666666667
10.8
9.13333333333333
11.1333333333333
9.6
6.13333333333333
4.73333333333333
4.26666666666667
10.1333333333333
10.8
4.06666666666667
4.26666666666667
4.66666666666667
4.2
4.13333333333333
4.4
4.2
4.4
4.4
4.46666666666667
4.33333333333333
4.4
4.13333333333333
4.46666666666667
4.26666666666667
4.33333333333333
4
4.33333333333333
4.06666666666667
7
4.53333333333333
5.93333333333333
4.26666666666667
4.33333333333333
4
11.5333333333333
4
4.33333333333333
4.13333333333333
4.4
4.06666666666667
4.33333333333333
4.2
4.33333333333333
4.2
4.4
4
4.4
5.33333333333333
8.6
8.4
8.73333333333333
6.2
11
6.66666666666667
5.66666666666667
12.4
10.0666666666667
10
12.4
8.06666666666667
9.66666666666667
14.4666666666667
11.1333333333333
8.33333333333333
13.9333333333333
12.8
9.8
11.2666666666667
