2.1
2
2
2.03333333333333
2
1.96666666666667
2.03333333333333
2
2
2
2
2
2.1
2
2
2
2
2
2
2.03333333333333
2
1.96666666666667
2
2
2.06666666666667
2
2
2
2
2.03333333333333
1.96666666666667
2
2
1.9
1.96666666666667
2
2.1
1.96666666666667
2
2
1.96666666666667
2
2
1.96666666666667
2
2
1.96666666666667
2
2.1
2
2
2
2
1.96666666666667
2
2
2
2
2
2
6.8
2.96666666666667
2
2
2
2
1.96666666666667
2
2
1.96666666666667
2
2
2.16666666666667
2
2.03333333333333
1.96666666666667
2
2
1.96666666666667
2
2
2
2.03333333333333
2
2.16666666666667
2
2
2
2
2
2
2
2
2
2
1.96666666666667
2.16666666666667
2
1.96666666666667
2
2
1.96666666666667
2.1
2
2
2
2
2
2.03333333333333
1.96666666666667
2
2
2
2
2.03333333333333
2
2
2
2
2
2.1
2
2
2
1.96666666666667
2
2
2
2
2
1.96666666666667
2
2.13333333333333
2
2.03333333333333
2.03333333333333
2
2
2
2
2
2
1.9
1.96666666666667
2.13333333333333
2
1.96666666666667
2
2
2
1.96666666666667
2
1.96666666666667
2.03333333333333
1.93333333333333
2.89285714285714
2.1
2.03333333333333
2
2.86666666666667
2
2
2
2
2
2
2
2
2.1
2.03333333333333
2.06666666666667
2
2
2
2
2.06666666666667
2.03333333333333
2.1
2.03333333333333
2.03333333333333
2.26666666666667
2.06666666666667
2.03333333333333
2.03333333333333
2
1.96666666666667
2
2
1.96666666666667
2.1
2.06666666666667
2.06666666666667
2.33333333333333
2.06666666666667
2
2.06666666666667
2
2.03333333333333
2.2
2
2
2.1
2
2
3.14285714285714
2
2
2.03333333333333
2
2
2
2.13333333333333
2
2.03333333333333
2
2
2.13333333333333
1.96666666666667
2
2
1.96666666666667
2
2
1.96666666666667
2
2
1.96666666666667
2
2.1
2
2
2
2
2
2
2
2
2
2
2
2.06666666666667
2
3.10714285714286
2.13333333333333
2
2
2
2.03333333333333
2
2
2
2
2.06666666666667
2.06666666666667
2
2
2
2.1
2
2
2
2
1.96666666666667
2
2.1
2.03333333333333
2.1
2
1.96666666666667
2
2
1.96666666666667
2
2
2
2.53333333333333
2.1
2
3.14285714285714
2.03333333333333
2
2.1
2
2.1
2
2
2
2.26666666666667
