2.58333333333333
2.6
2.51666666666667
2.63333333333333
2.56666666666667
2.65
5.03333333333333
2.71666666666667
2.56666666666667
2.7
2.65
2.81666666666667
2.78333333333333
2.53333333333333
2.68333333333333
2.53333333333333
2.68333333333333
2.53333333333333
2.71666666666667
2.53333333333333
2.66666666666667
2.63333333333333
2.6
2.93333333333333
2.63333333333333
2.58333333333333
2.6
7.78333333333333
2.53333333333333
2.68333333333333
2.56666666666667
2.71666666666667
2.51666666666667
2.71666666666667
2.6
2.95
2.7
2.6
3.46666666666667
2.63333333333333
2.63333333333333
2.61666666666667
2.66666666666667
2.56666666666667
2.65
2.58333333333333
2.66666666666667
2.9
2.65
2.63333333333333
2.68333333333333
2.68333333333333
2.58333333333333
2.63333333333333
2.56666666666667
2.58333333333333
2.61666666666667
2.61666666666667
2.7
2.86666666666667
2.71666666666667
2.63333333333333
2.6
2.66666666666667
2.65
2.61666666666667
2.68333333333333
2.61666666666667
2.63333333333333
2.56666666666667
2.71666666666667
2.9
2.75
2.56666666666667
2.7
2.58333333333333
2.71666666666667
2.6
2.65
2.61666666666667
2.7
2.63333333333333
2.61666666666667
2.88333333333333
2.6
2.66666666666667
2.58333333333333
2.68333333333333
2.55
2.63333333333333
2.55
2.71666666666667
2.55
5.13333333333333
2.65
2.95
2.73333333333333
2.61666666666667
2.58333333333333
2.6
2.63333333333333
2.6
2.66666666666667
3.11666666666667
2.68333333333333
2.55
2.7
2.78333333333333
2.73333333333333
2.61666666666667
2.73333333333333
2.61666666666667
2.66666666666667
2.9
2.83333333333333
2.75
2.66666666666667
2.63333333333333
2.6
2.85
3.66666666666667
3.23333333333333
3.18333333333333
3.9
4.25
3.15
2.85
2.78333333333333
2.76666666666667
2.9
3.03333333333333
3.33333333333333
4.11666666666667
3.86666666666667
3.11666666666667
3.08333333333333
2.96666666666667
5.56666666666667
14.2333333333333
5.56666666666667
2.75
4.21666666666667
3.31666666666667
4
2.78333333333333
2.88333333333333
2.83333333333333
2.81666666666667
2.7
2.91666666666667
2.76666666666667
4
2.8
2.9
2.71666666666667
3.13333333333333
2.86666666666667
3.61666666666667
2.8
2.78333333333333
2.9
3.21666666666667
4.33333333333333
5.76666666666667
5.3
3.23333333333333
3.13333333333333
4.03333333333333
3.06666666666667
3.25
3.48333333333333
3.41666666666667
3.65
3.38333333333333
3.25
3.31666666666667
3.23333333333333
3.36666666666667
3.31666666666667
3.6
3.13333333333333
2.98333333333333
3.31666666666667
3.01666666666667
3.38333333333333
5.9
4.73333333333333
6.03333333333333
4.25
5.03333333333333
4.35
3.68333333333333
3.66666666666667
3.71666666666667
5.41666666666667
3.53333333333333
3.28333333333333
3.75
3.76666666666667
4.66666666666667
4.43333333333333
3.76666666666667
3.01666666666667
3.28333333333333
3.21666666666667
3.48333333333333
3.3
2.98333333333333
3.03333333333333
4.36666666666667
2.93333333333333
3.53333333333333
2.81666666666667
3.55
3.53333333333333
3.35
3.03333333333333
3
2.83333333333333
3
3.11666666666667
2.8
2.83333333333333
2.78333333333333
2.76666666666667
3
3.43333333333333
3.08333333333333
2.88333333333333
2.85
2.95
2.83333333333333
2.81666666666667
3.18333333333333
2.86666666666667
2.8
2.85
2.9
2.85
3.01666666666667
2.98333333333333
2.76666666666667
2.85
2.81666666666667
2.86666666666667
2.75
2.8
2.71666666666667
2.8
2.76666666666667
2.85
3.01666666666667
2.86666666666667
2.73333333333333
2.78333333333333
2.71666666666667
2.88333333333333
2.7
2.8
2.78333333333333
2.76666666666667
2.7
2.75
3.08333333333333
2.98333333333333
3.11666666666667
3.05
3.15
2.98333333333333
3.18333333333333
3.03333333333333
3.18333333333333
2.83333333333333
2.88333333333333
3.03333333333333
3.43333333333333
3.03333333333333
3.05
3.03333333333333
3.06666666666667
3.05
3
3.06666666666667
3.03333333333333
3.03333333333333
4.71666666666667
3.1
3.33333333333333
