1.39166666666667
1.41666666666667
1.48333333333333
1.425
1.5
1.58333333333333
1.46666666666667
1.45
1.86666666666667
1.40833333333333
1.39166666666667
1.425
1.4
1.9375
1.525
1.425
1.44166666666667
2.29166666666667
1.56666666666667
1.50833333333333
1.60833333333333
1.53333333333333
1.5
1.425
1.575
2.125
1.525
1.45
1.85
1.575
1.63333333333333
4.5
1.83333333333333
3.04166666666667
8.675
11.975
14.1416666666667
11.6583333333333
11.4916666666667
12.5916666666667
11.6833333333333
11.75
12.8583333333333
12.3666666666667
13.325
11.45
10.85
8.80833333333333
7.79166666666667
10.475
8.925
13.0666666666667
12.4833333333333
13.5
14.65
12.875
6.14166666666667
2.71666666666667
5.80833333333333
2.20833333333333
1.675
1.75
1.79166666666667
1.63333333333333
1.65833333333333
1.65833333333333
1.65
1.9
1.70833333333333
1.61666666666667
1.60833333333333
1.625
1.625
1.63333333333333
1.75
1.60833333333333
1.65833333333333
1.63333333333333
1.625
1.65
1.65833333333333
1.575
1.6
1.65
1.65
1.63333333333333
1.75
1.6
1.625
1.65833333333333
1.60833333333333
1.66666666666667
1.65
1.56666666666667
1.575
1.60833333333333
1.61666666666667
1.65833333333333
1.75833333333333
1.55833333333333
1.64166666666667
1.53333333333333
1.44166666666667
1.5
1.49166666666667
1.425
1.44166666666667
1.5
1.475
1.51666666666667
1.6
1.425
1.48333333333333
1.51666666666667
1.49166666666667
1.51666666666667
1.45833333333333
1.45
1.475
1.5
1.48333333333333
1.525
1.58333333333333
1.45833333333333
1.49166666666667
1.50833333333333
1.43333333333333
1.55
1.45833333333333
1.43333333333333
1.46666666666667
1.525
1.5
1.48333333333333
1.61666666666667
1.46666666666667
1.49166666666667
1.51666666666667
1.48333333333333
1.51666666666667
1.49166666666667
1.44166666666667
1.475
1.49166666666667
1.51666666666667
1.48333333333333
1.58333333333333
1.43333333333333
1.54166666666667
1.75
1.49166666666667
1.5
1.53333333333333
1.43333333333333
1.49166666666667
1.5
1.51666666666667
1.50833333333333
1.56666666666667
1.48333333333333
1.525
1.525
1.5
1.53333333333333
1.50833333333333
1.475
1.5
1.48333333333333
1.54166666666667
1.525
1.6
1.45
1.51666666666667
1.53333333333333
1.49166666666667
1.48333333333333
1.55
1.46666666666667
1.53333333333333
1.50833333333333
1.51666666666667
1.54166666666667
1.63333333333333
1.44166666666667
1.54166666666667
1.53333333333333
1.54166666666667
1.54166666666667
1.53333333333333
1.46666666666667
1.50833333333333
1.5
1.51666666666667
1.51666666666667
1.60833333333333
1.46666666666667
1.475
1.53333333333333
1.49166666666667
1.55
1.5
1.5
1.48333333333333
1.53333333333333
10.5583333333333
4.69166666666667
2.975
1.55833333333333
1.575
1.575
1.56666666666667
1.60833333333333
1.55833333333333
1.50833333333333
1.54166666666667
1.53333333333333
1.525
1.56666666666667
1.65
1.5
2.43333333333333
1.65
1.625
1.66666666666667
1.74166666666667
1.575
1.625
1.60833333333333
1.70833333333333
1.71666666666667
2.75
4.925
2.06666666666667
1.58333333333333
2.475
1.875
1.58333333333333
1.54166666666667
1.725
2.83333333333333
3.38333333333333
3.18333333333333
2.85
3.2
9.39166666666667
3.89166666666667
1.48333333333333
3.05
1.51666666666667
1.425
3.7
14.5
7.21666666666667
4.14166666666667
2.31666666666667
4.46666666666667
2.55833333333333
2.85833333333333
2.75833333333333
1.78333333333333
2.05833333333333
2.375
5.375
6.86666666666667
6.75
6.88333333333333
6.375
1.45
1.45
2.51666666666667
3.76666666666667
4.31666666666667
2.775
7.78333333333333
4.65833333333333
8.7
7.9
1.59166666666667
1.71666666666667
1.76666666666667
1.50833333333333
1.65833333333333
1.51666666666667
1.45
1.425
3.975
1.54166666666667
4.20833333333333
