2
2.2
2
2.2
2.13333333333333
2.26666666666667
2
3.4
2
2.2
2
2.2
2
2.2
2
2.2
2
2.2
2
3.33333333333333
2
2.2
2
2.2
2.26666666666667
2.26666666666667
2
2.2
2
2.2
2
3.33333333333333
2
2.2
2
2.2
2
2.33333333333333
2
2.2
2
2.2
2
3.53333333333333
2
2.4
2
2.2
2
2.2
2
2.2
2
2.2
2
3.4
2
2.2
2
2.4
2
2.2
2.2
2.2
2
2.2
2
3.4
2
2.2
2
2.2
2.06666666666667
2.2
2
2.2
2
2.2
2
3.4
2
2.2
2
2.26666666666667
2
2.2
2
2.2
2
2.2
2
3.4
2
2.2
2.2
2.2
2
2.2
2
2.2
2
2.2
2.93333333333333
5
2
2.2
2
2.2
2
2.2
2
2.2
2
2.2
2
3.4
2
2.2
2
2.2
2
2.2
2
2.2
2
2.2
2
3.4
2.2
2.2
2
2.2
2
2.2
2
2.2
2
2.2
2
3.33333333333333
2
2.2
2
2.2
2
2.2
2
2.2
2
2.4
2
3.33333333333333
2
2.2
2
2.2
2
2.2
2
2.2
2
2.2
2
3.4
2
2.2
2
2.2
2
2.2
2
2.2
2
2.2
2
3.4
2
2.2
2
2.2
2.13333333333333
2.2
2.13333333333333
2.2
2
2.2
2
3.4
2.06666666666667
2.13333333333333
2.2
2.13333333333333
2.06666666666667
2.13333333333333
2.06666666666667
2.2
2
2.26666666666667
2.2
3.33333333333333
2.06666666666667
2.13333333333333
2
2.26666666666667
2.06666666666667
2.13333333333333
2.06666666666667
2.13333333333333
2.06666666666667
2.13333333333333
2
3.4
2
2.2
2
2.2
2
2.13333333333333
2.06666666666667
2.2
2.06666666666667
2.13333333333333
2.13333333333333
3.33333333333333
2.06666666666667
2.06666666666667
2.13333333333333
2.26666666666667
2.13333333333333
2.06666666666667
2.13333333333333
2.13333333333333
2.13333333333333
2.26666666666667
2.06666666666667
3.33333333333333
2.13333333333333
2.06666666666667
2.13333333333333
2.13333333333333
2.06666666666667
2.13333333333333
2.06666666666667
2.13333333333333
2.13333333333333
2.06666666666667
2.06666666666667
3.33333333333333
2.13333333333333
2.06666666666667
2.13333333333333
2.13333333333333
2.13333333333333
2.13333333333333
2.06666666666667
2.06666666666667
2.13333333333333
2.06666666666667
2.13333333333333
3.33333333333333
2.13333333333333
2
2.13333333333333
2.26666666666667
2.13333333333333
2.2
2.2
2.06666666666667
2.2
2.06666666666667
2.46666666666667
3.26666666666667
2.2
2
2.4
2.4
2.4
2.53333333333333
2.33333333333333
2.2
2.33333333333333
2.4
2.53333333333333
3.8
2.33333333333333
2.26666666666667
2.4
2.26666666666667
