5.4
5.73333333333333
5.6
5.6
5.6
5.66666666666667
5.53333333333333
5.73333333333333
5.66666666666667
5.8
5.8
5.93333333333333
5.73333333333333
5.6
5.66666666666667
5.53333333333333
5.46666666666667
5.8
5.8
5.73333333333333
5.6
5.73333333333333
5.8
5.73333333333333
5.6
5.46666666666667
5.53333333333333
5.53333333333333
5.53333333333333
5.8
5.66666666666667
5.73333333333333
5.6
5.46666666666667
5.73333333333333
5.73333333333333
5.73333333333333
5.66666666666667
5.6
5.6
5.6
5.86666666666667
5.53333333333333
5.66666666666667
5.6
5.73333333333333
5.86666666666667
5.73333333333333
5.6
5.6
5.66666666666667
5.66666666666667
5.6
5.66666666666667
5.4
5.66666666666667
5.6
5.6
5.86666666666667
5.66666666666667
5.46666666666667
5.46666666666667
5.53333333333333
5.46666666666667
5.46666666666667
5.8
5.53333333333333
5.6
5.66666666666667
5.6
5.73333333333333
5.6
5.33333333333333
5.6
5.53333333333333
5.53333333333333
5.53333333333333
5.66666666666667
5.6
5.53333333333333
5.46666666666667
7.13333333333333
5.66666666666667
5.66666666666667
5.4
5.73333333333333
5.73333333333333
5.53333333333333
5.53333333333333
5.6
5.53333333333333
5.8
5.6
5.4
5.66666666666667
5.73333333333333
5.66666666666667
5.46666666666667
5.46666666666667
5.53333333333333
5.33333333333333
5.6
5.53333333333333
5.53333333333333
5.66666666666667
5.53333333333333
5.73333333333333
5.73333333333333
5.4
5.46666666666667
5.66666666666667
5.4
5.46666666666667
5.73333333333333
5.66666666666667
5.6
5.46666666666667
5.53333333333333
5.66666666666667
5.66666666666667
5.46666666666667
5.4
5.53333333333333
5.6
5.6
5.6
5.46666666666667
5.53333333333333
5.46666666666667
5.6
5.8
5.66666666666667
5.4
5.66666666666667
5.46666666666667
5.53333333333333
5.53333333333333
5.53333333333333
5.4
5.66666666666667
7.66666666666667
5.66666666666667
5.93333333333333
5.8
5.4
5.46666666666667
5.4
5.46666666666667
5.46666666666667
5.8
5.6
5.73333333333333
5.6
5.73333333333333
5.66666666666667
5.66666666666667
5.53333333333333
5.53333333333333
5.6
5.66666666666667
5.66666666666667
5.86666666666667
5.53333333333333
5.4
5.46666666666667
5.6
5.73333333333333
5.73333333333333
5.66666666666667
5.66666666666667
5.53333333333333
5.6
5.6
5.6
5.46666666666667
5.6
5.66666666666667
5.66666666666667
5.73333333333333
5.86666666666667
5.53333333333333
5.66666666666667
5.53333333333333
5.46666666666667
5.73333333333333
5.8
5.66666666666667
5.8
5.6
5.73333333333333
5.53333333333333
5.73333333333333
5.53333333333333
5.53333333333333
5.53333333333333
5.6
5.4
5.8
5.46666666666667
5.53333333333333
5.46666666666667
5.46666666666667
5.8
5.6
5.46666666666667
5.6
5.46666666666667
5.66666666666667
5.46666666666667
5.46666666666667
5.53333333333333
5.66666666666667
5.73333333333333
5.6
5.73333333333333
5.86666666666667
5.73333333333333
5.53333333333333
5.66666666666667
5.46666666666667
5.53333333333333
5.8
5.53333333333333
5.66666666666667
5.66666666666667
5.66666666666667
5.8
5.8
5.6
5.66666666666667
5.6
5.73333333333333
5.53333333333333
5.8
5.66666666666667
5.66666666666667
5.53333333333333
5.53333333333333
5.8
5.86666666666667
5.66666666666667
5.66666666666667
5.6
5.66666666666667
5.6
5.8
5.46666666666667
5.66666666666667
5.73333333333333
5.6
5.8
5.86666666666667
5.66666666666667
5.66666666666667
5.53333333333333
5.46666666666667
5.46666666666667
5.8
5.53333333333333
5.53333333333333
5.53333333333333
5.6
5.73333333333333
5.8
5.66666666666667
5.73333333333333
5.66666666666667
5.66666666666667
5.53333333333333
5.8
5.6
5.8
5.8
5.8
5.8
5.86666666666667
5.6
5.53333333333333
5.53333333333333
5.6
5.73333333333333
5.73333333333333
5.8
5.6
5.8
5.66666666666667
5.93333333333333
5.73333333333333
