1.6
1.5
1.58333333333333
1.56666666666667
1.58333333333333
1.51666666666667
1.55
1.8
1.56666666666667
1.5
1.6
1.5
1.61666666666667
1.5
1.56666666666667
1.5
1.6
1.5
1.56666666666667
1.8
1.58333333333333
1.5
1.6
1.6
1.66666666666667
1.5
1.56666666666667
1.53333333333333
1.71666666666667
1.5
1.55
1.8
1.58333333333333
1.5
1.6
1.56666666666667
1.6
1.51666666666667
1.61666666666667
1.51666666666667
1.58333333333333
1.53333333333333
1.58333333333333
1.85
1.61666666666667
1.5
1.6
1.56666666666667
1.66666666666667
1.71666666666667
1.68333333333333
1.56666666666667
1.66666666666667
1.78333333333333
1.55
1.8
1.61666666666667
1.5
1.68333333333333
1.65
1.61666666666667
1.5
1.58333333333333
1.5
1.55
1.5
1.55
1.8
1.61666666666667
1.53333333333333
1.61666666666667
1.73333333333333
1.63333333333333
1.5
1.6
1.5
1.56666666666667
1.5
1.55
1.81666666666667
1.6
1.5
1.6
1.5
1.6
1.5
1.6
1.5
1.55
1.51666666666667
1.55
1.8
1.6
1.5
1.61666666666667
1.51666666666667
1.6
1.5
1.61666666666667
1.51666666666667
1.55
1.5
1.55
1.8
1.6
1.51666666666667
1.6
1.5
1.61666666666667
1.5
1.56666666666667
1.53333333333333
1.55
1.55
1.55
1.8
1.58333333333333
1.51666666666667
1.6
1.53333333333333
1.6
1.5
1.56666666666667
1.55
1.61666666666667
1.66666666666667
1.56666666666667
1.83333333333333
1.53333333333333
1.55
1.61666666666667
1.58333333333333
1.75
1.58333333333333
1.58333333333333
1.55
1.55
1.55
1.55
1.85
1.6
1.6
1.58333333333333
1.53333333333333
1.56666666666667
1.55
1.58333333333333
1.73333333333333
2.33333333333333
1.55
1.58333333333333
1.81666666666667
1.68333333333333
1.58333333333333
1.61666666666667
1.58333333333333
1.61666666666667
1.55
1.55
1.58333333333333
1.53333333333333
1.56666666666667
1.6
1.85
1.61666666666667
1.6
1.55
1.53333333333333
1.6
1.55
1.6
1.56666666666667
1.95
1.55
2.36666666666667
4.66666666666667
1.6
1.56666666666667
1.68333333333333
1.61666666666667
1.56666666666667
1.55
1.55
1.53333333333333
1.61666666666667
1.75
1.68333333333333
1.86666666666667
1.56666666666667
1.58333333333333
1.6
1.6
1.6
1.55
1.56666666666667
1.58333333333333
1.56666666666667
1.56666666666667
1.6
1.85
1.58333333333333
1.56666666666667
1.6
1.55
1.58333333333333
1.53333333333333
1.6
1.58333333333333
1.56666666666667
1.55
1.58333333333333
1.85
1.55
1.55
1.63333333333333
1.58333333333333
1.61666666666667
1.56666666666667
1.61666666666667
1.6
1.53333333333333
1.53333333333333
1.61666666666667
1.88333333333333
1.6
1.58333333333333
1.56666666666667
1.53333333333333
1.56666666666667
1.55
1.61666666666667
1.6
1.56666666666667
1.55
1.58333333333333
1.81666666666667
1.6
1.6
1.6
1.56666666666667
1.6
1.51666666666667
1.56666666666667
1.61666666666667
1.56666666666667
1.56666666666667
1.58333333333333
1.85
1.56666666666667
1.53333333333333
1.6
1.55
1.6
1.58333333333333
2.35
1.6
1.56666666666667
2.25
1.73333333333333
2.61666666666667
1.63333333333333
1.61666666666667
1.6
1.6
1.6
1.53333333333333
1.6
1.7
2.28333333333333
1.55
2.28333333333333
1.85
1.58333333333333
1.56666666666667
1.66666666666667
1.55
1.63333333333333
1.58333333333333
1.51666666666667
1.6
1.81666666666667
2.13333333333333
1.58333333333333
2.56666666666667
1.53333333333333
1.78333333333333
2.1
1.56666666666667
