3.46666666666667
3.46666666666667
2.43333333333333
2.26666666666667
2.43333333333333
2.43333333333333
2.4
2.86666666666667
2.5
3
2.33333333333333
2.43333333333333
3.53333333333333
3.96666666666667
2.33333333333333
2.46666666666667
2.4
2.43333333333333
2.36666666666667
2.66666666666667
2.76666666666667
4.96666666666667
2.36666666666667
2.43333333333333
3.03333333333333
4.13333333333333
2.66666666666667
2.53333333333333
2.43333333333333
2.5
2.3
2.73333333333333
2.73333333333333
2.93333333333333
2.3
2.43333333333333
3.06666666666667
4.16666666666667
2.56666666666667
2.5
2.23333333333333
2.43333333333333
2.3
2.9
2.56666666666667
3.26666666666667
2.56666666666667
2.26666666666667
9.66666666666667
4.8
2.36666666666667
3.1
2.66666666666667
2.4
2.43333333333333
3.6
2.5
5.13333333333333
2.26666666666667
2.33333333333333
3.86666666666667
4.46666666666667
2.26666666666667
2.33333333333333
2.36666666666667
2.33333333333333
2.3
2.76666666666667
2.63333333333333
2.7
2.43333333333333
2.23333333333333
3.76666666666667
4.03333333333333
2.26666666666667
2.43333333333333
2.26666666666667
2.5
2.5
2.5
2.6
2.6
2.4
2.4
4.03333333333333
3.53333333333333
2.46666666666667
2.43333333333333
2.33333333333333
2.56666666666667
2.4
2.56666666666667
2.8
4.83333333333333
2.3
2.46666666666667
3.53333333333333
3.86666666666667
2.3
2.43333333333333
3.43333333333333
2.43333333333333
2.06666666666667
2.63333333333333
2.6
2.7
2.4
2.36666666666667
3.7
3.4
2.5
2.46666666666667
2.4
2.43333333333333
2.1
2.66666666666667
2.6
2.73333333333333
2.36666666666667
2.4
3.46666666666667
3.6
2.33333333333333
2.46666666666667
2.36666666666667
2.56666666666667
2.26666666666667
2.9
2.86666666666667
5.03333333333333
2.26666666666667
2.4
3.46666666666667
3.63333333333333
2.73333333333333
2.26666666666667
2.3
2.6
2.06666666666667
2.66666666666667
2.6
2.53333333333333
2.5
2.33333333333333
3.46666666666667
3.6
2.43333333333333
2.3
2.3
2.53333333333333
2.36666666666667
2.76666666666667
2.7
2.73333333333333
2.46666666666667
2.36666666666667
3.9
3.66666666666667
2.33333333333333
2.33333333333333
2.46666666666667
2.43333333333333
2.33333333333333
2.8
2.76666666666667
5.06666666666667
2.33333333333333
2.46666666666667
3.43333333333333
3.7
2.53333333333333
2.43333333333333
2.33333333333333
2.4
2.33333333333333
2.7
2.6
2.7
2.4
2.4
3.43333333333333
3.6
2.73333333333333
2.33333333333333
2.43333333333333
2.4
2.5
2.6
2.73333333333333
2.73333333333333
2.2
2.4
3.43333333333333
3.63333333333333
2.33333333333333
2.26666666666667
2.36666666666667
2.4
2.26666666666667
2.83333333333333
2.63333333333333
5.16666666666667
2.33333333333333
2.56666666666667
3.26666666666667
3.73333333333333
2.43333333333333
2.16666666666667
2.5
2.53333333333333
2.26666666666667
2.6
2.53333333333333
2.76666666666667
2.26666666666667
2.5
3.1
3.9
2.5
2.3
2.43333333333333
2.4
2.4
2.66666666666667
2.93333333333333
2.9
2.33333333333333
2.56666666666667
3.6
4.03333333333333
2.66666666666667
2.36666666666667
2.3
2.53333333333333
2.2
2.56666666666667
2.8
5.03333333333333
2.3
2.56666666666667
2.9
4
2.53333333333333
2.46666666666667
2.4
2.5
2.26666666666667
2.7
2.63333333333333
2.9
2.2
2.6
2.93333333333333
4.06666666666667
2.43333333333333
2.3
2.4
2.8
2.4
2.6
2.83333333333333
2.9
2.23333333333333
2.66666666666667
3
4.26666666666667
2.33333333333333
2.5
2.4
2.3
2.26666666666667
2.86666666666667
2.63333333333333
4.83333333333333
2.5
2.33333333333333
3.13333333333333
4.13333333333333
2.66666666666667
2.4
2.3
2.6
2.36666666666667
2.53333333333333
2.73333333333333
2.9
2.36666666666667
2.6
