2.36666666666667
3.16666666666667
2.36666666666667
2.3
2.6
3.76666666666667
2.43333333333333
3.1
2.33333333333333
2.86666666666667
3.13333333333333
9.73333333333333
3.4
2.76666666666667
2.66666666666667
3.56666666666667
2.83333333333333
3.1
2.23333333333333
2.2
2.3
2.16666666666667
2.5
2.4
2.23333333333333
2.7
2.26666666666667
2.2
2.26666666666667
2.8
2.33333333333333
2.16666666666667
2.4
2.26666666666667
2.2
2.26666666666667
2.23333333333333
3.26666666666667
2.2
2.1
2.56666666666667
3.03333333333333
2.26666666666667
2.83333333333333
7.6
3.36666666666667
2.23333333333333
2.33333333333333
2.33333333333333
2.7
2.26666666666667
2.26666666666667
2.36666666666667
3.1
2.23333333333333
2.33333333333333
2.26666666666667
2.3
2.23333333333333
2.36666666666667
2.3
2.9
2.5
2.43333333333333
2.96666666666667
2.66666666666667
2.23333333333333
2.26666666666667
2.33333333333333
2.2
2.26666666666667
2.4
2.33333333333333
3.36666666666667
2.36666666666667
2.2
2.26666666666667
3.5
2.33333333333333
2.2
2.63333333333333
2.2
2.16666666666667
2.16666666666667
2.83333333333333
2.86666666666667
2.46666666666667
2.2
2.36666666666667
2.63333333333333
2.2
2.16666666666667
2.53333333333333
2.23333333333333
2.26666666666667
2.2
2.3
2.7
2.2
2.26666666666667
2.5
3.16666666666667
2.8
2.4
2.46666666666667
2.3
2.26666666666667
2.06666666666667
2.3
3.1
2.7
2.23333333333333
2.23333333333333
3.4
2.26666666666667
2.23333333333333
2.23333333333333
2.26666666666667
2.43333333333333
2.33333333333333
2.4
2.76666666666667
2.16666666666667
2.13333333333333
2.46666666666667
2.66666666666667
2.36666666666667
2.4
3.1
2.26666666666667
2.16666666666667
2.2
2.36666666666667
2.7
2.2
2.33333333333333
2.2
2.9
2.33333333333333
2.4
2.2
2.23333333333333
2.33333333333333
2.5
2.53333333333333
3.2
2.16666666666667
2.3
2.16666666666667
5.1
2.23333333333333
2.23333333333333
2.2
2.13333333333333
2.2
2.36666666666667
2.33333333333333
2.7
2.53333333333333
2.06666666666667
2.26666666666667
3
2.3
2.2
2.23333333333333
2.86666666666667
2.16666666666667
2.16666666666667
2.3
2.7
2.23333333333333
2.2
2.46666666666667
2.86666666666667
2.3
2.4
2.26666666666667
2.23333333333333
2.16666666666667
2.2
2.26666666666667
3.16666666666667
2.36666666666667
2.43333333333333
3.06666666666667
3.3
2.23333333333333
2.2
2.23333333333333
2.2
2.16666666666667
2.4
2.4
2.73333333333333
2.16666666666667
2.2
2.26666666666667
3
2.23333333333333
2.2
2.43333333333333
2.33333333333333
2.23333333333333
2.4
2.46666666666667
3.63333333333333
2.7
2.23333333333333
2.2
2.9
2.2
2.3
2.53333333333333
2.33333333333333
2.23333333333333
2.26666666666667
2.26666666666667
3.26666666666667
2.36666666666667
2.6
2.23333333333333
3.33333333333333
2.56666666666667
2.43333333333333
2.53333333333333
2.7
2.23333333333333
2.3
3
3.36666666666667
2.23333333333333
2.26666666666667
2.36666666666667
3.96666666666667
3.26666666666667
2.96666666666667
7.4
2.7
3.16666666666667
3.33333333333333
2.96666666666667
4.7
2.66666666666667
2.36666666666667
2.36666666666667
3.36666666666667
2.4
2.6
4.9
3.13333333333333
5
6.36666666666667
12.2333333333333
5.26666666666667
2.7
2.5
18.1666666666667
4.26666666666667
2.9
2.33333333333333
2.6
2.36666666666667
3.43333333333333
2.6
3
3.56666666666667
2.23333333333333
2.2
2.26666666666667
3.03333333333333
2.3
2.33333333333333
2.36666666666667
2.73333333333333
2.56666666666667
2.36666666666667
2.33333333333333
2.83333333333333
2.43333333333333
2.73333333333333
2.23333333333333
2.93333333333333
2.46666666666667
2.16666666666667
2.8
2.63333333333333
2.46666666666667
2.83333333333333
