4.46666666666667
2.26666666666667
4
3.8
4.03333333333333
3.9
3.86666666666667
3.9
2.3
3.93333333333333
4
4
6.6
3.4
4.8
6
6.63333333333333
5.23333333333333
6.96666666666667
4.66666666666667
4.53333333333333
4.03333333333333
4.06666666666667
4
7.3
15.2666666666667
11.7
16.5
12.9666666666667
6.53333333333333
4.3
4.2
4.13333333333333
4
4.03333333333333
2.23333333333333
23
14.7666666666667
8.26666666666667
4.7
4
3.96666666666667
4.1
2.5
4.3
4
4.1
4.2
5.03333333333333
4.4
2.43333333333333
3.86666666666667
4.6
3.93333333333333
3.9
3.86666666666667
4.23333333333333
2.2
4
4.5
9.5
7.4
4.26666666666667
4.43333333333333
4.03333333333333
4.13333333333333
4.03333333333333
2.63333333333333
4.23333333333333
3.86666666666667
4.33333333333333
3.8
4.4
3.93333333333333
4.3
4
4.33333333333333
6.23333333333333
4.8
4.03333333333333
4.4
6.76666666666667
5.23333333333333
5.16666666666667
5.76666666666667
6.53333333333333
4.96666666666667
4.16666666666667
6.8
5.16666666666667
4.46666666666667
6.16666666666667
3.46666666666667
4.93333333333333
4.63333333333333
2.46666666666667
4.3
4.66666666666667
4.26666666666667
4.2
4.16666666666667
4.96666666666667
4.4
4.63333333333333
5.3
4.63333333333333
4
5.5
4.5
5.73333333333333
6.86666666666667
14.6333333333333
5.66666666666667
5.06666666666667
5.7
5.46666666666667
4.06666666666667
5.1
5.36666666666667
4.66666666666667
5.13333333333333
2.6
4.76666666666667
4.7
4.16666666666667
6.36666666666667
7.9
7.23333333333333
13.1
7.53333333333333
5.23333333333333
5.73333333333333
4.6
5.93333333333333
4.86666666666667
6.26666666666667
6.96666666666667
6.73333333333333
5.3
6
4
5.66666666666667
5.13333333333333
4.83333333333333
4.66666666666667
4.73333333333333
5.7
6.63333333333333
5.26666666666667
4.96666666666667
13.2666666666667
5.2
6.26666666666667
4.53333333333333
5.03333333333333
4.93333333333333
5.66666666666667
4.66666666666667
4.96666666666667
5.13333333333333
4.6
5
8.9
10.1666666666667
17.7333333333333
3.93333333333333
4.4
4.73333333333333
4.96666666666667
5.23333333333333
5.73333333333333
5.53333333333333
5.8
4.53333333333333
6.66666666666667
13.8333333333333
6.43333333333333
4.76666666666667
5
4.56666666666667
4.9
4.36666666666667
3.3
4.96666666666667
5.56666666666667
4.9
5.7
4.6
5.93333333333333
5.16666666666667
4.83333333333333
5.03333333333333
3.6
4.96666666666667
5.23333333333333
5
5.36666666666667
5.6
5.7
9.3
9
13.2666666666667
13.8666666666667
4.86666666666667
6.4
3.03333333333333
4.53333333333333
4.4
5.1
4.56666666666667
5.16666666666667
15.1666666666667
7.6
4.83333333333333
4.86666666666667
3.4
4.73333333333333
5.13333333333333
6.43333333333333
4.76666666666667
4.76666666666667
5.26666666666667
5.3
14.2333333333333
8.5
5.7
6.03333333333333
5.36666666666667
6.2
4.63333333333333
4.53333333333333
4.16666666666667
2.23333333333333
4.1
4.3
4.06666666666667
14.4666666666667
7.83333333333333
4.1
4.63333333333333
2.86666666666667
4.53333333333333
4.66666666666667
4.66666666666667
5.4
5.03333333333333
5.8
4.83333333333333
6.03333333333333
4.96666666666667
4.26666666666667
4.5
4.56666666666667
6.13333333333333
3.86666666666667
4.1
4.26666666666667
4.83333333333333
4.6
5
5.76666666666667
4.73333333333333
4.36666666666667
4.7
4.76666666666667
4.43333333333333
3.43333333333333
5.2
2.16666666666667
4.2
3.96666666666667
4.2
5.76666666666667
3.96666666666667
4.46666666666667
4.43333333333333
4.53333333333333
4.06666666666667
4.8
5.16666666666667
5.4
4.66666666666667
2.63333333333333
4.1
4.2
4
4.8
4.16666666666667
