2.7
2.86666666666667
2.73333333333333
2.56666666666667
2.8
3.03333333333333
2.63333333333333
2.8
2.6
2.73333333333333
2.9
2.93333333333333
2.66666666666667
2.63333333333333
2.6
2.53333333333333
2.6
2.63333333333333
2.8
2.86666666666667
2.83333333333333
2.8
2.73333333333333
2.83333333333333
2.93333333333333
2.66666666666667
2.56666666666667
2.63333333333333
2.6
2.9
2.76666666666667
2.73333333333333
2.66666666666667
2.66666666666667
2.63333333333333
2.86666666666667
2.7
2.76666666666667
2.86666666666667
2.56666666666667
2.73333333333333
2.66666666666667
2.63333333333333
2.6
2.6
2.63333333333333
2.63333333333333
2.63333333333333
2.7
2.9
2.8
2.46666666666667
2.66666666666667
2.86666666666667
2.5
2.66666666666667
2.6
2.63333333333333
2.9
2.76666666666667
2.56666666666667
2.63333333333333
2.63333333333333
2.5
2.66666666666667
2.7
2.63333333333333
2.76666666666667
2.83333333333333
2.73333333333333
2.73333333333333
2.73333333333333
2.7
2.66666666666667
2.66666666666667
2.6
2.8
2.86666666666667
2.6
2.8
2.83333333333333
2.7
2.6
2.73333333333333
2.66666666666667
2.63333333333333
2.83333333333333
2.7
2.73333333333333
2.7
2.63333333333333
2.73333333333333
2.66666666666667
2.5
2.6
2.73333333333333
2.83333333333333
4
2.86666666666667
2.8
2.8
2.93333333333333
2.83333333333333
2.9
2.7
2.56666666666667
2.86666666666667
2.6
2.7
2.7
2.86666666666667
2.56666666666667
3.03333333333333
6.4
2.6
2.7
2.7
2.5
2.73333333333333
2.53333333333333
2.53333333333333
2.83333333333333
2.5
2.63333333333333
2.76666666666667
2.96666666666667
2.73333333333333
2.63333333333333
2.86666666666667
2.73333333333333
2.6
2.6
2.66666666666667
2.76666666666667
2.8
2.76666666666667
2.7
2.8
2.56666666666667
3.93333333333333
3.96666666666667
2.66666666666667
2.63333333333333
2.76666666666667
2.76666666666667
2.66666666666667
2.63333333333333
2.6
2.56666666666667
2.83333333333333
2.7
2.86666666666667
2.6
2.76666666666667
2.93333333333333
2.6
2.46666666666667
2.63333333333333
2.53333333333333
2.46666666666667
2.66666666666667
2.7
2.6
2.6
2.7
2.66666666666667
2.63333333333333
2.6
2.6
2.66666666666667
2.63333333333333
2.56666666666667
2.83333333333333
3
2.7
2.73333333333333
2.53333333333333
2.63333333333333
2.8
2.76666666666667
2.53333333333333
2.66666666666667
2.56666666666667
2.6
2.6
2.63333333333333
2.5
2.66666666666667
2.73333333333333
2.53333333333333
2.66666666666667
2.8
2.93333333333333
2.63333333333333
2.66666666666667
2.66666666666667
2.76666666666667
3
2.63333333333333
2.6
2.7
2.63333333333333
2.9
2.6
2.8
2.66666666666667
2.63333333333333
2.5
2.7
2.86666666666667
2.66666666666667
2.83333333333333
2.63333333333333
2.63333333333333
2.73333333333333
2.56666666666667
2.6
2.9
2.86666666666667
2.66666666666667
3.03333333333333
2.7
2.56666666666667
3.06666666666667
2.86666666666667
2.46666666666667
2.7
2.83333333333333
2.56666666666667
2.93333333333333
2.83333333333333
2.56666666666667
2.73333333333333
2.6
2.7
2.73333333333333
2.56666666666667
2.73333333333333
2.86666666666667
2.93333333333333
2.8
2.76666666666667
2.83333333333333
2.5
2.63333333333333
2.25
2.56666666666667
2.76666666666667
3
2.83333333333333
2.73333333333333
2.56666666666667
2.73333333333333
2.7
2.66666666666667
2.56666666666667
2.66666666666667
2.73333333333333
2.8
2.76666666666667
2.7
2.73333333333333
3.26666666666667
2.66666666666667
2.7
2.7
2.9
2.83333333333333
2.83333333333333
2.86666666666667
2.63333333333333
2.73333333333333
2.66666666666667
2.6
2.66666666666667
4.1
2.63333333333333
3
2.66666666666667
2.63333333333333
2.66666666666667
3.06666666666667
2.5
2.93333333333333
2.9
2.73333333333333
2.8
2.63333333333333
