2.03333333333333
2
2.03333333333333
2
2
2.03333333333333
2.06666666666667
2.1
2
2.3
2
2.03333333333333
2
2.1
2.06666666666667
2.03333333333333
2
2
2
2.06666666666667
2.03333333333333
2.43333333333333
2.1
2.03333333333333
2
2
2
2
2
2.03333333333333
2.1
2.06666666666667
2.03333333333333
2.3
2
2
2.03333333333333
2
2.1
2.1
2.1
2.03333333333333
2
2
2.1
2.3
2
2.06666666666667
2.1
2.1
2
2
2
2.06666666666667
2.03333333333333
2
2.06666666666667
2.4
2.1
2
2
2
2
2.03333333333333
2
2.16666666666667
2.06666666666667
2.06666666666667
2
2.33333333333333
2.03333333333333
2
2
2.1
2.1
2.06666666666667
2.03333333333333
2.46666666666667
2.03333333333333
2.1
2
2.53333333333333
2.1
2.2
2.1
2.16666666666667
2.06666666666667
2.1
2.03333333333333
2.23333333333333
2.23333333333333
2.13333333333333
2
2.4
2.06666666666667
2.16666666666667
2.06666666666667
2.1
2.06666666666667
2.1
3.76666666666667
2.83333333333333
1.6
1.5
1.63333333333333
1.9
1.6
1.5
3.96666666666667
1.5
1.6
1.5
1.6
1.6
1.6
1.5
1.6
1.9
1.6
1.5
1.6
1.5
1.6
1.5
1.6
1.6
2.9
15.1
30.1333333333333
30.8666666666667
32.4
35.9333333333333
33.3666666666667
32.3333333333333
30.5666666666667
32.1666666666667
33.3666666666667
33.6
4.83333333333333
1.6
1.63333333333333
1.96666666666667
1.6
1.6
1.6
1.6
1.6
1.6
2.86666666666667
2.96666666666667
2.2
1.6
1.6
1.96666666666667
1.6
1.6
1.6
1.6
1.6
1.6
1.6
1.7
1.6
1.6
1.6
1.9
1.6
1.6
1.6
1.6
1.6
1.6
1.6
1.7
1.6
1.6
1.6
1.96666666666667
1.6
1.6
1.6
1.6
1.6
1.6
1.6
1.66666666666667
1.6
1.6
1.6
2
1.6
1.6
1.6
1.6
1.6
1.6
1.6
1.7
1.6
1.6
1.6
1.96666666666667
1.6
1.6
1.6
1.6
1.6
1.6
1.6
1.7
1.6
1.6
1.7
2
1.6
1.6
1.6
1.6
1.6
1.6
1.6
1.7
1.56666666666667
1.6
1.6
2
1.6
1.6
1.6
1.56666666666667
1.6
1.6
1.6
1.66666666666667
1.6
1.6
1.6
2
1.56666666666667
1.6
1.6
1.6
1.6
1.6
1.6
1.63333333333333
1.6
1.6
1.63333333333333
2
1.6
1.6
1.6
1.6
1.63333333333333
1.6
1.6
1.63333333333333
1.6
1.6
1.6
2
1.6
1.6
1.6
1.6
1.6
1.6
1.6
1.7
1.6
1.6
1.6
1.93333333333333
1.6
1.6
2.03333333333333
2
2.16666666666667
2.03333333333333
2.16666666666667
2.03333333333333
2.2
2.06666666666667
2.2
2.33333333333333
2
2.2
