3.6
3.66666666666667
3.86666666666667
3.6
3.53333333333333
3.53333333333333
3.53333333333333
3.46666666666667
3.6
3.86666666666667
4
3.33333333333333
3.53333333333333
3.4
3.73333333333333
3.66666666666667
3.6
3.73333333333333
3.6
3.46666666666667
3.4
4
3.8
3.26666666666667
3.53333333333333
3.53333333333333
3.53333333333333
3.4
3.53333333333333
3.73333333333333
3.6
3.6
3.73333333333333
4.13333333333333
3.86666666666667
3.53333333333333
3.8
3.66666666666667
3.6
3.8
3.6
3.6
3.73333333333333
3.8
3.8
4.26666666666667
3.8
3.73333333333333
3.66666666666667
3.53333333333333
3.8
3.8
3.73333333333333
3.73333333333333
3.73333333333333
3.66666666666667
3.8
4
3.93333333333333
3.93333333333333
3.66666666666667
3.8
3.73333333333333
3.66666666666667
3.73333333333333
3.8
3.66666666666667
3.6
3.73333333333333
4.2
4
3.33333333333333
3.06666666666667
3.13333333333333
3.06666666666667
3.2
4.4
28.8
4.8
3.6
4
7.73333333333333
3.93333333333333
3.6
3.66666666666667
3.53333333333333
3.66666666666667
3.6
3.6
3.6
3.53333333333333
3.46666666666667
3.73333333333333
4.13333333333333
3.73333333333333
3.53333333333333
3.86666666666667
3.42857142857143
3.66666666666667
3.53333333333333
2.86666666666667
1.6
1.73333333333333
1.6
1.73333333333333
2.2
2
1.6
1.73333333333333
1.66666666666667
1.93333333333333
1.66666666666667
1.26666666666667
1.93333333333333
1.66666666666667
1.73333333333333
2
2.33333333333333
4.4
2.6
1.93333333333333
1.6
1.66666666666667
1.73333333333333
2
2.2
1.8
1.6
1.8
1.93333333333333
1.86666666666667
1.86666666666667
1.8
1.53333333333333
1.53333333333333
1.6
1.6
2.4
1.46666666666667
1.73333333333333
1.8
2.06666666666667
2.2
1.93333333333333
1.8
1.86666666666667
1.53333333333333
1.6
4.2
2.8
1.6
1.33333333333333
1.66666666666667
3.53333333333333
1.46666666666667
1.2
1.4
1.33333333333333
1.26666666666667
1.13333333333333
1.6
1.2
1.73333333333333
1.2
1.4
1.73333333333333
1.46666666666667
1.2
1.2
1.2
1.6
1.26666666666667
1.2
1.26666666666667
1.2
1.2
1.4
1.73333333333333
2.2
1.2
1.2
1.2
1.33333333333333
1.46666666666667
1.2
1.33333333333333
1.66666666666667
1.6
1.4
1.73333333333333
1.46666666666667
1.73333333333333
1.33333333333333
1.2
1.53333333333333
1.2
1.2
1.8
1.2
1.2
1.33333333333333
1.73333333333333
1.46666666666667
1.2
1.4
1.2
1.4
1.4
1.6
1.53333333333333
1.2
1.2
1.4
1.86666666666667
1.46666666666667
1.2
1.2
1.26666666666667
1.4
1.2
1.2
1.4
1.2
1.2
1.46666666666667
1.73333333333333
1.46666666666667
1.2
1.2
1.26666666666667
1.4
1.46666666666667
1.4
1.4
1.4
1.2
1.4
1.73333333333333
1.6
1.33333333333333
1.2
1.26666666666667
1.33333333333333
1.33333333333333
1.2
1.4
1.2
1.2
1.4
1.73333333333333
1.46666666666667
1.2
1.2
1.2
1.2
1.46666666666667
1.2
1.4
1.2
1.2
1.4
1.73333333333333
1.46666666666667
1.2
1.2
1.2
1.2
1.2
1.2
1.4
1.33333333333333
1.46666666666667
1.33333333333333
1.66666666666667
1.46666666666667
1.2
3.4
3.6
3.53333333333333
3.6
3.46666666666667
3.4
2.8
2.93333333333333
3
4.2
3.8
3.66666666666667
