4.7
4.14166666666667
4.48333333333333
4.91666666666667
5.00833333333333
4.63333333333333
4.625
4.33333333333333
4.10833333333333
4.45833333333333
4.325
4.01666666666667
5.43333333333333
4.88333333333333
5.6
5.70833333333333
5.30833333333333
5.29166666666667
5.63333333333333
5.425
4.875
5.375
4.94166666666667
4.6
5.51666666666667
4.40833333333333
4.175
4.2
4.26666666666667
4.69166666666667
4.59166666666667
3.93333333333333
3.88333333333333
3.8
4.61666666666667
3.83333333333333
5.075
4.71666666666667
3.975
4.225
3.875
3.75
4.1
4
4.475
3.99166666666667
4.05833333333333
3.95833333333333
6.20833333333333
12.5916666666667
21.1333333333333
9.85833333333333
3.60833333333333
3.56666666666667
4.83333333333333
4.05833333333333
3.99166666666667
4.40833333333333
7.575
10.0083333333333
9.33333333333333
12.1166666666667
13.7333333333333
11.225
11.5416666666667
13.425
11.7833333333333
12.45
14.2916666666667
12.875
13.3666666666667
14.5083333333333
14.6916666666667
13.7666666666667
14.6416666666667
13.3583333333333
12.4083333333333
13.4333333333333
14.2583333333333
14.9
13.6833333333333
14
14.0833333333333
14.1916666666667
15.5833333333333
14.6583333333333
14.1166666666667
14.0333333333333
14.3916666666667
13.8916666666667
14.6916666666667
13.1583333333333
13.3166666666667
14.175
12.95
13.0583333333333
14.4416666666667
13.275
11.8666666666667
13.775
14.4666666666667
14.175
14.9583333333333
14.7583333333333
13.6833333333333
13.5833333333333
13.7833333333333
18.9583333333333
16.5916666666667
15.1666666666667
14.45
14.7166666666667
14.0666666666667
13.875
13.5083333333333
13.625
12.4666666666667
12.9666666666667
12.9833333333333
9.675
5.43333333333333
4.96666666666667
4.5
4.275
4.3
4.14166666666667
4.99166666666667
4.56666666666667
5.425
5.05
5.25
5.15
5.89166666666667
5.65
5.38333333333333
4.89166666666667
5.45
4.43333333333333
4.58333333333333
4.26666666666667
4.31666666666667
4.05
4.275
4.11666666666667
4.725
4.325
4.10833333333333
4.43333333333333
4.575
4.01666666666667
4.525
5.69166666666667
4.3
3.94166666666667
4.125
5.05
6.26666666666667
6.375
4.875
5.26666666666667
7.46666666666667
4.63333333333333
5.88333333333333
4.8
4.33333333333333
4.225
4.85
4.53333333333333
5.69166666666667
4.88333333333333
4.3
5.875
5.03333333333333
4.61666666666667
4.625
4.525
4.525
4.2
4.18333333333333
4.79166666666667
5.15
5.31666666666667
4.95
5.11666666666667
6.25833333333333
5.88333333333333
6.06666666666667
5.65833333333333
5.625
4.925
4.53333333333333
5.00833333333333
6.20833333333333
11.5333333333333
6.21666666666667
5.75
6.04166666666667
6.01666666666667
7.94166666666667
10.6833333333333
7.38333333333333
12.675
13.7083333333333
13.8
14.7666666666667
12.7833333333333
12.6666666666667
12.9833333333333
14.2
13.3916666666667
13.5833333333333
13.5333333333333
13.6666666666667
14.1416666666667
13.6416666666667
13.2416666666667
13.4583333333333
12.6416666666667
12.175
12.5
12.7666666666667
12.6666666666667
13.15
17.5916666666667
16.2333333333333
13.675
12.7833333333333
12.8583333333333
12.975
12.3916666666667
12.4583333333333
12.4833333333333
12.9166666666667
12.8083333333333
13.7916666666667
12.975
13.2833333333333
13.2583333333333
13.3916666666667
13.3
14.0083333333333
13.0583333333333
13.1916666666667
13.525
13.2416666666667
12.8666666666667
13.625
13.35
8.33333333333333
4.35
4.7
4.09166666666667
5.10833333333333
3.875
4.25
3.93333333333333
3.91666666666667
3.85
4.01666666666667
3.8
3.95
3.93333333333333
3.96666666666667
3.84166666666667
4.76666666666667
4.19166666666667
4.2
3.95833333333333
4.56666666666667
4.45
5.075
4.08333333333333
4.03333333333333
3.975
4.03333333333333
4.20833333333333
4.86666666666667
4.60833333333333
4.33333333333333
3.85833333333333
3.75833333333333
3.91666666666667
4.05833333333333
3.825
3.95833333333333
3.85833333333333
4.25
3.98333333333333
