1.25
1.28333333333333
1.23333333333333
1.23333333333333
1.28333333333333
1.4
1.18333333333333
1.18333333333333
1.16666666666667
1.16666666666667
1.2
1.2
1.16666666666667
1.26666666666667
1.23333333333333
1.2
1.31666666666667
1.43333333333333
1.15
1.26666666666667
1.28333333333333
1.33333333333333
1.26666666666667
1.25
1.15
1.25
1.2
1.2
2.43333333333333
5.45
1.31666666666667
1.25
1.21666666666667
1.21666666666667
1.23333333333333
1.21666666666667
1.18333333333333
1.25
1.25
1.21666666666667
1.3
1.45
1.16666666666667
1.78333333333333
1.33333333333333
1.21666666666667
1.28333333333333
1.21666666666667
1.16666666666667
1.25
1.21666666666667
1.21666666666667
1.28333333333333
1.45
1.18333333333333
1.26666666666667
1.23333333333333
1.21666666666667
1.25
1.23333333333333
1.16666666666667
1.25
1.25
1.21666666666667
1.26666666666667
1.48333333333333
1.16666666666667
1.28333333333333
1.36666666666667
1.23333333333333
1.25
1.23333333333333
1.23333333333333
1.25
1.25
1.23333333333333
2.5
7.65
3.16666666666667
3.2
2.16666666666667
1.23333333333333
1.26666666666667
1.31666666666667
1.25
1.26666666666667
1.26666666666667
1.28333333333333
1.35
1.48333333333333
1.2
1.26666666666667
1.26666666666667
1.25
1.28333333333333
1.25
1.15
1.26666666666667
1.26666666666667
1.25
1.55
1.65
1.23333333333333
1.26666666666667
1.25
1.71666666666667
1.25
1.18333333333333
1.15
1.26666666666667
1.28333333333333
1.23333333333333
2.43333333333333
14.5166666666667
11.5833333333333
11.6166666666667
11.6666666666667
11.9333333333333
10.6833333333333
10.65
10.65
11.4833333333333
12.8666666666667
12.3333333333333
12.8166666666667
15.1
14.7333333333333
18.45
29.65
29.7
20.6833333333333
21.3166666666667
24.7666666666667
7.68333333333333
6.73333333333333
14.0333333333333
15.0166666666667
20.05
16.9833333333333
1.33333333333333
1.31666666666667
1.23333333333333
1.23333333333333
1.33333333333333
1.18333333333333
1.26666666666667
1.31666666666667
1.23333333333333
1.26666666666667
1.68333333333333
1.26666666666667
1.53333333333333
1.33333333333333
1.21666666666667
1.2
1.26666666666667
1.3
1.35
1.16666666666667
1.38333333333333
1.38333333333333
1.91666666666667
1.48333333333333
1.46666666666667
1.31666666666667
1.26666666666667
1.95
19.2166666666667
22.25
22.0333333333333
22.1
22.05
24.3
23.1833333333333
25.0666666666667
33.3666666666667
42.4
33.1333333333333
27.85
26.45
33.4333333333333
25.2
33.4333333333333
33.2166666666667
23.1166666666667
26.5166666666667
29.5333333333333
28.1666666666667
1.63333333333333
1.36666666666667
1.28333333333333
1.3
1.33333333333333
1.36666666666667
1.36666666666667
1.35
1.46666666666667
1.45
1.46666666666667
1.45
1.48333333333333
1.5
1.5
1.5
1.45
1.55
1.41666666666667
1.41666666666667
1.35
1.45
1.26666666666667
1.26666666666667
1.2
1.23333333333333
1.25
1.28333333333333
1.21666666666667
1.26666666666667
1.21666666666667
1.23333333333333
1.35
1.43333333333333
1.2
1.21666666666667
1.2
1.21666666666667
1.2
1.23333333333333
1.18333333333333
1.25
1.16666666666667
1.23333333333333
1.38333333333333
1.48333333333333
1.3
1.28333333333333
1.25
1.21666666666667
1.23333333333333
1.18333333333333
1.25
1.36666666666667
1.26666666666667
1.2
1.28333333333333
1.53333333333333
1.16666666666667
1.23333333333333
1.26666666666667
1.3
1.26666666666667
1.3
1.25
1.28333333333333
1.18333333333333
1.16666666666667
1.28333333333333
1.55
1.25
1.3
1.28333333333333
1.25
1.25
1.26666666666667
1.16666666666667
1.31666666666667
1.18333333333333
1.16666666666667
1.26666666666667
1.5
1.25
1.26666666666667
1.25
1.2
1.21666666666667
1.26666666666667
1.16666666666667
1.21666666666667
1.33333333333333
1.25
1.36666666666667
1.43333333333333
1.18333333333333
1.21666666666667
1.18333333333333
1.2
1.26666666666667
1.35
