1.83333333333333
1.9
1.93333333333333
1.86666666666667
2.26666666666667
1.93333333333333
1.93333333333333
1.9
1.86666666666667
1.9
1.96666666666667
1.93333333333333
1.93333333333333
1.93333333333333
1.9
1.9
2.23333333333333
1.96666666666667
1.9
1.96666666666667
1.86666666666667
1.93333333333333
2
1.93333333333333
1.9
1.96666666666667
1.93333333333333
1.9
2.26666666666667
1.96666666666667
1.96666666666667
2
1.86666666666667
1.9
1.93333333333333
1.96666666666667
1.86666666666667
1.9
1.86666666666667
1.83333333333333
2.3
1.93333333333333
1.93333333333333
1.93333333333333
1.9
1.93333333333333
2
1.76666666666667
1.9
1.86666666666667
1.86666666666667
1.93333333333333
2.3
1.96666666666667
2
2.03333333333333
1.93333333333333
1.93333333333333
1.9
1.83333333333333
1.93333333333333
1.96666666666667
1.86666666666667
1.86666666666667
2.2
1.96666666666667
1.9
1.96666666666667
1.93333333333333
1.86666666666667
1.83333333333333
1.93333333333333
1.9
1.83333333333333
1.9
1.86666666666667
2.23333333333333
1.96666666666667
1.93333333333333
1.93333333333333
1.9
1.96666666666667
1.93333333333333
1.83333333333333
1.9
1.86666666666667
1.96666666666667
1.93333333333333
2.26666666666667
1.9
1.9
1.9
1.93333333333333
1.93333333333333
1.83333333333333
1.9
1.86666666666667
1.93333333333333
1.83333333333333
1.83333333333333
2.03333333333333
1.5
1.6
1.5
1.53333333333333
1.5
1.6
1.63333333333333
6.7
1.5
1.56666666666667
1.5
1.9
1.5
1.53333333333333
1.5
1.5
1.5
1.56666666666667
1.5
1.5
1.5
1.56666666666667
1.5
1.9
1.5
1.96666666666667
1.53333333333333
1.6
1.5
1.6
1.5
1.5
1.53333333333333
1.5
1.5
1.9
1.96666666666667
1.5
1.56666666666667
1.6
1.53333333333333
1.5
1.56666666666667
1.5
1.6
1.5
1.6
4.3
3.2
2.13333333333333
1.6
1.5
1.53333333333333
1.6
1.56666666666667
1.5
1.6
1.6
1.6
2
1.6
1.5
1.6
1.5
1.56666666666667
1.5
1.6
1.5
1.6
1.5
1.6
5.36666666666667
3.06666666666667
1.53333333333333
1.56666666666667
1.5
1.5
1.53333333333333
1.5
1.6
1.5
1.56666666666667
1.5
1.9
1.5
1.56666666666667
1.53333333333333
1.6
1.53333333333333
1.6
1.5
1.53333333333333
1.5
1.6
1.5
1.9
1.53333333333333
1.6
1.53333333333333
1.5
1.56666666666667
1.5
1.56666666666667
1.56666666666667
1.56666666666667
1.53333333333333
1.6
1.83333333333333
1.53333333333333
1.6
1.5
1.6
1.6
1.6
1.5
1.53333333333333
1.6
1.5
1.6
1.83333333333333
1.56666666666667
1.6
1.5
1.56666666666667
1.56666666666667
1.56666666666667
1.53333333333333
1.53333333333333
1.56666666666667
1.53333333333333
1.56666666666667
1.8
1.6
1.6
1.63333333333333
1.53333333333333
1.56666666666667
1.53333333333333
1.56666666666667
1.5
1.5
1.56666666666667
1.5
1.9
1.6
1.56666666666667
1.6
1.5
1.56666666666667
1.53333333333333
1.53333333333333
1.6
1.53333333333333
1.56666666666667
1.5
1.86666666666667
1.53333333333333
1.5
1.6
1.53333333333333
1.5
1.56666666666667
1.5
1.53333333333333
1.6
1.5
1.6
1.83333333333333
1.6
1.53333333333333
1.56666666666667
1.53333333333333
1.53333333333333
1.56666666666667
1.53333333333333
1.86666666666667
1.93333333333333
1.93333333333333
1.9
2.26666666666667
1.86666666666667
1.93333333333333
1.96666666666667
1.9
1.96666666666667
1.96666666666667
1.93333333333333
