2
2.26666666666667
2.26666666666667
1.66666666666667
2.26666666666667
2.26666666666667
2.33333333333333
2.46666666666667
2.06666666666667
1.46666666666667
1.4
1.4
1.6
1.6
1.46666666666667
1.4
1.53333333333333
2.13333333333333
1.93333333333333
1.6
1.4
1.4
1.6
2.06666666666667
2
1.46666666666667
1.6
1.4
2
2
2
2
1.6
1.4
1.8
1.73333333333333
1.4
1.4
1.4
1.4
2.13333333333333
2.06666666666667
1.4
2.2
1.93333333333333
1.4
1.6
1.53333333333333
1.6
1.53333333333333
1.8
2.06666666666667
1.66666666666667
1.66666666666667
1.53333333333333
1.6
1.4
1.4
1.86666666666667
1.46666666666667
1.4
1.4
1.4
1.4
1.53333333333333
1.66666666666667
1.73333333333333
1.66666666666667
1.66666666666667
1.4
1.66666666666667
1.46666666666667
1.4
1.4
1.86666666666667
1.4
1.93333333333333
3.2
1.93333333333333
1.4
1.53333333333333
1.4
2.13333333333333
1.6
2
2.13333333333333
2
1.46666666666667
1.66666666666667
1.66666666666667
1.53333333333333
1.4
1.4
1.4
1.4
1.4
1.8
1.4
1.4
1.6
1.86666666666667
2.46666666666667
1.86666666666667
1.4
1.6
1.6
1.86666666666667
1.93333333333333
2.4
2.2
1.53333333333333
1.4
1.6
3.66666666666667
3.06666666666667
3.33333333333333
3.53333333333333
4.86666666666667
2.13333333333333
1.4
1.4
1.4
1.4
1.4
1.73333333333333
1.6
1.4
1.66666666666667
1.53333333333333
1.4
1.73333333333333
1.46666666666667
1.4
1.4
1.4
5.33333333333333
3.93333333333333
2.86666666666667
1.6
1.4
1.4
1.46666666666667
1.53333333333333
1.6
1.4
1.4
2
1.66666666666667
1.93333333333333
3.4
2.53333333333333
1.6
1.53333333333333
1.4
2.13333333333333
2.06666666666667
1.66666666666667
1.4
1.4
1.4
1.53333333333333
1.66666666666667
1.86666666666667
1.4
1.4
1.4
2.06666666666667
25.2
29.2
4.2
1.53333333333333
1.73333333333333
1.53333333333333
1.66666666666667
1.4
1.86666666666667
1.46666666666667
1.4
1.53333333333333
1.6
1.4
1.4
1.4
1.4
1.86666666666667
13.6
22.7333333333333
1.66666666666667
1.8
1.66666666666667
2.13333333333333
1.73333333333333
1.4
1.4
1.4
1.4
1.53333333333333
1.8
1.4
1.4
1.4
1.4
1.4
1.46666666666667
1.4
1.46666666666667
1.4
1.4
1.53333333333333
1.66666666666667
1.4
1.66666666666667
1.46666666666667
1.4
1.46666666666667
1.53333333333333
1.4
1.4
1.4
1.4
1.73333333333333
1.6
1.4
1.93333333333333
2.06666666666667
1.46666666666667
1.93333333333333
1.4
1.4
1.46666666666667
1.66666666666667
1.4
1.53333333333333
1.73333333333333
1.4
1.8
1.4
1.4
1.4
1.4
1.4
1.53333333333333
1.86666666666667
1.46666666666667
1.66666666666667
1.66666666666667
1.4
1.4
1.66666666666667
1.4
1.8
2.13333333333333
2
2.33333333333333
2.73333333333333
3.8
6
4.8
2.06666666666667
2.4
2.06666666666667
1.4
1.53333333333333
1.86666666666667
1.66666666666667
2.06666666666667
2
1.73333333333333
1.8
1.66666666666667
1.4
1.4
1.4
1.46666666666667
1.53333333333333
1.86666666666667
2.06666666666667
2.06666666666667
2.06666666666667
2.13333333333333
1.86666666666667
2.06666666666667
2
2.66666666666667
2.66666666666667
2.13333333333333
2.13333333333333
2.13333333333333
