0
0
0
0
0
0
1.5234375
3.58125
3.30625
2.8375
3.36666666666667
3.125
4.18958333333333
3.18333333333333
3.70833333333333
4.01666666666667
2.82291666666667
2.80208333333333
2.80833333333333
2.83958333333333
2.80625
4.74375
3.85625
3.37916666666667
2.80416666666667
2.81458333333333
2.82083333333333
2.80416666666667
2.79791666666667
2.80416666666667
2.80416666666667
2.83958333333333
2.88541666666667
2.80416666666667
2.8125
3.22291666666667
3.30833333333333
3.36666666666667
3.08333333333333
3.83541666666667
4.52708333333333
2.82916666666667
2.82916666666667
3.19791666666667
2.83541666666667
2.84166666666667
2.84375
2.83333333333333
2.83333333333333
2.83958333333333
2.8125
2.83125
2.83125
2.84583333333333
2.83125
2.89791666666667
2.82916666666667
2.83125
2.825
2.84583333333333
2.83958333333333
2.825
2.82916666666667
2.83125
2.84166666666667
2.84166666666667
2.82916666666667
2.84791666666667
2.86041666666667
2.8375
2.82083333333333
2.8625
2.83541666666667
2.85208333333333
2.85208333333333
2.83958333333333
2.8375
2.84791666666667
2.82708333333333
2.90208333333333
2.83541666666667
2.85416666666667
2.85625
2.86041666666667
2.875
2.85208333333333
2.84791666666667
2.8375
2.87291666666667
2.84583333333333
2.84791666666667
2.91458333333333
2.82708333333333
2.84791666666667
2.83125
2.84375
2.84375
2.82708333333333
2.84791666666667
2.83541666666667
2.83125
2.84791666666667
2.8375
2.90416666666667
2.84791666666667
2.83333333333333
2.86458333333333
2.85833333333333
2.81458333333333
2.8375
2.82083333333333
2.84583333333333
2.83958333333333
2.83958333333333
2.84375
2.87916666666667
2.8375
2.85416666666667
2.84166666666667
2.84583333333333
2.84583333333333
2.84583333333333
2.825
2.83958333333333
2.8375
2.86041666666667
2.84791666666667
2.90208333333333
2.85416666666667
2.85208333333333
2.85416666666667
2.84583333333333
2.85
2.82916666666667
2.84166666666667
2.85625
2.82708333333333
2.85208333333333
2.8375
2.88541666666667
2.82708333333333
2.82291666666667
2.8375
2.85
2.85
2.84791666666667
2.84375
2.83958333333333
2.84166666666667
2.86458333333333
2.85208333333333
2.925
2.84583333333333
2.82083333333333
2.83333333333333
2.84166666666667
2.87291666666667
2.84375
2.87291666666667
2.83541666666667
2.83125
2.85416666666667
2.83333333333333
2.9125
2.8375
2.84166666666667
2.83541666666667
2.87291666666667
2.85416666666667
2.84583333333333
2.83125
2.85
2.82291666666667
2.825
2.82708333333333
2.90625
2.84166666666667
2.85625
2.83333333333333
2.85416666666667
2.84375
2.84583333333333
2.84166666666667
2.86458333333333
2.79583333333333
2.85416666666667
2.84791666666667
2.88333333333333
2.825
2.84791666666667
2.82708333333333
2.85625
2.85
2.85208333333333
2.82708333333333
2.84791666666667
2.86458333333333
2.84166666666667
2.85833333333333
2.90208333333333
2.83958333333333
2.87916666666667
2.85
2.82916666666667
3.04791666666667
2.85416666666667
2.84791666666667
2.95
2.86458333333333
2.86041666666667
2.8375
2.8875
2.83958333333333
2.84791666666667
2.84791666666667
2.85208333333333
2.86458333333333
2.84583333333333
2.85208333333333
2.85
2.83541666666667
2.85625
2.83541666666667
2.90208333333333
2.8375
2.85
2.85833333333333
2.86041666666667
2.8625
2.83958333333333
2.83125
2.85
2.83958333333333
2.8625
2.84791666666667
2.875
2.83958333333333
2.84583333333333
2.83125
2.85208333333333
2.85833333333333
2.86458333333333
2.82916666666667
2.85625
2.83541666666667
2.84583333333333
2.84791666666667
2.89583333333333
2.81875
2.84375
2.84791666666667
2.83125
2.84166666666667
2.8375
2.85208333333333
2.85833333333333
2.83125
2.86458333333333
2.85208333333333
2.88541666666667
2.83958333333333
2.81458333333333
2.85208333333333
2.85833333333333
2.84583333333333
2.84375
3.39375
3.24166666666667
2.84583333333333
2.87083333333333
3.22083333333333
2.86875
2.84791666666667
2.85833333333333
2.84166666666667
2.84791666666667
2.85
2.82291666666667
2.85208333333333
2.84791666666667
2.8375
3.68333333333333
2.86458333333333
2.86666666666667
2.85208333333333
3.3
2.84375
2.84166666666667
