1.24166666666667
1.375
1.24166666666667
1.25833333333333
1.24166666666667
1.25
1.25
1.26666666666667
1.48333333333333
1.25833333333333
1.225
1.24166666666667
1.24166666666667
1.38333333333333
1.24166666666667
1.25
1.23333333333333
1.23333333333333
1.25
1.26666666666667
1.24166666666667
1.25833333333333
1.24166666666667
1.23333333333333
1.25
1.35
1.23333333333333
1.23333333333333
1.25
1.24166666666667
1.25
1.25
1.23333333333333
1.21666666666667
1.23333333333333
1.25
1.25
1.4
1.24166666666667
1.225
1.25
1.23333333333333
1.225
1.25
1.24166666666667
1.225
1.225
1.25
2.23333333333333
1.36666666666667
1.25
1.39166666666667
1.25
1.34166666666667
1.24166666666667
1.25
1.25
1.24166666666667
1.24166666666667
1.25
1.225
1.35
1.25
1.21666666666667
1.25
1.21666666666667
1.25
1.23333333333333
1.24166666666667
1.24166666666667
1.24166666666667
1.23333333333333
1.36666666666667
1.25
1.33333333333333
1.25833333333333
1.225
1.25
1.25
1.24166666666667
1.24166666666667
1.23333333333333
1.25833333333333
1.25
1.36666666666667
1.24166666666667
1.25
1.21666666666667
1.25
1.25
1.23333333333333
1.24166666666667
1.25
1.23333333333333
1.24166666666667
1.35833333333333
1.225
1.24166666666667
1.25
1.25
1.24166666666667
1.26666666666667
1.25
1.24166666666667
1.23333333333333
1.24166666666667
1.24166666666667
1.36666666666667
1.23333333333333
1.25
1.23333333333333
1.24166666666667
1.25
1.25
1.24166666666667
1.24166666666667
1.24166666666667
1.23333333333333
1.26666666666667
1.36666666666667
1.23333333333333
1.25833333333333
1.26666666666667
1.25833333333333
1.275
1.25833333333333
1.25833333333333
1.25
1.25
1.25833333333333
1.35
1.35833333333333
1.23333333333333
1.25
1.25
1.25
1.25
1.26666666666667
1.24166666666667
1.25833333333333
1.26666666666667
1.225
1.24166666666667
1.35833333333333
1.24166666666667
1.24166666666667
1.24166666666667
1.28333333333333
1.33333333333333
1.24166666666667
1.25
1.24166666666667
1.25
1.23333333333333
1.24166666666667
1.39166666666667
1.25
1.26666666666667
1.26666666666667
1.23333333333333
1.24166666666667
1.25
1.25
1.25
1.25
1.26666666666667
1.225
1.38333333333333
1.25
1.25
1.40833333333333
1.25
1.25833333333333
1.24166666666667
1.24166666666667
1.24166666666667
2.675
1.24166666666667
1.25
1.375
1.25
1.26666666666667
1.25833333333333
1.25833333333333
1.25833333333333
1.25833333333333
1.24166666666667
1.26666666666667
1.24166666666667
1.25833333333333
1.25
1.36666666666667
1.24166666666667
1.24166666666667
1.25833333333333
1.25
1.25833333333333
1.24166666666667
1.225
1.23333333333333
1.25
1.21666666666667
1.24166666666667
1.38333333333333
1.25
1.23333333333333
1.24166666666667
1.23333333333333
1.24166666666667
1.24166666666667
1.23333333333333
1.24166666666667
1.25
1.24166666666667
1.24166666666667
1.35833333333333
1.25
1.25833333333333
1.25833333333333
1.25
1.24166666666667
1.25
1.23333333333333
1.24166666666667
1.25
1.24166666666667
1.25
1.36666666666667
1.24166666666667
1.23333333333333
1.24166666666667
1.25
1.25
1.25833333333333
1.25
1.25
1.36666666666667
1.25
1.26666666666667
1.375
1.20833333333333
1.25833333333333
1.25833333333333
1.24166666666667
1.24166666666667
1.275
1.25833333333333
1.25833333333333
1.25833333333333
1.225
1.23333333333333
1.36666666666667
1.25
1.25833333333333
1.275
1.25833333333333
1.25
1.25
1.24166666666667
1.23333333333333
1.24166666666667
1.21666666666667
1.25833333333333
1.38333333333333
1.25833333333333
1.25
1.24166666666667
1.25
1.25
1.25
1.23333333333333
1.24166666666667
1.23333333333333
1.24166666666667
1.25
1.36666666666667
1.24166666666667
1.25
1.26666666666667
1.25
1.225
1.26666666666667
1.25
1.25
1.25833333333333
1.25
1.225
1.30833333333333
