1.58333333333333
1.8
1.63333333333333
1.6
1.56666666666667
1.7
1.63333333333333
1.58333333333333
1.58333333333333
1.61666666666667
1.63333333333333
1.65
1.58333333333333
1.78333333333333
1.55
1.56666666666667
1.5
1.55
1.55
1.55
1.55
1.53333333333333
1.53333333333333
1.53333333333333
1.5
1.7
1.51666666666667
1.53333333333333
1.55
1.58333333333333
1.53333333333333
1.5
1.51666666666667
1.5
1.5
1.55
1.55
1.75
1.51666666666667
1.5
1.5
1.51666666666667
1.51666666666667
1.55
1.53333333333333
1.5
1.53333333333333
1.55
1.53333333333333
1.73333333333333
1.5
1.51666666666667
1.53333333333333
1.55
1.55
1.55
1.53333333333333
1.51666666666667
1.51666666666667
1.5
1.51666666666667
1.66666666666667
1.56666666666667
1.55
1.53333333333333
1.55
1.5
1.55
1.51666666666667
1.5
1.51666666666667
1.56666666666667
1.55
1.73333333333333
1.58333333333333
1.51666666666667
1.51666666666667
1.55
1.55
1.55
1.51666666666667
1.53333333333333
1.53333333333333
1.55
1.53333333333333
1.71666666666667
1.58333333333333
1.55
1.53333333333333
1.51666666666667
1.51666666666667
1.51666666666667
1.53333333333333
1.55
1.55
1.53333333333333
1.55
1.75
1.56666666666667
1.58333333333333
1.51666666666667
1.45
1.4
1.4
1.38333333333333
1.3
1.38333333333333
1.4
1.81666666666667
1.68333333333333
1.48333333333333
1.45
1.5
1.46666666666667
1.48333333333333
1.4
1.43333333333333
1.36666666666667
1.4
1.41666666666667
1.4
1.55
1.4
1.33333333333333
1.41666666666667
1.51666666666667
1.31666666666667
1.43333333333333
1.4
1.35
1.36666666666667
1.4
1.4
1.63333333333333
1.35
1.38333333333333
1.45
1.46666666666667
1.5
1.4
1.35
1.38333333333333
1.35
2.05
5.41666666666667
1.63333333333333
1.33333333333333
1.35
2.11666666666667
2.08333333333333
1.68333333333333
1.38333333333333
1.36666666666667
1.35
1.33333333333333
1.35
1.36666666666667
1.61666666666667
1.35
1.38333333333333
1.38333333333333
1.45
1.43333333333333
1.36666666666667
1.35
1.33333333333333
1.3
1.46666666666667
1.4
1.53333333333333
1.45
1.38333333333333
1.36666666666667
1.48333333333333
1.45
1.38333333333333
1.41666666666667
1.36666666666667
1.31666666666667
1.36666666666667
1.33333333333333
1.5
1.38333333333333
1.38333333333333
1.33333333333333
1.4
1.38333333333333
1.33333333333333
1.4
1.43333333333333
1.35
1.31666666666667
1.4
1.6
1.55
1.43333333333333
1.33333333333333
1.4
1.4
1.4
1.41666666666667
1.51666666666667
1.36666666666667
1.45
1.5
1.75
1.38333333333333
1.33333333333333
1.38333333333333
1.41666666666667
1.41666666666667
1.48333333333333
1.43333333333333
1.43333333333333
1.38333333333333
1.38333333333333
1.38333333333333
1.56666666666667
1.43333333333333
1.45
1.48333333333333
1.5
1.4
1.41666666666667
1.36666666666667
1.36666666666667
1.38333333333333
1.4
1.36666666666667
1.58333333333333
1.45
1.36666666666667
1.43333333333333
1.45
1.48333333333333
1.4
1.46666666666667
1.38333333333333
1.35
1.43333333333333
1.51666666666667
1.73333333333333
1.46666666666667
1.38333333333333
1.38333333333333
1.4
1.4
1.41666666666667
1.45
1.45
1.38333333333333
1.43333333333333
1.46666666666667
1.63333333333333
1.35
1.4
1.36666666666667
1.41666666666667
1.41666666666667
1.43333333333333
1.4
1.4
1.35
1.38333333333333
1.31666666666667
1.46666666666667
1.5
1.41666666666667
1.31666666666667
1.41666666666667
1.33333333333333
1.21666666666667
1.25
1.21666666666667
1.31666666666667
1.51666666666667
1.56666666666667
1.7
1.61666666666667
1.63333333333333
1.6
1.68333333333333
1.58333333333333
1.58333333333333
1.58333333333333
1.56666666666667
1.61666666666667
1.66666666666667
