2.03333333333333
2.96666666666667
1.75
3.03333333333333
3.3
2.33333333333333
2.03333333333333
1.76666666666667
4.43333333333333
7.36666666666667
2.3
1.95
1.91666666666667
1.91666666666667
5.71666666666667
1.56666666666667
2.18333333333333
3.9
1.75
2.01666666666667
3.3
7.01666666666667
10.1333333333333
1.53333333333333
1.51666666666667
1.6
1.96666666666667
4.85
3.05
2.63333333333333
1.81666666666667
1.7
1.65
1.6
1.6
1.55
1.61666666666667
1.63333333333333
1.55
1.6
1.91666666666667
1.95
1.65
1.56666666666667
1.58333333333333
1.6
1.58333333333333
1.61666666666667
1.63333333333333
1.55
1.63333333333333
1.73333333333333
1.58333333333333
1.95
1.63333333333333
1.55
1.6
1.61666666666667
1.6
1.6
1.61666666666667
1.66666666666667
1.58333333333333
1.6
1.58333333333333
2.78333333333333
2.68333333333333
1.83333333333333
1.61666666666667
1.68333333333333
1.71666666666667
1.68333333333333
1.65
1.63333333333333
1.63333333333333
1.65
1.66666666666667
2.05
1.66666666666667
1.68333333333333
1.6
1.63333333333333
1.61666666666667
1.7
1.6
1.68333333333333
1.73333333333333
1.66666666666667
1.66666666666667
1.98333333333333
1.7
1.66666666666667
1.63333333333333
1.66666666666667
1.63333333333333
1.68333333333333
1.63333333333333
1.66666666666667
1.63333333333333
1.7
1.55
1.85
1.56666666666667
1.5
1.41666666666667
1.5
1.45
1.51666666666667
1.5
1.53333333333333
1.5
1.5
1.5
1.83333333333333
1.53333333333333
1.5
1.5
1.5
1.48333333333333
1.53333333333333
1.48333333333333
1.5
1.5
1.51666666666667
1.56666666666667
1.86666666666667
1.61666666666667
1.5
1.53333333333333
1.55
1.48333333333333
1.5
1.5
1.5
1.55
1.5
1.55
1.96666666666667
1.61666666666667
1.51666666666667
1.5
1.51666666666667
1.53333333333333
1.53333333333333
1.51666666666667
1.53333333333333
1.5
1.5
1.48333333333333
1.73333333333333
1.63333333333333
1.5
2.21666666666667
1.51666666666667
1.48333333333333
1.5
1.5
1.83333333333333
1.7
1.5
1.48333333333333
1.86666666666667
1.56666666666667
1.51666666666667
1.5
1.55
1.5
1.53333333333333
1.5
1.55
1.5
1.53333333333333
1.5
1.9
1.56666666666667
1.5
1.51666666666667
1.55
1.51666666666667
1.55
1.46666666666667
1.53333333333333
1.51666666666667
1.55
1.55
1.83333333333333
1.6
1.53333333333333
1.51666666666667
1.53333333333333
1.46666666666667
1.55
1.53333333333333
1.55
1.5
1.55
1.48333333333333
1.8
1.63333333333333
1.53333333333333
1.5
1.51666666666667
1.48333333333333
1.55
1.51666666666667
1.48333333333333
1.5
1.55
1.53333333333333
1.83333333333333
1.65
1.88333333333333
4.36666666666667
2.56666666666667
2.41666666666667
2.11666666666667
2.78333333333333
5.16666666666667
2.36666666666667
1.98333333333333
1.53333333333333
1.8
1.71666666666667
1.51666666666667
1.56666666666667
1.51666666666667
1.5
1.53333333333333
1.61666666666667
1.61666666666667
1.61666666666667
1.51666666666667
1.53333333333333
1.8
1.65
1.53333333333333
1.51666666666667
1.48333333333333
1.5
1.76666666666667
1.45
1.48333333333333
1.48333333333333
1.43333333333333
1.48333333333333
1.76666666666667
1.58333333333333
1.48333333333333
1.45
1.5
1.48333333333333
1.53333333333333
1.5
4.13333333333333
3.75
1.45
1.43333333333333
1.75
1.6
1.66666666666667
1.48333333333333
2.56666666666667
1.76666666666667
1.51666666666667
1.55
1.55
1.63333333333333
1.51666666666667
1.55
1.71666666666667
1.66666666666667
1.53333333333333
1.45
1.5
1.5
1.48333333333333
1.6
1.58333333333333
1.83333333333333
4.15
1.61666666666667
1.96666666666667
1.76666666666667
1.65
1.58333333333333
1.68333333333333
3.88333333333333
1.93333333333333
