4.85
5.03333333333333
4.93333333333333
5.03333333333333
5.2
5.35
5.15
4.86666666666667
5.1
5.26666666666667
4.91666666666667
5.01666666666667
4.9
5.06666666666667
5.06666666666667
5.15
5.11666666666667
5.11666666666667
5.16666666666667
5.01666666666667
5.03333333333333
5.16666666666667
4.86666666666667
5.3
5.15
5.23333333333333
5.25
5.4
5.06666666666667
5.55
5.33333333333333
5.25
5.41666666666667
5.18333333333333
5.05
5.28333333333333
5.21666666666667
5.31666666666667
5.1
4.63333333333333
5.83333333333333
5.5
5.08333333333333
5.65
5.33333333333333
5.41666666666667
5.33333333333333
5.28333333333333
5.1
5.51666666666667
5.18333333333333
5.41666666666667
5.18333333333333
5.58333333333333
5.66666666666667
5.18333333333333
5.26666666666667
4.75
5.21666666666667
6.03333333333333
4.81666666666667
5.18333333333333
5.68333333333333
5.25
5.38333333333333
6.03333333333333
5.31666666666667
5.65
5.26666666666667
6.31666666666667
5
6.2
4.83333333333333
6.23333333333333
4.76666666666667
5.41666666666667
6.65
12.7166666666667
10
5.76666666666667
5.33333333333333
5.26666666666667
6.21666666666667
4.53333333333333
6.1
4.83333333333333
5.66666666666667
5.43333333333333
5.38333333333333
5.53333333333333
4.55
6.45
5.48333333333333
5.45
5.26666666666667
5.35
5.28333333333333
5.31666666666667
5.28333333333333
5.41666666666667
5.43333333333333
6.06666666666667
5.46666666666667
5.35
5.28333333333333
5.16666666666667
5.21666666666667
5.31666666666667
5.26666666666667
5.48333333333333
5.2
5.01666666666667
6.7
39.2833333333333
34.3166666666667
39.9833333333333
35.8666666666667
33.3833333333333
37.15
9.61666666666667
5.05
5.2
6.28333333333333
5.18333333333333
5.15
5.85
5.1
5.35
5
5.18333333333333
6.28333333333333
5.31666666666667
4.96666666666667
5.16666666666667
5.06666666666667
5.16666666666667
5.2
5.33333333333333
5.06666666666667
5.25
10.5833333333333
5.1
5.1
5.15
5.11666666666667
5.33333333333333
5.01666666666667
5.23333333333333
5.11666666666667
5.28333333333333
5.08333333333333
5.28333333333333
5.06666666666667
5.63333333333333
5.08333333333333
5.05
5.03333333333333
5.21666666666667
5.03333333333333
5.08333333333333
5.38333333333333
4.55
5.4
4.88333333333333
4.81666666666667
4.9
4.96666666666667
9.31666666666667
9.86666666666667
5.65
4.96666666666667
4.88333333333333
5.05
5.08333333333333
4.96666666666667
5.05
5
4.86666666666667
5.46666666666667
7.13333333333333
4.93333333333333
5.01666666666667
4.9
4.95
5.01666666666667
13.7666666666667
13.9833333333333
4.28333333333333
6.3
5.03333333333333
4.83333333333333
4.98333333333333
4.86666666666667
5.08333333333333
4.95
5.05
4.98333333333333
5.13333333333333
4.93333333333333
5.08333333333333
5.01666666666667
5.05
4.91666666666667
5.1
4.96666666666667
5.03333333333333
4.95
5.08333333333333
5.25
5.13333333333333
5
5.2
5.11666666666667
5.01666666666667
5.25
5.28333333333333
5.11666666666667
4.93333333333333
5.35
9.66666666666667
6.75
5.28333333333333
5.16666666666667
5.56666666666667
5.26666666666667
5.4
4.4
6.35
4.3
6.18333333333333
5.03333333333333
5.35
4.93333333333333
5.43333333333333
5.06666666666667
5.31666666666667
5.36666666666667
5.36666666666667
5.15
5.15
5.13333333333333
5.43333333333333
4.81666666666667
5.51666666666667
5.11666666666667
5.58333333333333
4.85
5.08333333333333
5.05
6.08333333333333
5.4
5.83333333333333
6.21666666666667
5.4
5.1
10.4166666666667
6.05
6.16666666666667
5.21666666666667
5.33333333333333
5.66666666666667
5.28333333333333
5
5.41666666666667
5.01666666666667
5.4
5.4
5.4
5.33333333333333
5.33333333333333
5.1
5.35
5.31666666666667
4.98333333333333
5.08333333333333
5.03333333333333
3.11538461538462
4.93333333333333
5.03333333333333
5.25
5.58333333333333
5.45
5.16666666666667
5.11666666666667
5.46666666666667
5.6
5.41666666666667
5.41666666666667
