4.56666666666667
4.2
4.46666666666667
5.93333333333333
4.83333333333333
4.7
4.83333333333333
4.73333333333333
7.23333333333333
6.7
4.8
4.93333333333333
5
4.73333333333333
5.16666666666667
4.36666666666667
4.76666666666667
4.86666666666667
5.03333333333333
4.6
6.86666666666667
5.86666666666667
4.93333333333333
4.7
4.3
3.8
3.7
3.56666666666667
6.1
7.625
4.63333333333333
3.33333333333333
4.66666666666667
4.93333333333333
5.23333333333333
4.36666666666667
5.86666666666667
7.3
7.6
4.66666666666667
4.5
4.53333333333333
4.86666666666667
4.53333333333333
6.16666666666667
7.46666666666667
8.13333333333333
4.93333333333333
4.96666666666667
4.56666666666667
6.56666666666667
6.03333333333333
5
6.4
5
5.83333333333333
4.2
4.06666666666667
4.13333333333333
4.06666666666667
4.93333333333333
6.93333333333333
5.4
4.36666666666667
3.83333333333333
4.56666666666667
3.7
3.86666666666667
3.86666666666667
4.06666666666667
3.73333333333333
4.33333333333333
5.33333333333333
4.5
3.83333333333333
3.93333333333333
3.9
5.9
4.53333333333333
5.36666666666667
3.8
4.25
4.53333333333333
4.5
4.63333333333333
5.36666666666667
4.66666666666667
3.9
3.5
5.13333333333333
4.86666666666667
5.375
3.5
3.26666666666667
3.1
3.2
3.43333333333333
3.7
3.56666666666667
3.46666666666667
3
3.26666666666667
3.1
5
3.7
4.2
3.73333333333333
4.2
6.5
4.3
4
4.2
4
4.2
4
4.2
4
4.13333333333333
3.5
3.83333333333333
4
4.2
4
4.16666666666667
4
4.2
3.9
3.63333333333333
3.8
4.13333333333333
3.5
4.2
4
3.9
3.93333333333333
7
4.36666666666667
6.5
4.33333333333333
6.16666666666667
3.63333333333333
4.1
3.5
3.63333333333333
4.1
3.6
5.26666666666667
3.66666666666667
3.5
3.6
3.5
3.6
3.5
3.6
3.5
3.6
4.8
3.7
4.6
4.3
3.5
3.66666666666667
3.5
4
3.5
3.63333333333333
5.63333333333333
3.96666666666667
3.5
3.63333333333333
3.5
4.2
4.3
6.86666666666667
3.86666666666667
3.66666666666667
3.5
3.66666666666667
3.5
3.7
3.26666666666667
3.7
3.5
3.63333333333333
3.5
3.7
3.5
4.3
4.1
3.63333333333333
3.5
3.63333333333333
3.7
6.23333333333333
4.1
4.73333333333333
3.5
3.66666666666667
5.5
6.96666666666667
3.66666666666667
4.43333333333333
7.26666666666667
6.63333333333333
4.26666666666667
4.03333333333333
4
5.5
3.3
7.13333333333333
7.76666666666667
8.6
8.83333333333333
4.33333333333333
4.3
3.76666666666667
4.43333333333333
3.7
3.73333333333333
4.1
6
4.76666666666667
6.6
9.13333333333333
7.6
4.9
5
4.83333333333333
6
4.6
4.2
4.46666666666667
5
7.46666666666667
6.13333333333333
4.8
4.5
4.93333333333333
6.43333333333333
4.86666666666667
5.25
4.2
3.5
6.03333333333333
6.76666666666667
4.3
4
4.86666666666667
3.83333333333333
4.2
6.2
4.63333333333333
8.3
8.3
5.86666666666667
3.83333333333333
5.93333333333333
3.76666666666667
3.76666666666667
4.2
4
5.26666666666667
5.1
3.63333333333333
3.56666666666667
3.7
6.16666666666667
8.76666666666667
4.76666666666667
5.43333333333333
3.56666666666667
3.73333333333333
3.56666666666667
3.73333333333333
3.86666666666667
4.13333333333333
5.16666666666667
3.63333333333333
3.56666666666667
4.83333333333333
7.33333333333333
10.8666666666667
4.3
3.96666666666667
3.9
4.3
7.3
6.36666666666667
