2.48333333333333
2.38333333333333
2.35
2.48333333333333
2.55
2.45
2.71666666666667
2.43333333333333
3
3.13333333333333
3.1
3.18333333333333
2.86666666666667
2.7
3.13333333333333
3.51666666666667
3.08333333333333
3.4
3.08333333333333
2.9
2.85
2.58333333333333
2.71666666666667
2.48333333333333
2.75
2.78333333333333
2.61666666666667
2.61666666666667
2.53333333333333
2.7
2.33333333333333
2.55
2.66666666666667
2.41666666666667
2.41666666666667
2.65
2.58333333333333
2.46666666666667
2.45
2.76666666666667
2.53333333333333
2.43333333333333
2.88333333333333
2.68333333333333
2.56666666666667
2.38333333333333
2.53333333333333
2.46666666666667
2.7
2.45
2.98333333333333
2.66666666666667
2.95
2.7
2.76666666666667
3.03333333333333
3.3
3.05
3.13333333333333
3.1
2.7
2.81666666666667
2.7
2.83333333333333
2.78333333333333
2.81666666666667
2.73333333333333
2.75
2.76666666666667
2.83333333333333
2.81666666666667
2.85
2.81666666666667
2.75
2.81666666666667
2.71666666666667
2.83333333333333
2.75
2.81666666666667
2.73333333333333
2.86666666666667
2.81666666666667
2.83333333333333
2.71666666666667
2.83333333333333
2.8
2.88333333333333
2.91666666666667
3
2.91666666666667
2.9
2.91666666666667
2.86666666666667
2.9
2.83333333333333
2.88333333333333
2.8
3.01666666666667
2.9
2.78333333333333
2.7
2.73333333333333
2.71666666666667
2.73333333333333
2.71666666666667
2.7
3.11666666666667
4.05
2.91666666666667
2.68333333333333
2.75
2.7
2.71666666666667
2.73333333333333
2.86666666666667
2.61666666666667
2.66666666666667
2.58333333333333
4.25
2.21666666666667
2.2
2.2
2.16666666666667
2.26666666666667
2.28333333333333
2.23333333333333
2.18333333333333
2.25
2.11666666666667
2.25
2.15
2.21666666666667
2.16666666666667
2.26666666666667
2.2
2.25
2.26666666666667
2.16666666666667
2.23333333333333
2.15
2.18333333333333
2.16666666666667
2.23333333333333
2.33333333333333
2.23333333333333
2.13333333333333
2.35
2.18333333333333
2.31666666666667
2.18333333333333
2.21666666666667
2.2
2.21666666666667
2.15
2.23333333333333
2.18333333333333
2.18333333333333
2.26666666666667
2.18333333333333
2.23333333333333
2.25
2.23333333333333
2.2
2.28333333333333
2.23333333333333
2.25
2.16666666666667
2.21666666666667
2.21666666666667
3.16666666666667
2.18333333333333
2.21666666666667
2.38333333333333
2.21666666666667
2.25
2.26666666666667
2.31666666666667
2.2
2.28333333333333
2.18333333333333
2.28333333333333
2.13333333333333
2.23333333333333
2.26666666666667
2.3
2.21666666666667
2.18333333333333
2.2
2.23333333333333
2.3
2.2
2.41666666666667
2.2
2.26666666666667
2.16666666666667
2.28333333333333
2.23333333333333
2.23333333333333
2.53333333333333
2.33333333333333
2.18333333333333
2.21666666666667
2.15
2.2
2.2
2.23333333333333
2.3
2.31666666666667
2.36666666666667
2.21666666666667
2.35
2.33333333333333
2.36666666666667
2.23333333333333
2.3
2.23333333333333
2.26666666666667
2.2
2.33333333333333
3.05
2.9
3.5
3.16666666666667
3.45
4.18333333333333
4.45
2.98333333333333
3.45
3.31666666666667
3.01666666666667
2.96666666666667
3.31666666666667
3.56666666666667
3.1
3.6
3.48333333333333
3.18333333333333
2.93333333333333
2.96666666666667
3.06666666666667
3.55
3.31666666666667
3.38333333333333
3.26666666666667
4.03333333333333
3.45
2.98333333333333
3.45
2.93333333333333
2.78333333333333
2.88333333333333
2.86666666666667
2.88333333333333
2.86666666666667
3.18333333333333
3.1
3.95
3.21666666666667
3.25
5.35
3.25
3.11666666666667
3.05
3.23333333333333
2.76666666666667
2.48333333333333
2.46666666666667
2.48333333333333
3.05
3.58333333333333
3.11666666666667
3.21666666666667
3.61666666666667
6.18333333333333
2.65
2.9
2.11666666666667
1.96666666666667
2.33333333333333
2.26666666666667
2.25
1.98333333333333
2.36666666666667
2.55
2.75
4.48333333333333
4.08333333333333
2.65
