3.4
3.46666666666667
3.33333333333333
3.6
3.2
3.46666666666667
3.13333333333333
3.33333333333333
3.4
3.4
3.2
3.33333333333333
3.53333333333333
3.86666666666667
3.33333333333333
3.86666666666667
3.33333333333333
3.6
3.2
3.73333333333333
3.26666666666667
3.46666666666667
3.13333333333333
3.46666666666667
3.2
3.33333333333333
3.6
3.86666666666667
3.93333333333333
4
3.33333333333333
3.8
3.46666666666667
3.73333333333333
3.86666666666667
3.46666666666667
3.66666666666667
3.66666666666667
3.66666666666667
3.6
3.26666666666667
3.53333333333333
3.26666666666667
3.73333333333333
3.33333333333333
3.66666666666667
3.66666666666667
3.66666666666667
3.53333333333333
3.93333333333333
3.66666666666667
3.6
3.46666666666667
3.66666666666667
3.6
4.2
4
4.2
3.53333333333333
3.73333333333333
3.8
3.86666666666667
3.73333333333333
3.73333333333333
3.4
3.8
3.66666666666667
3.93333333333333
3.53333333333333
3.8
3.6
3.73333333333333
3.46666666666667
3.6
3.8
3.73333333333333
3.6
3.93333333333333
3.66666666666667
3.86666666666667
3.66666666666667
3.8
3.53333333333333
3.73333333333333
3.66666666666667
3.86666666666667
3.6
3.8
3.73333333333333
3.93333333333333
3.66666666666667
3.86666666666667
3.6
3.6
3.8
3.66666666666667
3.8
4
3.66666666666667
3.8
3.66666666666667
3.66666666666667
3.66666666666667
3.73333333333333
3.4
3.6
3.26666666666667
3.53333333333333
3.8
4
3.66666666666667
4.06666666666667
3.33333333333333
3.86666666666667
3.66666666666667
3.66666666666667
3.73333333333333
3.8
3.53333333333333
3.6
3.6
3.8
3.53333333333333
3.8
4
3.93333333333333
3.73333333333333
3.73333333333333
3.6
4.06666666666667
3.46666666666667
3.6
3.73333333333333
3.66666666666667
3.6
3.73333333333333
3.73333333333333
3.8
4
3.93333333333333
3.4
4.13333333333333
3.93333333333333
3.46666666666667
3.53333333333333
3.6
3.4
3.66666666666667
3.46666666666667
4
3.73333333333333
5.13333333333333
3.46666666666667
3.73333333333333
3.8
3.6
3.4
3.86666666666667
3.66666666666667
3.8
3.86666666666667
3.8
3.46666666666667
3.86666666666667
3.66666666666667
3.73333333333333
3.53333333333333
3.73333333333333
3.66666666666667
3.66666666666667
3.8
4.2
3.66666666666667
4.2
3.46666666666667
4
4
3.66666666666667
3.6
3.53333333333333
3.33333333333333
3.73333333333333
3.4
3.66666666666667
3.46666666666667
3.53333333333333
3.26666666666667
3.53333333333333
3.73333333333333
3.53333333333333
3.66666666666667
3.73333333333333
3.6
4.13333333333333
3.33333333333333
3.73333333333333
3.4
3.73333333333333
3.4
4
3.86666666666667
3.73333333333333
3.2
4
3.53333333333333
3.6
3.6
3.73333333333333
3.33333333333333
3.6
3.66666666666667
3.73333333333333
3.4
4.13333333333333
3.33333333333333
3.53333333333333
3.53333333333333
3.86666666666667
3.46666666666667
3.73333333333333
3.86666666666667
3.66666666666667
3.53333333333333
3.6
3.6
3.66666666666667
3.6
3.46666666666667
3.53333333333333
3.66666666666667
4
4
3.6
4.2
3.33333333333333
3.66666666666667
3.53333333333333
3.73333333333333
3.53333333333333
3.53333333333333
3.4
3.8
3.46666666666667
3.66666666666667
3.73333333333333
3.86666666666667
3.93333333333333
4
3.46666666666667
3.53333333333333
3.53333333333333
3.46666666666667
3.6
4
3.66666666666667
3.66666666666667
3.53333333333333
4.2
3.4
4
3.66666666666667
5.16666666666667
3.66666666666667
3.53333333333333
3.6
3.73333333333333
3.93333333333333
4
3.8
4.06666666666667
4
4.2
3.86666666666667
3.86666666666667
3.73333333333333
3.8
3.73333333333333
4
3.6
4
3.73333333333333
3.86666666666667
3.73333333333333
3.93333333333333
3.53333333333333
3.8
3.53333333333333
3.93333333333333
