1.61666666666667
1.56666666666667
1.58333333333333
1.71666666666667
1.58333333333333
1.6
1.60833333333333
1.79166666666667
1.575
1.55833333333333
1.58333333333333
1.55833333333333
1.61666666666667
1.575
1.59166666666667
1.725
1.59166666666667
1.58333333333333
1.60833333333333
1.58333333333333
1.6
1.59166666666667
1.59166666666667
1.58333333333333
1.60833333333333
1.59166666666667
1.58333333333333
1.70833333333333
1.6
1.56666666666667
1.59166666666667
1.58333333333333
1.60833333333333
1.575
1.59166666666667
1.575
1.69166666666667
1.58333333333333
1.60833333333333
1.75
1.59166666666667
1.58333333333333
1.58333333333333
1.59166666666667
1.6
1.575
1.59166666666667
1.6
2.475
1.575
1.75833333333333
1.725
1.6
1.59166666666667
1.59166666666667
1.59166666666667
1.6
1.58333333333333
1.61666666666667
1.58333333333333
1.59166666666667
1.575
1.6
1.59166666666667
1.60833333333333
1.56666666666667
1.59166666666667
1.59166666666667
1.56666666666667
1.59166666666667
1.61666666666667
1.56666666666667
1.60833333333333
1.59166666666667
1.60833333333333
1.70833333333333
1.60833333333333
1.55833333333333
1.59166666666667
1.575
1.59166666666667
1.6
1.6
1.55833333333333
1.61666666666667
1.575
1.575
1.6
1.56666666666667
1.61666666666667
1.575
1.60833333333333
1.6
1.58333333333333
1.59166666666667
1.61666666666667
1.58333333333333
1.58333333333333
1.725
1.575
1.56666666666667
1.6
1.58333333333333
1.59166666666667
1.575
1.58333333333333
1.59166666666667
1.6
1.59166666666667
1.60833333333333
1.725
1.58333333333333
1.6
1.60833333333333
1.59166666666667
1.61666666666667
1.56666666666667
1.58333333333333
1.59166666666667
1.59166666666667
1.58333333333333
1.61666666666667
1.75
1.59166666666667
1.60833333333333
1.60833333333333
1.60833333333333
1.58333333333333
1.61666666666667
1.60833333333333
1.59166666666667
1.59166666666667
1.6
1.575
1.69166666666667
1.575
1.575
1.56666666666667
1.6
1.575
1.58333333333333
1.59166666666667
1.575
1.59166666666667
1.6
1.56666666666667
1.74166666666667
1.58333333333333
1.58333333333333
1.575
1.60833333333333
1.575
1.6
1.59166666666667
1.575
1.58333333333333
1.58333333333333
1.575
1.71666666666667
1.56666666666667
1.56666666666667
1.58333333333333
1.6
1.58333333333333
1.59166666666667
1.575
1.55
1.59166666666667
1.56666666666667
1.60833333333333
1.725
1.73333333333333
1.575
1.725
2.73333333333333
1.55833333333333
1.59166666666667
1.56666666666667
1.55833333333333
1.6
1.58333333333333
1.59166666666667
1.725
1.56666666666667
1.58333333333333
1.58333333333333
1.6
1.58333333333333
1.6
1.56666666666667
1.6
1.59166666666667
1.56666666666667
1.64166666666667
1.71666666666667
1.56666666666667
1.61666666666667
1.60833333333333
1.59166666666667
1.55833333333333
1.56666666666667
1.575
1.59166666666667
1.6
1.59166666666667
1.6
1.71666666666667
1.58333333333333
1.6
1.56666666666667
1.6
1.58333333333333
1.56666666666667
1.59166666666667
1.58333333333333
1.575
1.56666666666667
1.59166666666667
1.70833333333333
1.6
1.59166666666667
1.55833333333333
1.6
1.56666666666667
1.59166666666667
1.59166666666667
1.575
1.60833333333333
1.60833333333333
1.63333333333333
1.725
1.575
1.56666666666667
1.575
1.59166666666667
1.575
1.56666666666667
1.55833333333333
1.55833333333333
1.58333333333333
1.58333333333333
1.63333333333333
1.675
1.6
1.58333333333333
1.575
1.58333333333333
1.59166666666667
1.59166666666667
1.58333333333333
1.55833333333333
1.6
1.56666666666667
1.60833333333333
1.675
1.59166666666667
1.56666666666667
1.58333333333333
1.59166666666667
1.575
1.58333333333333
1.58333333333333
1.58333333333333
1.6
1.575
1.63333333333333
1.675
1.56666666666667
1.575
1.59166666666667
1.58333333333333
1.58333333333333
1.58333333333333
1.575
1.58333333333333
1.66666666666667
1.575
1.64166666666667
1.7
1.575
1.59166666666667
1.575
1.58333333333333
1.575
1.58333333333333
1.58333333333333
1.575
1.55833333333333
