2.06666666666667
2
1.8
1.93333333333333
1.66666666666667
1.33333333333333
1.93333333333333
1.6
1.4
1.33333333333333
1.73333333333333
1.73333333333333
2
2
2.13333333333333
2.06666666666667
2
2
1.93333333333333
1.57142857142857
1.86666666666667
2.53333333333333
2.06666666666667
2.2
2.13333333333333
2
1.93333333333333
2
2
2
2
2.13333333333333
2.06666666666667
2.4
2
2
2.13333333333333
2
2
2.26666666666667
2.13333333333333
2.4
2.13333333333333
2.06666666666667
2.26666666666667
2.06666666666667
2
2
2
2
2.46666666666667
2.06666666666667
2.46666666666667
2
2.13333333333333
2
1.93333333333333
1.8
1.86666666666667
1.73333333333333
2.4
2.2
1.86666666666667
2.26666666666667
2.2
2
2.26666666666667
2
2
2
1.86666666666667
2
2.26666666666667
2.13333333333333
2
2.4
2
2
2.06666666666667
1.93333333333333
1.66666666666667
1.6
2
1.8
1.93333333333333
2
2.2
1.93333333333333
1.73333333333333
1.73333333333333
1.8
1.66666666666667
1.53333333333333
1.53333333333333
1.6
1.86666666666667
2.06666666666667
1.8
1.66666666666667
1.6
1.86666666666667
1.86666666666667
1.86666666666667
1.93333333333333
2.13333333333333
1.66666666666667
2.2
1.93333333333333
2.2
2
1.93333333333333
2.13333333333333
2.13333333333333
1.86666666666667
2.6
2.2
2.06666666666667
2
2
1.93333333333333
3.46666666666667
3.93333333333333
1.73333333333333
2
2.2
2.2
2.13333333333333
2.26666666666667
2.2
2.33333333333333
1.93333333333333
1.86666666666667
3.73333333333333
3.73333333333333
1.73333333333333
1.6
1.8
1.73333333333333
2
1.66666666666667
1.86666666666667
1.8
3.13333333333333
9.2
14.6
14.5333333333333
11.6666666666667
11.5333333333333
12.6
14.1333333333333
6.93333333333333
2
1.8
1.93333333333333
2
2.2
3.26666666666667
4.13333333333333
2.06666666666667
1.8
1.6
1.93333333333333
1.46666666666667
1.86666666666667
2
2.13333333333333
1.73333333333333
2.06666666666667
4.06666666666667
3.6
1.46666666666667
1.66666666666667
1.6
2.06666666666667
3.06666666666667
2.53333333333333
3.13333333333333
3.13333333333333
2
2.13333333333333
3.66666666666667
4
1.86666666666667
1.93333333333333
2.06666666666667
1.73333333333333
1.6
1.86666666666667
1.73333333333333
2
1.8
1.86666666666667
3.33333333333333
3.66666666666667
1.86666666666667
1.8
1.93333333333333
1.73333333333333
1.73333333333333
1.93333333333333
1.53333333333333
1.53333333333333
1.66666666666667
1.8
3.33333333333333
3.6
1.73333333333333
1.8
2.06666666666667
1.8
1.8
1.93333333333333
1.53333333333333
1.6
1.73333333333333
1.8
3.46666666666667
3.8
1.66666666666667
1.8
1.8
1.66666666666667
1.73333333333333
1.73333333333333
1.46666666666667
1.8
1.46666666666667
1.93333333333333
3.46666666666667
4
1.46666666666667
1.8
1.86666666666667
1.86666666666667
1.8
2
1.93333333333333
2.13333333333333
1.6
1.66666666666667
3.53333333333333
4.2
2
2
2
1.66666666666667
2
1.8
2.06666666666667
1.86666666666667
1.86666666666667
1.8
3.66666666666667
3.66666666666667
1.86666666666667
2.13333333333333
2
2.13333333333333
2.06666666666667
2
2
1.93333333333333
2.13333333333333
2
4.06666666666667
4.46666666666667
1.86666666666667
1.86666666666667
2
2.06666666666667
2.06666666666667
1.93333333333333
2
2
2
2
2.2
1.73333333333333
1.66666666666667
1.46666666666667
2
1.66666666666667
1.53333333333333
1.4
1.46666666666667
1.46666666666667
1.66666666666667
1.73333333333333
