8.61666666666667
8.76666666666667
8.63333333333333
8.56666666666667
8.8
10.3666666666667
8.55
8.75
8.61666666666667
8.71666666666667
8.68333333333333
9.33333333333333
9.86666666666667
9.63333333333333
9.38333333333333
9.55
9.55
10.5833333333333
8.8
8.9
8.98333333333333
8.88333333333333
8.81666666666667
8.78333333333333
8.93333333333333
8.8
8.78333333333333
8.86666666666667
9.23333333333333
10.3
8.88333333333333
9
8.76666666666667
8.91666666666667
8.78333333333333
8.95
9.33333333333333
9.05
8.71666666666667
8.81666666666667
8.8
9.83333333333333
9.33333333333333
8.88333333333333
9.2
8.91666666666667
8.9
9.01666666666667
8.68333333333333
8.88333333333333
8.73333333333333
8.73333333333333
9
10.3833333333333
8.85
8.75
8.66666666666667
8.81666666666667
8.86666666666667
8.71666666666667
8.95
9.1
8.75
8.8
8.81666666666667
9.65
8.8
8.78333333333333
9.15
9.03333333333333
8.68333333333333
8.78333333333333
8.78333333333333
8.81666666666667
8.76666666666667
8.8
8.71666666666667
9.15
8.83333333333333
8.98333333333333
8.76666666666667
8.81666666666667
9.15
8.66666666666667
8.86666666666667
9.65
8.81666666666667
8.81666666666667
8.93333333333333
10.3
8.76666666666667
8.65
8.83333333333333
9.08333333333333
8.85
8.9
8.65
9.41666666666667
8.8
8.81666666666667
9.01666666666667
10.5666666666667
8.73333333333333
8.71666666666667
8.76666666666667
8.8
8.76666666666667
8.68333333333333
8.8
9.21666666666667
8.73333333333333
8.85
8.96666666666667
10.6666666666667
8.91666666666667
8.75
8.71666666666667
8.98333333333333
8.86666666666667
8.78333333333333
8.86666666666667
8.81666666666667
8.76666666666667
8.91666666666667
8.81666666666667
9.46666666666667
9
8.65
8.78333333333333
8.96666666666667
8.86666666666667
8.83333333333333
8.81666666666667
9.06666666666667
8.71666666666667
8.5
9.35
9.76666666666667
8.96666666666667
8.95
8.73333333333333
9.25
8.75
9.11666666666667
9.36666666666667
8.83333333333333
8.7
8.88333333333333
8.95
10.4833333333333
8.68333333333333
8.71666666666667
8.78333333333333
8.78333333333333
8.75
8.88333333333333
8.8
9.35
8.88333333333333
8.56666666666667
8.76666666666667
10.3833333333333
9.16666666666667
8.5
8.7
9.1
8.73333333333333
8.73333333333333
8.86666666666667
8.76666666666667
8.63333333333333
8.85
8.96666666666667
10.15
8.73333333333333
8.91666666666667
8.81666666666667
8.65
8.78333333333333
8.83333333333333
9.01666666666667
9.38333333333333
8.73333333333333
8.9
8.88333333333333
10.2833333333333
8.73333333333333
8.75
8.76666666666667
8.96666666666667
8.78333333333333
8.76666666666667
8.83333333333333
8.81666666666667
8.6
9.18333333333333
9.15
10.9
8.58333333333333
8.78333333333333
8.73333333333333
8.65
8.9
8.68333333333333
8.71666666666667
9.13333333333333
9.46666666666667
8.73333333333333
8.93333333333333
9.96666666666667
8.8
8.95
8.81666666666667
9.16666666666667
8.76666666666667
8.81666666666667
8.91666666666667
9.16666666666667
9.6
9.4
9.45
11.1333333333333
9
9.01666666666667
8.8
8.71666666666667
8.68333333333333
8.7
8.78333333333333
9.01666666666667
8.6
8.86666666666667
9.18333333333333
10.4333333333333
9.16666666666667
8.6
8.63333333333333
9.38333333333333
8.83333333333333
9.06666666666667
7.9
7.93333333333333
7.76666666666667
8.56666666666667
10.3833333333333
11.2666666666667
10.6166666666667
8.03333333333333
8.16666666666667
8.1
8
8.23333333333333
8.3
8.38333333333333
8.01666666666667
8.2
8.43333333333333
9.43333333333333
10.1833333333333
8.91666666666667
8.55
9.15
8.65
8.3
8.48333333333333
8.3
8.11666666666667
8.1
8.2
10.1
8.06666666666667
7.88333333333333
7.91666666666667
8.21666666666667
8.3
8.03333333333333
8.2
8.26666666666667
8.16666666666667
8.01666666666667
8.1
11.1166666666667
8
7.93333333333333
7.98333333333333
8.5
9.16666666666667
10.05
