1.23333333333333
1.76785714285714
1.46666666666667
1.25
1.25
1.625
1.25
1.25
1.25
1.25
1.25
1.25
1.25
1.25
1.25
1.25
1.25
4.98333333333333
2.23333333333333
5.4
2.31666666666667
1.3
1.23333333333333
1.25
1.25
1.25
1.25
1.25
1.25
1.23333333333333
1.8
1.25
1.3
1.25
1.25
1.25
1.21666666666667
1.25
1.25
1.23333333333333
1.25
1.25
1.25
1.23333333333333
1.25
1.25
1.25
1.25
1.15
1.23333333333333
1.25
1.25
1.25
1.23333333333333
1.16666666666667
1.25
1.25
1.25
1.25
1.25
1.25
1.25
1.25
1.25
1.25
8.58333333333333
3.95
1.25
1.25
1.25
1.25
1.25
1.25
1.25
1.25
1.25
1.25
1.25
1.25
1.25
1.25
1.25
1.25
1.25
1.25
1.25
1.58928571428571
1.25
1.25
1.25
1.25
1.25
1.25
1.25
1.26666666666667
10.0666666666667
5.36666666666667
4.51666666666667
4.21666666666667
5.38333333333333
5.21666666666667
26.15
3.23333333333333
1.25
1.25
1.21666666666667
1.25
6.36666666666667
1.25
1.18333333333333
1.05
1.03333333333333
1.06666666666667
7.05
1.25
1.25
1.23333333333333
1.23333333333333
1.28333333333333
10.9666666666667
7.08333333333333
6.81666666666667
1
1
1.05
1.06666666666667
1
1
1
1
1
1
1.1
1
1
1
1
1
1
1
1
1
1
1
1
1
1
1
1.01666666666667
1.03333333333333
1
1
1
1
1
1
1.21666666666667
1.23333333333333
1.25
1.21666666666667
1.23333333333333
1.15
1.11666666666667
1.67857142857143
1.45
1.25
1.26666666666667
7.1
1.25
1.25
1.25
1.25
1.25
1.25
1.25
1.25
1.25
1.25
1.25
1.25
2.05357142857143
1.33333333333333
1.25
1.25
1.75
1.5
1.28333333333333
1.26666666666667
1.53571428571429
1.25
1.25
1.13333333333333
1.18333333333333
1
1.05
1.01666666666667
1.1
1.03333333333333
1.01666666666667
1
1.15
1
1
1
1.05
1.06666666666667
1.03333333333333
1.05
1.05
1.03333333333333
1.15
1.06666666666667
1
1
1
1
1.05
1.03333333333333
1.03333333333333
1
1.44642857142857
1.16666666666667
1.03333333333333
1
1
1
1
1
1
1.48214285714286
1.36666666666667
1.2
1.25
1.51785714285714
1.31666666666667
1.25
1.25
1.25
1.25
1.67857142857143
1.59615384615385
1.25
1.25
1.25
1.21666666666667
1.16666666666667
1.21666666666667
1.25
1.23333333333333
1.11666666666667
1
1.03333333333333
1.11666666666667
1.06666666666667
1.05
1.18333333333333
1.25
1.1
1.01666666666667
1.21666666666667
1.15
1.11666666666667
1.13333333333333
1.15
1.23333333333333
1.13333333333333
1.25
1.01666666666667
1.11666666666667
1.2
1.21666666666667
1.1
1.05
1
1.23333333333333
1.18333333333333
1.71153846153846
1.31666666666667
1.25
1.25
1.25
1.23333333333333
1.25
1.23333333333333
1.25
1.25
1.88333333333333
1.25
