1.8
1.66666666666667
1.53333333333333
1.4
1.53333333333333
1.66666666666667
1.53333333333333
1.6
1.6
1.53333333333333
1.6
1.4
1.86666666666667
1.46666666666667
1.53333333333333
1.66666666666667
1.8
1.86666666666667
1.6
1.66666666666667
1.66666666666667
1.66666666666667
1.4
1.53333333333333
1.8
1.6
1.6
1.53333333333333
1.6
1.73333333333333
1.53333333333333
1.6
1.6
1.6
1.6
1.4
3.46666666666667
1.73333333333333
1.66666666666667
1.73333333333333
1.46666666666667
1.73333333333333
1.6
1.33333333333333
1.53333333333333
1.6
1.66666666666667
1.66666666666667
2
1.6
1.46666666666667
1.46666666666667
1.66666666666667
1.86666666666667
1.6
1.66666666666667
1.66666666666667
1.53333333333333
1.53333333333333
1.46666666666667
2
1.73333333333333
1.53333333333333
1.53333333333333
1.73333333333333
14.1333333333333
1.53333333333333
1.6
1.6
1.6
1.6
1.73333333333333
1.86666666666667
1.73333333333333
1.6
1.53333333333333
1.8
3.53333333333333
1.6
1.6
1.6
1.73333333333333
1.6
1.53333333333333
1.93333333333333
1.66666666666667
1.66666666666667
1.6
1.73333333333333
1.6
1.53333333333333
1.4
1.66666666666667
1.66666666666667
1.73333333333333
1.53333333333333
2.06666666666667
1.53333333333333
1.46666666666667
1.46666666666667
1.53333333333333
1.73333333333333
1.6
1.66666666666667
1.53333333333333
1.66666666666667
1.4
2.06666666666667
1.66666666666667
1.73333333333333
1.73333333333333
1.8
1.6
1.66666666666667
1.6
1.73333333333333
1.73333333333333
1.66666666666667
1.73333333333333
2.13333333333333
1.73333333333333
1.8
1.73333333333333
1.86666666666667
1.93333333333333
1.8
1.8
1.8
1.73333333333333
1.73333333333333
1.66666666666667
2.2
1.8
1.66666666666667
1.86666666666667
2
1.93333333333333
1.8
1.8
1.73333333333333
1.73333333333333
1.8
1.6
2.2
1.73333333333333
1.66666666666667
1.8
1.8
2
1.8
1.53333333333333
1.6
1.8
1.93333333333333
1.66666666666667
2.13333333333333
2.2
1.66666666666667
1.73333333333333
1.86666666666667
2.33333333333333
3.8
6.26666666666667
6.66666666666667
4.73333333333333
6.93333333333333
5.4
7
5.33333333333333
5.06666666666667
4.33333333333333
4.4
4.46666666666667
4.33333333333333
4.13333333333333
3
3
3.06666666666667
3
3.53333333333333
3.13333333333333
3.13333333333333
2.8
2.06666666666667
2.6
2.6
2.53333333333333
2.26666666666667
2.33333333333333
2.26666666666667
2.26666666666667
2.6
2.4
2.33333333333333
2.26666666666667
2.33333333333333
2.4
2.2
2.2
2.33333333333333
2.2
2.4
2.26666666666667
2.73333333333333
2.33333333333333
2.33333333333333
2.26666666666667
2.46666666666667
2.4
2.33333333333333
2.4
2.46666666666667
2.33333333333333
2.2
2.4
2.66666666666667
2.33333333333333
2.33333333333333
2.33333333333333
2.26666666666667
2.4
2.33333333333333
2.2
2.4
2.2
2.4
2.26666666666667
2.6
2.33333333333333
2.26666666666667
2.26666666666667
2.33333333333333
2.4
2.26666666666667
2.33333333333333
2.2
4.6
2.2
2.26666666666667
2.73333333333333
2.2
2.26666666666667
2.2
2.4
2.26666666666667
2.2
2.2
2.4
2.2
2.2
2.2
2.6
2.2
2.2
2.2
2.33333333333333
2.26666666666667
2.2
2.2
2.2
2.26666666666667
2.2
2.26666666666667
2.6
2.26666666666667
2.13333333333333
2.2
2.33333333333333
2.26666666666667
2.2
2.26666666666667
2.2
2.2
2.26666666666667
2.2
2.6
2.2
2.2
2.2
2.33333333333333
2.33333333333333
2.2
2.2
2.2
2.2
2.2
2.2
2.6
