2.3
2.46666666666667
2.16666666666667
2.46666666666667
2.03333333333333
2.46666666666667
2.3
2.6
2.1
2.46666666666667
2.2
2.5
2.3
2.66666666666667
2.23333333333333
2.46666666666667
2.13333333333333
2.46666666666667
2.33333333333333
2.6
2.03333333333333
2.5
2.13333333333333
2.5
2.33333333333333
2.63333333333333
2.16666666666667
2.5
2.03333333333333
2.56666666666667
2.36666666666667
2.56666666666667
2.1
2.5
2.03333333333333
2.53333333333333
2.8
2.76666666666667
3.4
2.46666666666667
2.2
2.5
2.3
2.46666666666667
2.1
2.63333333333333
2.03333333333333
2.63333333333333
2.26666666666667
2.5
2.16666666666667
2.46666666666667
2.03333333333333
2.5
2.3
2.66666666666667
2.16666666666667
2.5
2.1
2.63333333333333
2.43333333333333
2.56666666666667
2.16666666666667
2.46666666666667
2.13333333333333
2.46666666666667
2.3
2.5
2.1
2.53333333333333
2.3
2.6
2.46666666666667
2.46666666666667
2.16666666666667
2.7
2.03333333333333
2.46666666666667
2.33333333333333
2.5
2.03333333333333
2.5
2.2
2.53333333333333
2.3
2.56666666666667
2.2
2.5
2.1
2.46666666666667
2.23333333333333
2.46666666666667
2.1
2.56666666666667
2.13333333333333
2.5
2.4
2.46666666666667
2.1
2.46666666666667
2.03333333333333
2.6
2.23333333333333
2.46666666666667
2.1
2.46666666666667
2.16666666666667
2.56666666666667
2.33333333333333
2.5
2.16666666666667
2.46666666666667
2.06666666666667
2.56666666666667
2.36666666666667
2.5
2.03333333333333
2.5
2.1
2.66666666666667
2.3
2.53333333333333
2.26666666666667
2.5
2
2.46666666666667
2.36666666666667
2.5
2.03333333333333
2.46666666666667
2.1
2.5
2.33333333333333
2.56666666666667
2.26666666666667
2.5
2.06666666666667
2.53333333333333
2.2
2.5
2.03333333333333
2.56666666666667
2.13333333333333
2.6
2.26666666666667
2.6
2.36666666666667
2.53333333333333
2.43333333333333
2.5
2.26666666666667
2.5
2.06666666666667
2.5
2.03333333333333
2.53333333333333
2.3
2.5
2.1
2.5
2.13333333333333
2.5
2.33333333333333
2.5
2.16666666666667
2.63333333333333
2.13333333333333
2.5
2.2
2.66666666666667
2.13333333333333
2.6
2.06666666666667
2.6
2.26666666666667
2.5
2.33333333333333
2.53333333333333
2.06666666666667
2.5
2.26666666666667
2.53333333333333
2.26666666666667
2.56666666666667
2.13333333333333
2.5
2.33333333333333
2.5
2.06666666666667
2.6
2.36666666666667
2.7
2.3
2.53333333333333
2.03333333333333
2.5
2.06666666666667
2.5
2.33333333333333
2.6
2.13333333333333
2.5
2.03333333333333
2.46666666666667
2.33333333333333
2.5
2.03333333333333
2.56666666666667
2.13333333333333
2.53333333333333
2.26666666666667
2.53333333333333
2.03333333333333
2.46666666666667
2.13333333333333
2.46666666666667
2.3
2.53333333333333
2.2
2.5
2.13333333333333
2.56666666666667
2.23333333333333
2.73333333333333
2.06666666666667
2.53333333333333
2.13333333333333
2.53333333333333
2.26666666666667
2.46666666666667
2.36666666666667
2.5
2.03333333333333
2.46666666666667
2.36666666666667
2.5
2.16666666666667
2.53333333333333
2.03333333333333
2.46666666666667
2.26666666666667
2.46666666666667
2.3
2.5
2.1
2.63333333333333
2.23333333333333
2.76666666666667
2.06666666666667
2.5
2.16666666666667
2.46666666666667
2.3
2.46666666666667
2.2
2.5
2.1
2.5
2.26666666666667
2.63333333333333
2.1
2.5
2.03333333333333
2.46666666666667
2.26666666666667
2.5
2.23333333333333
2.5
2.06666666666667
2.5
2.43333333333333
2.56666666666667
2.1
2.46666666666667
2.03333333333333
2.5
2.4
3
2.7
3
2.83333333333333
2.9
2.43333333333333
2.7
2.06666666666667
2.53333333333333
2.3
2.53333333333333
