8
8.2
8
8
8.46666666666667
8
8
8
3
0.466666666666667
0
4.4
5.86666666666667
6.13333333333333
6.06666666666667
6
6.2
7.2
6.4
6
6.2
6.2
6.2
6.4
6
6.06666666666667
6.53333333333333
7
6.86666666666667
6.73333333333333
6.13333333333333
6.93333333333333
6.86666666666667
6.8
6.26666666666667
6.6
6.86666666666667
7
6.2
6.8
6.46666666666667
6.06666666666667
6.8
6.2
6
6.53333333333333
7.2
6.26666666666667
6
6.6
6
6
6
6.26666666666667
6
6.46666666666667
6.86666666666667
6.4
6.26666666666667
6.6
6.53333333333333
6.46666666666667
6.2
6.2
6.86666666666667
6.86666666666667
7
6.33333333333333
6.46666666666667
6.8
6.46666666666667
6
6
6.2
6.33333333333333
6.46666666666667
6.06666666666667
6
6.53333333333333
6.33333333333333
6
6.26666666666667
6.26666666666667
6
6.46666666666667
6.4
6.4
6.6
6.8
6.53333333333333
6.8
9.13333333333333
6.6
6.33333333333333
6.6
6.53333333333333
6.66666666666667
6.6
6
6.53333333333333
6.46666666666667
6.53333333333333
6.66666666666667
6.8
6.33333333333333
6.2
6
6
6.2
6.6
6.53333333333333
6.6
6
6.2
6
6
6
6
6
7.33333333333333
6.86666666666667
6.26666666666667
6.66666666666667
6.73333333333333
6
6
6
6.46666666666667
6.73333333333333
6.4
6.2
6
6.2
6
6
6.13333333333333
7
6.86666666666667
6.66666666666667
6.4
6
6
6
6
6.13333333333333
6.8
6.86666666666667
6.66666666666667
6.46666666666667
7.93333333333333
7.33333333333333
6.86666666666667
6.46666666666667
6.4
6.8
6.46666666666667
6
6
6
6.06666666666667
6.66666666666667
6.66666666666667
6.33333333333333
6
6
6
6
6
6
6.4
6.86666666666667
6.66666666666667
6.26666666666667
6.93333333333333
6
6.33333333333333
6.86666666666667
6.4
6.2
6
6
6
6
6.66666666666667
6.33333333333333
6.46666666666667
6.33333333333333
6.33333333333333
6.73333333333333
7
6.53333333333333
6.53333333333333
6.46666666666667
6.53333333333333
6.8
6.66666666666667
6.46666666666667
6.26666666666667
6.66666666666667
7
6.53333333333333
6.4
6.53333333333333
6.33333333333333
6
6.2
6
6
6
6.93333333333333
6.06666666666667
5.8
6
6.2
6.2
6
6
6.2
6
5.73333333333333
6
6.13333333333333
6.06666666666667
6
6
6
6
6.26666666666667
6
6
6
6
9.93333333333333
6
6
6
6
6
6
7.13333333333333
11.3333333333333
12.2
9
6.13333333333333
6.2
6.2
6.46666666666667
6
6.13333333333333
6
6
6
6
6
6
6.2
6
6
6.2
7.2
7.66666666666667
7
10.1333333333333
7.06666666666667
6.06666666666667
6
6
6
6
6
9.26666666666667
6
7.6
7.26666666666667
7.2
7.86666666666667
6.06666666666667
6
6
6
6
6.06666666666667
9.8
6
6
6
6
6.06666666666667
