2
1.13333333333333
1.6
2
2
2
1.93333333333333
2
2
1.73333333333333
1.33333333333333
1.86666666666667
2
2
1.53333333333333
1.46666666666667
2
2
1.2
1.8
2
1.13333333333333
1.13333333333333
1.66666666666667
2
2
2
1.93333333333333
1.86666666666667
1.2
1.86666666666667
2
1.86666666666667
1.66666666666667
1.86666666666667
1.8
1.06666666666667
1.8
1.2
1.4
0.933333333333333
1.26666666666667
1.73333333333333
2
2
1.46666666666667
2
2
1.86666666666667
0.866666666666667
1.06666666666667
2
2
2
2
1.86666666666667
2
2.06666666666667
1
2
2
2
2
2
2
2
2.06666666666667
2
2
2
2
2
2
2
2
1.93333333333333
1.26666666666667
1.06666666666667
1.4
0.933333333333333
2.06666666666667
1.2
2.06666666666667
2
2
2
2
2
2
2
1.13333333333333
2
2.06666666666667
2.2
2
2.06666666666667
2.4
2.33333333333333
2.33333333333333
1.73333333333333
2.33333333333333
2.13333333333333
2
2.53333333333333
2.8
2.66666666666667
2.6
2.86666666666667
2.73333333333333
2.53333333333333
2.6
2.13333333333333
2.33333333333333
2.46666666666667
2.06666666666667
2.73333333333333
2.53333333333333
2.8
2.6
2.4
2.33333333333333
2.13333333333333
2.4
2.8
2.8
1.93333333333333
2
2.46666666666667
2.26666666666667
1.4
1.73333333333333
2.06666666666667
2.46666666666667
2.33333333333333
2.26666666666667
1.26666666666667
2.46666666666667
2
2.2
2.26666666666667
2.73333333333333
2.8
2.4
1.46666666666667
2.66666666666667
1.73333333333333
1.33333333333333
1.06666666666667
2
2
2
2.06666666666667
2.6
2.33333333333333
1.46666666666667
2.13333333333333
2.06666666666667
2.13333333333333
2.4
2.13333333333333
2.13333333333333
2
1.2
1.26666666666667
2.13333333333333
2.2
2
2.4
2.26666666666667
2.06666666666667
2.4
2.8
2.2
2.46666666666667
1.6
1.93333333333333
2.13333333333333
1.8
2.13333333333333
2
2.26666666666667
2.33333333333333
2
2.13333333333333
2.46666666666667
2.46666666666667
3
2.6
2.46666666666667
2.53333333333333
2.73333333333333
2.13333333333333
2.53333333333333
2.26666666666667
2.86666666666667
2.86666666666667
2.06666666666667
2
2.33333333333333
2.26666666666667
2.13333333333333
2.33333333333333
2.33333333333333
2.2
2.46666666666667
2.13333333333333
1.4
1.93333333333333
2.06666666666667
2.06666666666667
2.06666666666667
2.13333333333333
2.73333333333333
1.46666666666667
1.26666666666667
1.2
2.13333333333333
0.666666666666667
1.93333333333333
1.26666666666667
1.2
2.06666666666667
1.26666666666667
2
2.2
1.26666666666667
2
2.13333333333333
2.13333333333333
2
2.13333333333333
2
2.26666666666667
2.33333333333333
1.93333333333333
1.2
1.13333333333333
2.13333333333333
2
1.2
2.06666666666667
1.6
1.8
2.13333333333333
2.06666666666667
2.06666666666667
1.8
1.4
2
2
1.2
2
2
2
2
2
2
2.06666666666667
1.8
1.4
1.2
2
2.06666666666667
2
2.13333333333333
2
2.06666666666667
1.46666666666667
0.8
2
2
1.26666666666667
1.2
1.2
2.13333333333333
1.26666666666667
2.06666666666667
2.2
2.2
1.33333333333333
0.733333333333333
0.6
1.53333333333333
2.06666666666667
2.06666666666667
2
2.06666666666667
1.53333333333333
