1.66666666666667
1.7
1.66666666666667
1.66666666666667
1.73333333333333
1.6
1.5
1.56666666666667
1.53333333333333
1.6
1.56666666666667
1.5
1.6
1.5
1.56666666666667
1.6
1.6
1.56666666666667
1.66666666666667
1.5
1.56666666666667
1.9
1.56666666666667
1.63333333333333
2
2
2.1
2
2
2
2
2
2
2
2
2
2
2
2
2
2
2
2
2
2
2
2
2
2
2
2
2
2
2
2
2
2
2
2
2
2
2
2
2
2
2
2
2
2
2
2
2
2
2
2
2
2
2
2
2
2
2
2
2
2
2
2
2
2
2
2
2
2
2
2
2
2
2
2
2
2
2
2
2
2
2
2
2
2
2
2
2
2
2
2
2
2
2
2
2
2
2
2
2
2
2
2
2
2
2
2
2
2
2
2
2
2
2
2
2
2.06666666666667
2
2
2
2
2
2
2
2.03333333333333
2.16666666666667
2
2
2
2
2
2
2
2
2
2
2
2
2
2
2
2
2
2
2
2
2
2
2
2
2
2
2
2
2
2
2
2
2
2
2
2
2
2
2
2
2
2
2
2
2
2
2
2
2
2
2
2
2
2
2
2
2
2
2
2
2
2
2
2
2
2
2
2
2
2
2
2
2
2
2
2
2
2
2
2
2
2
2
2
2
2
2
2
2
2
2
2
2
2
2
1.76666666666667
1.8
2
2
2
2
2
1.73333333333333
1.5
1.5
1.66666666666667
2
2
2
2
1.56666666666667
1.93333333333333
1.6
1.96666666666667
1.63333333333333
1.86666666666667
1.86666666666667
1.83333333333333
1.8
2
1.93333333333333
1.73333333333333
1.7
1.7
1.9
1.66666666666667
1.63333333333333
1.53333333333333
2
1.86666666666667
1.7
1.5
1.5
1.5
1.5
1.5
1.5
1.5
