6.45625
6.35833333333333
6.4875
6.73125
6.56458333333333
6.46458333333333
6.51666666666667
6.29583333333333
6.24166666666667
6.29166666666667
6.08541666666667
6.15
6.37291666666667
6.15208333333333
6.29791666666667
6.325
6.04583333333333
6.15625
6.36666666666667
6
6.21666666666667
6.2875
6.08958333333333
6.1875
6.29375
6.11666666666667
6.22708333333333
6.3
6.09583333333333
6.25416666666667
6.29375
5.99791666666667
6.19583333333333
6.22291666666667
6.12083333333333
6.18958333333333
6.4
6.06875
6.17291666666667
6.23541666666667
6.04583333333333
6.15833333333333
6.27291666666667
6.025
6.22916666666667
6.35208333333333
6.08541666666667
6.08125
6.63541666666667
6.08958333333333
6.21666666666667
6.61458333333333
6.13541666666667
6.1875
6.21875
5.99791666666667
6.3125
6.29375
6.12916666666667
6.24166666666667
6.34166666666667
6.0625
6.19375
6.25416666666667
6.1
6.20208333333333
6.35833333333333
6.08125
6.27083333333333
6.23541666666667
5.98333333333333
6.11458333333333
6.36875
6.00833333333333
6.17708333333333
6.2875
6.08541666666667
6.10625
6.28541666666667
6.06458333333333
6.20833333333333
6.325
6.12708333333333
6.16041666666667
6.24583333333333
6.11041666666667
6.2
6.4125
6.17291666666667
6.2375
6.37291666666667
5.98958333333333
6.20416666666667
6.29375
6.09791666666667
6.15625
6.35208333333333
6.01875
6.24375
6.30833333333333
6.02291666666667
6.17083333333333
6.35208333333333
6.08333333333333
6.22291666666667
6.325
6.04583333333333
6.2125
6.37083333333333
6.0875
6.22291666666667
6.36041666666667
6.09375
6.20833333333333
6.35208333333333
6.0875
6.225
6.3125
6.04791666666667
6.16666666666667
6.33958333333333
6.05416666666667
6.23333333333333
6.37291666666667
6.06041666666667
6.21666666666667
6.34166666666667
6.08333333333333
6.16041666666667
6.2875
6.00833333333333
6.16041666666667
6.6875
6.09166666666667
6.28541666666667
6.3125
6.13958333333333
6.23958333333333
6.33958333333333
6.06041666666667
6.18333333333333
6.33333333333333
6.09791666666667
6.15
6.36875
6.0625
6.22083333333333
6.35833333333333
6.06666666666667
6.20416666666667
6.28958333333333
6.00208333333333
6.18541666666667
6.36666666666667
6.06666666666667
6.30208333333333
6.31458333333333
6.08958333333333
6.21041666666667
6.39166666666667
6.1125
6.28125
6.23958333333333
6.10416666666667
6.25833333333333
6.33541666666667
6.05416666666667
6.2
6.36666666666667
6.10208333333333
6.2125
6.37083333333333
6.24375
6.13958333333333
6.31041666666667
6.075
6.21666666666667
6.34791666666667
6.06666666666667
6.22708333333333
6.31458333333333
6.08541666666667
6.2875
6.33958333333333
6.07708333333333
6.15833333333333
6.23333333333333
6.05833333333333
6.37291666666667
6.40625
6.11458333333333
6.20208333333333
6.3625
6.06875
6.275
6.31041666666667
6.08125
6.20833333333333
6.28541666666667
6.08333333333333
6.2
6.23541666666667
6.04583333333333
6.18125
6.37916666666667
6.13125
6.22083333333333
6.28541666666667
6.05
6.15416666666667
6.2875
6.06666666666667
6.18958333333333
6.17291666666667
6.05208333333333
6.19791666666667
6.36041666666667
6.12291666666667
6.19791666666667
6.28541666666667
6.01041666666667
6.22083333333333
6.24583333333333
6.05208333333333
6.25
6.26875
6.12291666666667
6.26041666666667
6.35833333333333
6.00208333333333
6.16458333333333
6.1875
6.16041666666667
6.3
6.29583333333333
6.04583333333333
6.13958333333333
6.19791666666667
6.03333333333333
6.18333333333333
6.32916666666667
6.05625
6.13333333333333
6.20416666666667
6.06041666666667
6.20416666666667
6.23958333333333
6.06666666666667
6.1875
6.29166666666667
6.09583333333333
6.2125
6.275
5.9625
6.20416666666667
6.23958333333333
6.09375
6.1875
6.34166666666667
6.02291666666667
6.15833333333333
6.24375
6.075
6.15833333333333
6.32708333333333
6.08541666666667
6.09375
6.23125
6.03958333333333
6.1875
6.34583333333333
6.1125
6.2375
6.2875
6.01875
6.17708333333333
6.32708333333333
6.04375
6.25833333333333
6.3125
6.1
6.21875
6.33541666666667
5.9625
6.20625
6.23333333333333
6.00625
6.16458333333333
