3.16666666666667
2.26666666666667
2.5
2.36666666666667
3.43333333333333
2.96666666666667
3.13333333333333
2.3
2.53333333333333
2.63333333333333
2.5
2.33333333333333
24.6
25.2333333333333
28.3
28.5333333333333
22.8
13.7
2.06666666666667
2
2.56666666666667
2.1
2.06666666666667
2
2.96666666666667
2.23333333333333
2.06666666666667
1.96666666666667
3.1
2.3
2.46666666666667
2.4
2.36666666666667
2.43333333333333
2.6
2.33333333333333
3.4
2.26666666666667
2.23333333333333
2.8
2.26666666666667
2.2
2.36666666666667
2.36666666666667
2.7
2.36666666666667
2.2
2.03333333333333
2.4
3.1
2.13333333333333
2.2
3.5
2.33333333333333
2.3
2.1
2.16666666666667
2.2
2.43333333333333
1.96666666666667
3.13333333333333
2.26666666666667
2.3
2.63333333333333
2.23333333333333
1.86666666666667
1.96666666666667
2.63333333333333
2.5
1.8
2.23333333333333
1.93333333333333
2.5
1.93333333333333
2.03333333333333
2.9
2.43333333333333
2.03333333333333
2.23333333333333
2.3
1.8
2.06666666666667
2.13333333333333
2.3
2.9
2.3
2.13333333333333
2.23333333333333
2.83333333333333
2.06666666666667
2
2.23333333333333
2.76666666666667
2.16666666666667
2.1
2.1
2.26666666666667
2.2
3.53333333333333
2.06666666666667
2.86666666666667
1.86666666666667
2.23333333333333
2.3
2
2.56666666666667
2.23333333333333
2.43333333333333
2.73333333333333
2.06666666666667
2.3
3.4
1.86666666666667
2.06666666666667
2.33333333333333
2
6.5
7.36666666666667
16.8666666666667
7.76666666666667
3.2
2.8
2.13333333333333
2.66666666666667
4.4
2.56666666666667
2.6
2.86666666666667
2.46666666666667
2.4
2.03333333333333
2.16666666666667
2.9
2.5
2.06666666666667
2.26666666666667
3.46666666666667
3.33333333333333
2.5
3.26666666666667
3.63333333333333
2.8
2.26666666666667
3.13333333333333
2.96666666666667
2.53333333333333
4.56666666666667
3.16666666666667
2.83333333333333
3.23333333333333
2.16666666666667
2.66666666666667
2.13333333333333
2.1
1.8
2.13333333333333
3.46666666666667
3.2
2.9
4.46666666666667
4.13333333333333
3.1
2.83333333333333
1.96666666666667
4.36666666666667
5.8
4.16666666666667
3.3
3.4
2.93333333333333
2.66666666666667
3
5.36666666666667
3.36666666666667
3.23333333333333
2.2
1.93333333333333
2.2
2.13333333333333
2.13333333333333
3.63333333333333
4.4
2.46666666666667
4.83333333333333
2.3
2.13333333333333
3.1
3.26666666666667
2.36666666666667
2.43333333333333
2.06666666666667
3.26666666666667
2.9
2.46666666666667
1.86666666666667
2.56666666666667
5.93333333333333
2.43333333333333
2.36666666666667
2.6
2
1.83333333333333
3.06666666666667
2.5
3.23333333333333
2.6
2.46666666666667
2.63333333333333
3.26666666666667
2.13333333333333
2.13333333333333
1.8
3.06666666666667
2.3
2.03333333333333
2.36666666666667
2.6
2.46666666666667
2.53333333333333
2.96666666666667
2.86666666666667
1.83333333333333
2.03333333333333
2.03333333333333
2.76666666666667
2.26666666666667
2.3
2.13333333333333
3.13333333333333
2.9
2.3
2
3
2.1
2.03333333333333
1.9
2.73333333333333
2.3
2.1
2.06666666666667
2.56666666666667
2.43333333333333
1.96666666666667
2.26666666666667
3.9
2.53333333333333
2.36666666666667
2.33333333333333
2.16666666666667
2.36666666666667
2.9
2.23333333333333
3
1.96666666666667
2.7
3.16666666666667
2.16666666666667
2.1
2.33333333333333
2.26666666666667
3.16666666666667
2.06666666666667
2.33333333333333
2
12.8333333333333
2.5
2.3
2.43333333333333
4.16666666666667
2.86666666666667
2.63333333333333
2.4
2.46666666666667
2.66666666666667
2.3
2.4
3.43333333333333
2.66666666666667
2.36666666666667
2.5
2.5
2.4
2.43333333333333
2.3
3.1
2.43333333333333
2.4
2.33333333333333
