2.05
2.23333333333333
2
2
2
1.95
2.23333333333333
2.1
1.98333333333333
1.98333333333333
2
2
2.03333333333333
2
2
2
1.91666666666667
1.98333333333333
2.16666666666667
2
2
2
1.96666666666667
1.9
2
2.18333333333333
1.96666666666667
2
2
1.96666666666667
1.95
2
2
2
2.1
2.06666666666667
1.98333333333333
2.08333333333333
2.11666666666667
2
1.98333333333333
1.98333333333333
1.98333333333333
2
2.06666666666667
2.1
2
2
2.21666666666667
2.21666666666667
2
1.95
2
1.96666666666667
1.98333333333333
2.15
2.15
2.13333333333333
2.11666666666667
1.95
2
2
2.16666666666667
2.08333333333333
2.2
2
2.03333333333333
2
2
2
2
2
2
2.06666666666667
1.98333333333333
2
2
2
1.98333333333333
2.01666666666667
2.13333333333333
1.98333333333333
1.98333333333333
1.96666666666667
1.98333333333333
2
2
2
2.13333333333333
1.98333333333333
2.03333333333333
2.15
2
2
2
2
2.08333333333333
2.3
2
2
2
2
2
1.98333333333333
2
2
2
2
2
2
1.95
2
2.03333333333333
2.16666666666667
2
2.18333333333333
2.16666666666667
2
2
2.01666666666667
2.08333333333333
2.2
2
2.2
2.1
2.06666666666667
2.25
2
1.95
1.98333333333333
1.91666666666667
2
2
2
2.03333333333333
2
2.01666666666667
2.15
2
2.2
2.03333333333333
2
2
2
1.98333333333333
2.06666666666667
2.23333333333333
2.11666666666667
2.08333333333333
2.06666666666667
2.45
2.01666666666667
2
2
1.95
2
2
2.01666666666667
2
2
2.01666666666667
2
2
2
2.01666666666667
2.03333333333333
1.98333333333333
2.01666666666667
2
2.05
2
2
2
2
1.91666666666667
1.98333333333333
2
2
2
2.01666666666667
2
2.25
2
1.98333333333333
2
2
2
2
2
1.93333333333333
1.98333333333333
2
2
2.1
2
2.01666666666667
2.15
2
2
1.96666666666667
2
2.03333333333333
2
2.2
2.01666666666667
2.1
2.08333333333333
1.98333333333333
1.91666666666667
1.98333333333333
2
2
2
1.98333333333333
2
2
2
2.28333333333333
1.98333333333333
1.96666666666667
2
1.98333333333333
2
2.01666666666667
2
1.95
2
2.06666666666667
2.06666666666667
2.01666666666667
1.98333333333333
1.98333333333333
1.98333333333333
2
1.98333333333333
2.18333333333333
2
2
2
2
2
2.08333333333333
1.98333333333333
2
2
2
1.98333333333333
2.01666666666667
2
2
2
2
2
2.01666666666667
1.96666666666667
2
2.1
2.05
2.16666666666667
2
2
2
2
2
2
2.06666666666667
1.98333333333333
2.18333333333333
2.15
2.01666666666667
2.1
2.18333333333333
1.95
2
2
2.01666666666667
2.15
2.03333333333333
2.16666666666667
2
2
2
2
2
2.18333333333333
2.2
1.98333333333333
1.93333333333333
