4.3
1.81666666666667
1.85
1.83333333333333
1.81666666666667
1.83333333333333
1.8
1.78333333333333
1.83333333333333
1.85
1.81666666666667
1.78333333333333
2.36666666666667
1.76666666666667
1.81666666666667
1.76666666666667
11.0833333333333
2.96666666666667
1.75
1.75
1.76666666666667
1.78333333333333
1.76666666666667
1.78333333333333
2.21666666666667
1.83333333333333
1.86666666666667
1.86666666666667
1.81666666666667
1.78333333333333
1.76666666666667
1.81666666666667
1.81666666666667
1.83333333333333
1.53333333333333
1.65
1.88333333333333
1.68333333333333
1.63333333333333
1.66666666666667
1.63333333333333
1.7
1.58333333333333
1.66666666666667
1.55
1.56666666666667
1.56666666666667
1.63333333333333
1.91666666666667
1.56666666666667
1.51666666666667
1.61666666666667
1.56666666666667
1.83333333333333
1.83333333333333
1.8
1.75
1.75
1.76666666666667
1.73333333333333
2.05
1.7
1.73333333333333
1.75
1.73333333333333
1.66666666666667
1.71666666666667
1.71666666666667
1.73333333333333
1.73333333333333
1.73333333333333
1.78333333333333
2.08333333333333
1.71666666666667
1.73333333333333
1.75
1.75
1.75
1.71666666666667
1.76666666666667
1.75
1.76666666666667
1.71666666666667
1.68333333333333
2.05
1.73333333333333
1.75
1.71666666666667
1.7
1.75
1.71666666666667
1.7
1.73333333333333
1.76666666666667
1.71666666666667
1.73333333333333
2.05
1.7
1.68333333333333
1.7
1.68333333333333
1.75
1.73333333333333
1.71666666666667
1.63333333333333
1.66666666666667
1.68333333333333
1.66666666666667
1.98333333333333
1.65
1.71666666666667
1.83333333333333
1.75
1.78333333333333
1.8
1.73333333333333
1.61666666666667
1.65
1.7
1.65
2.03333333333333
1.68333333333333
1.63333333333333
1.7
1.7
1.71666666666667
1.66666666666667
1.71666666666667
1.66666666666667
1.73333333333333
1.75
1.75
2.1
1.8
1.78333333333333
1.8
1.76666666666667
1.75
1.75
1.8
1.78333333333333
1.8
1.76666666666667
1.78333333333333
2.11666666666667
1.76666666666667
1.75
1.75
1.73333333333333
1.73333333333333
1.6
1.58333333333333
1.61666666666667
1.66666666666667
1.56666666666667
1.53333333333333
1.93333333333333
1.53333333333333
1.55
1.58333333333333
1.51666666666667
1.6
1.53333333333333
1.58333333333333
1.55
1.63333333333333
1.63333333333333
1.95
2.5
1.7
1.98333333333333
1.68333333333333
1.65
1.66666666666667
1.63333333333333
1.68333333333333
1.63333333333333
1.6
1.63333333333333
1.7
1.98333333333333
1.68333333333333
1.65
1.68333333333333
1.66666666666667
1.76666666666667
1.6
1.66666666666667
1.65
1.68333333333333
1.58333333333333
1.76666666666667
2.05
1.78333333333333
1.75
1.76666666666667
1.75
1.78333333333333
1.75
1.8
1.75
1.76666666666667
1.75
1.78333333333333
2
1.66666666666667
1.68333333333333
1.8
1.75
1.78333333333333
1.75
1.8
1.75
1.78333333333333
1.75
1.85
2.05
1.76666666666667
1.75
1.8
1.75
1.75
1.75
1.78333333333333
1.75
1.8
1.75
1.76666666666667
2.06666666666667
1.8
1.75
1.76666666666667
1.75
1.78333333333333
1.75
1.9
1.75
1.78333333333333
1.75
1.78333333333333
2.06666666666667
1.76666666666667
1.6
1.63333333333333
1.71666666666667
1.76666666666667
1.75
1.75
1.81666666666667
5.23333333333333
1.86666666666667
1.81666666666667
2.11666666666667
1.85
1.81666666666667
1.88333333333333
1.83333333333333
1.8
1.81666666666667
1.75
1.85
1.86666666666667
1.81666666666667
1.83333333333333
2.1
1.81666666666667
1.75
1.8
1.76666666666667
1.75
1.58333333333333
1.61666666666667
1.61666666666667
1.63333333333333
1.63333333333333
1.61666666666667
1.91666666666667
1.65
1.68333333333333
1.71666666666667
1.68333333333333
1.66666666666667
1.63333333333333
1.68333333333333
1.63333333333333
1.66666666666667
1.61666666666667
1.61666666666667
