4.45
4.42708333333333
4.48125
4.39791666666667
4.45416666666667
4.425
4.39583333333333
4.2875
4.43333333333333
4.27916666666667
4.34791666666667
4.2625
4.34791666666667
4.37708333333333
4.45208333333333
4.16041666666667
4.41666666666667
4.37708333333333
4.5
4.3
4.4375
4.39166666666667
4.47291666666667
4.33125
4.3375
4.34791666666667
4.43125
4.28541666666667
4.46666666666667
4.18958333333333
4.42083333333333
4.45
4.4375
4.15416666666667
4.33958333333333
4.35208333333333
4.52708333333333
4.26458333333333
4.29375
4.36458333333333
4.37916666666667
4.28125
4.35416666666667
4.23958333333333
4.46666666666667
4.51666666666667
4.4375
4.30208333333333
4.41875
4.38541666666667
4.43958333333333
4.30208333333333
4.42291666666667
4.33333333333333
4.39791666666667
4.21875
4.29375
4.33125
4.40416666666667
4.31458333333333
4.35416666666667
4.3
4.39791666666667
4.3875
4.27916666666667
4.31458333333333
4.39791666666667
4.475
4.55
4.29791666666667
4.27291666666667
4.32083333333333
4.59791666666667
4.40416666666667
4.35625
4.6
4.43125
4.38333333333333
4.22083333333333
4.25416666666667
4.40625
4.44583333333333
4.4625
4.3125
4.38958333333333
4.25
4.39583333333333
4.24791666666667
4.24791666666667
4.3875
4.47291666666667
4.3875
4.175
4.26458333333333
4.40208333333333
4.325
4.23333333333333
4.30625
4.23958333333333
4.29583333333333
4.20625
4.15
4.30625
4.20625
4.36875
4.19791666666667
4.25416666666667
4.36875
4.46458333333333
4.17916666666667
4.2375
4.375
4.29791666666667
4.35833333333333
4.27083333333333
4.26041666666667
4.3
4.26666666666667
4.30833333333333
4.125
4.22916666666667
4.31458333333333
4.39583333333333
4.22291666666667
4.19375
4.34791666666667
4.31666666666667
4.2375
4.10833333333333
4.35625
4.38958333333333
4.34791666666667
4.26458333333333
4.27291666666667
4.35208333333333
4.28333333333333
4.27708333333333
4.34791666666667
4.41875
4.71458333333333
4.7
4.3875
4.22291666666667
4.29583333333333
4.29583333333333
4.23125
4.22916666666667
4.43541666666667
4.55625
4.43333333333333
4.30833333333333
4.21458333333333
4.28333333333333
4.30208333333333
4.38125
4.23958333333333
4.20833333333333
4.36875
4.275
4.17708333333333
4.14375
4.37708333333333
4.33958333333333
4.225
4.20833333333333
4.2625
4.28125
4.2875
4.2625
4.26458333333333
4.39166666666667
4.46041666666667
4.43125
4.26666666666667
4.26458333333333
4.28333333333333
4.27291666666667
4.28125
4.22916666666667
4.34375
4.43333333333333
4.2625
4.14583333333333
4.16875
4.2625
4.32083333333333
4.25208333333333
4.175
4.25208333333333
4.33125
4.36875
4.175
4.29375
4.21041666666667
4.43333333333333
4.25416666666667
4.22916666666667
4.24583333333333
4.42083333333333
4.30208333333333
4.24791666666667
4.18333333333333
4.30625
4.27708333333333
4.36875
4.20208333333333
4.36666666666667
4.28541666666667
4.38125
4.20625
4.28541666666667
4.24375
4.31666666666667
4.19791666666667
4.30416666666667
4.17083333333333
4.49375
4.24583333333333
4.24583333333333
4.11875
4.36666666666667
4.2875
4.25
4.08541666666667
4.375
4.21458333333333
4.32708333333333
4.15208333333333
4.23958333333333
4.26041666666667
4.45
4.26458333333333
4.16875
4.09791666666667
4.5
4.24375
4.3
4.25625
4.41875
4.37083333333333
4.37916666666667
4.20208333333333
4.33125
4.32291666666667
4.28125
4.19791666666667
4.25625
4.30833333333333
4.40208333333333
4.21666666666667
4.25416666666667
4.24583333333333
4.4125
4.25625
4.2375
4.24166666666667
4.35208333333333
4.47083333333333
4.35625
4.0875
4.40416666666667
4.31875
4.45
4.24166666666667
4.26875
4.26875
4.49166666666667
4.21666666666667
4.25625
4.19375
4.47291666666667
4.29791666666667
4.25
4.27291666666667
4.37291666666667
4.28333333333333
4.28333333333333
4.28333333333333
4.39166666666667
4.54375
4.4375
4.30833333333333
4.26458333333333
4.33125
4.38333333333333
4.17083333333333
4.3125
4.34166666666667
