1.83333333333333
1.8
1.75
1.76666666666667
1.75
1.76666666666667
2.06666666666667
1.8
2.21666666666667
1.78333333333333
1.78333333333333
1.86666666666667
1.81666666666667
1.81666666666667
1.75
1.78333333333333
1.75
1.78333333333333
2.06666666666667
1.78333333333333
1.76666666666667
1.88333333333333
1.78333333333333
1.75
1.9
1.8
1.75
1.81666666666667
1.75
1.76666666666667
2.01666666666667
1.76666666666667
1.75
1.8
1.8
1.78333333333333
1.8
1.76666666666667
1.75
1.85
1.81666666666667
1.78333333333333
2.11666666666667
1.78333333333333
1.75
1.8
1.8
1.78333333333333
3.58333333333333
1.76666666666667
2.1
1.8
1.75
1.8
2.01666666666667
1.76666666666667
1.75
1.8
1.96666666666667
1.78333333333333
1.81666666666667
1.76666666666667
1.75
1.7
1.75
1.8
2.03333333333333
1.76666666666667
1.75
1.76666666666667
1.78333333333333
1.8
1.8
1.78333333333333
1.75
1.76666666666667
1.75
1.8
2.06666666666667
1.78333333333333
1.75
1.78333333333333
1.76666666666667
1.81666666666667
1.8
1.8
1.75
1.76666666666667
1.75
1.8
2.05
1.78333333333333
1.76666666666667
1.78333333333333
1.88333333333333
1.83333333333333
1.96666666666667
1.78333333333333
1.75
1.75
1.76666666666667
1.78333333333333
2.03333333333333
1.78333333333333
1.75
1.76666666666667
1.76666666666667
1.76666666666667
1.8
1.8
1.75
1.78333333333333
1.75
1.76666666666667
2.05
1.8
1.75
1.8
1.78333333333333
1.78333333333333
1.8
1.81666666666667
1.78333333333333
1.81666666666667
1.81666666666667
1.8
2.06666666666667
1.78333333333333
1.78333333333333
1.75
1.85
1.76666666666667
1.85
1.78333333333333
1.8
1.8
1.8
1.76666666666667
2.03333333333333
1.78333333333333
1.76666666666667
1.8
1.81666666666667
1.8
1.81666666666667
1.8
1.8
1.76666666666667
1.76666666666667
1.76666666666667
2.03333333333333
2.32692307692308
1.75
1.71666666666667
1.61666666666667
1.61666666666667
1.71666666666667
1.56666666666667
1.56666666666667
1.55
1.58333333333333
1.56666666666667
1.86666666666667
1.55
1.55
1.58333333333333
1.6
1.55
1.61666666666667
1.53333333333333
1.51666666666667
1.55
1.85
1.55
4.75
1.55
1.55
1.55
1.58333333333333
1.51666666666667
1.65
1.55
1.55
1.55
1.55
1.55
1.85
1.51666666666667
1.53333333333333
1.56666666666667
1.6
1.55
1.6
1.55
1.55
1.55
1.55
1.51666666666667
1.88333333333333
1.55
1.55
1.55
1.6
1.51666666666667
1.61666666666667
1.6
1.55
1.55
1.55
1.55
1.85
1.55
1.55
1.5
1.6
1.55
1.61666666666667
1.55
1.55
1.55
1.56666666666667
1.5
1.86666666666667
1.55
1.55
1.55
1.58333333333333
1.55
1.6
1.5
1.55
1.55
1.55
1.55
1.83333333333333
1.55
1.5
1.56666666666667
1.6
1.55
1.6
1.56666666666667
1.55
1.53333333333333
1.51666666666667
1.56666666666667
1.96666666666667
1.55
1.55
1.55
1.58333333333333
1.55
1.56666666666667
1.55
1.55
1.55
1.55
1.55
1.81666666666667
1.58333333333333
1.63333333333333
1.55
1.6
1.55
1.58333333333333
1.53333333333333
1.51666666666667
1.55
1.55
1.55
1.81666666666667
1.53333333333333
1.51666666666667
1.55
1.6
1.55
1.58333333333333
1.55
1.5
1.55
1.55
1.53333333333333
1.85
1.55
1.55
1.51666666666667
1.58333333333333
1.55
