1.53333333333333
1.5
1.5
1.46666666666667
1.5
1.43333333333333
1.6
1.53333333333333
1.53333333333333
1.5
1.5
1.8
1.5
1.46666666666667
1.46666666666667
1.6
1.56666666666667
1.5
1.6
1.43333333333333
1.46666666666667
1.5
1.5
1.73333333333333
1.6
1.46666666666667
1.5
1.5
1.46666666666667
1.46666666666667
1.5
1.46666666666667
1.56666666666667
1.46666666666667
1.46666666666667
1.8
1.5
1.43333333333333
1.46666666666667
1.46666666666667
1.53333333333333
1.46666666666667
1.53333333333333
1.46666666666667
1.5
1.43333333333333
1.5
1.76666666666667
1.46666666666667
1.46666666666667
1.46666666666667
1.5
1.5
1.5
1.43333333333333
1.53333333333333
1.56666666666667
1.43333333333333
1.53333333333333
1.8
1.46666666666667
1.46666666666667
1.46666666666667
1.33333333333333
1.56666666666667
1.5
1.56666666666667
1.46666666666667
1.5
1.5
1.56666666666667
1.83333333333333
1.46666666666667
1.43333333333333
1.5
1.5
1.5
1.5
1.5
1.46666666666667
1.5
1.46666666666667
1.5
1.8
1.46666666666667
1.5
1.56666666666667
1.5
1.56666666666667
1.56666666666667
1.96666666666667
1.5
1.5
1.43333333333333
1.46666666666667
1.8
1.53333333333333
1.46666666666667
1.46666666666667
1.5
1.33333333333333
1.1
1.06666666666667
1.13333333333333
1.03333333333333
1.13333333333333
1.06666666666667
1.4
1.06666666666667
1.1
1.03333333333333
1.1
1.03333333333333
1.13333333333333
1.06666666666667
1.1
1.03333333333333
1.06666666666667
1
1.43333333333333
1.06666666666667
1.13333333333333
1.03333333333333
1
1
1.16666666666667
1.06666666666667
1.13333333333333
1.03333333333333
1
1.03333333333333
1.4
1.1
1.06666666666667
1.1
1.1
1.1
1.1
1.1
1.1
1.06666666666667
1.1
1.1
1.53333333333333
1.13333333333333
1.1
1.06666666666667
1.06666666666667
2.26666666666667
3.23333333333333
1.1
1.1
1.1
1.1
1.1
1.4
1.06666666666667
1.1
1.1
1.06666666666667
1.13333333333333
1.16666666666667
1.13333333333333
1.13333333333333
1.13333333333333
1.13333333333333
1.13333333333333
1.43333333333333
1.1
1.1
1.1
1.1
1.13333333333333
1.46666666666667
1.1
1.1
1.06666666666667
1.13333333333333
1.13333333333333
1.46666666666667
1.13333333333333
1.16666666666667
1.13333333333333
1.16666666666667
1.13333333333333
1.16666666666667
1.13333333333333
1.1
1.1
1.06666666666667
1.13333333333333
1.53333333333333
1.13333333333333
1.13333333333333
1.13333333333333
1.1
1.13333333333333
1.2
1.13333333333333
1.16666666666667
1.1
1.13333333333333
1.13333333333333
1.46666666666667
1.16666666666667
1.13333333333333
1.13333333333333
1.16666666666667
1.1
1.23333333333333
1.13333333333333
1.16666666666667
1.13333333333333
1.13333333333333
1.1
1.43333333333333
1.13333333333333
1.16666666666667
1.13333333333333
1.1
1.1
1.16666666666667
1.1
1.16666666666667
1
1.13333333333333
1.1
1.43333333333333
1.1
1.2
1.03333333333333
1.2
1.1
1.16666666666667
1.06666666666667
1.2
1.03333333333333
1.16666666666667
1.1
1.43333333333333
1.1
1.13333333333333
1.06666666666667
1.13333333333333
1.1
1.16666666666667
1.1
1.2
1.06666666666667
1.16666666666667
1.06666666666667
1.5
1.1
1.13333333333333
1.1
1.16666666666667
1.03333333333333
1.16666666666667
1.1
1.13333333333333
1.1
1.13333333333333
1
1.43333333333333
1.1
1.1
1.1
1.1
1.03333333333333
1.16666666666667
1.06666666666667
1.1
1.1
1.13333333333333
1.1
1.46666666666667
1.46666666666667
1.56666666666667
1.5
1.5
1.46666666666667
1.6
1.46666666666667
1.5
1.43333333333333
1.46666666666667
1.5
1.83333333333333
