2.16666666666667
1.96666666666667
1.96666666666667
2.16666666666667
2
1.96666666666667
2.23333333333333
2.13333333333333
2
2.3
1.96666666666667
2.06666666666667
4.33333333333333
2.13333333333333
1.96666666666667
2.16666666666667
2.2
2.06666666666667
2.26666666666667
2
1.93333333333333
2.2
1.96666666666667
1.96666666666667
2.56666666666667
2.26666666666667
2.16666666666667
2.23333333333333
1.96666666666667
2
2.23333333333333
2
1.96666666666667
2.16666666666667
2
1.96666666666667
2.2
1.96666666666667
1.96666666666667
3.86666666666667
2
2
3.93333333333333
2
1.93333333333333
2.1
2
1.96666666666667
2.16666666666667
2
1.96666666666667
2.2
2.13333333333333
2.13333333333333
2.26666666666667
1.93333333333333
2.03333333333333
2.13333333333333
1.93333333333333
1.96666666666667
2.13333333333333
2
2
2.16666666666667
1.96666666666667
2
3.46666666666667
1.96666666666667
1.96666666666667
2.2
1.9
1.96666666666667
2.2
1.93333333333333
1.96666666666667
2.16666666666667
2
1.96666666666667
2.26666666666667
2.06666666666667
1.96666666666667
2.16666666666667
2
1.9
2.2
1.93333333333333
1.96666666666667
2.2
1.93333333333333
1.93333333333333
2.26666666666667
1.93333333333333
1.96666666666667
2.23333333333333
2
1.96666666666667
2.13333333333333
2
1.96666666666667
2.23333333333333
2
2.2
2.36666666666667
1.93333333333333
1.93333333333333
2.2
2
1.96666666666667
2.16666666666667
1.93333333333333
1.93333333333333
2.13333333333333
2.1
2.2
2.13333333333333
2.06666666666667
2
2.3
2.03333333333333
2.06666666666667
2.2
1.93333333333333
1.96666666666667
2.26666666666667
2.13333333333333
2
2.33333333333333
2.06666666666667
2.7
2.2
1.96666666666667
2.1
2.5
2
1.93333333333333
2.83333333333333
2.56666666666667
3.1
2.9
2.23333333333333
1.86666666666667
2.33333333333333
2.1
1.93333333333333
2.2
2.76666666666667
2
2.6
1.9
2.1
2.6
2.16666666666667
1.93333333333333
2.26666666666667
2.76666666666667
2.7
2.76666666666667
2.43333333333333
2.33333333333333
2.63333333333333
2.2
3.13333333333333
2.73333333333333
3
3.1
2.4
2.16666666666667
2.53333333333333
2.6
2.27272727272727
2.53333333333333
2.46666666666667
1.93333333333333
2.36666666666667
2.9
1.96666666666667
2.3
2.3
2
2.43333333333333
2.43333333333333
1.96666666666667
1.93333333333333
2.83333333333333
2.1
2.33333333333333
2.23333333333333
2.26666666666667
2.1
2.3
1.93333333333333
2.03333333333333
3.625
2.53333333333333
2
2.13333333333333
2.03333333333333
1.93333333333333
2.33333333333333
1.93333333333333
2
2.16666666666667
2.53333333333333
1.93333333333333
2.1
1.93333333333333
2
2.03333333333333
1.93333333333333
2
2.43333333333333
2.36666666666667
2.7
2.2
1.93333333333333
2
2
1.96666666666667
2
2.1
1.96666666666667
2.53333333333333
2.26666666666667
1.9
2
2.13333333333333
1.96666666666667
1.96666666666667
2.16666666666667
1.93333333333333
1.96666666666667
2.63333333333333
1.93333333333333
2.03333333333333
2.2
1.93333333333333
1.93333333333333
2.13333333333333
1.93333333333333
2
2.56666666666667
2.13333333333333
1.93333333333333
2.1
1.9
2
2.16666666666667
2.2
2
2.26666666666667
3.5
2
2.13333333333333
1.93333333333333
1.9
2.03333333333333
1.93333333333333
2.03333333333333
2.1
2.33333333333333
2.2
2.06666666666667
1.93333333333333
2
2.16666666666667
1.93333333333333
2
2
2.03333333333333
2.63333333333333
2.33333333333333
2.03333333333333
1.93333333333333
2.2
1.9
1.96666666666667
2.13333333333333
1.93333333333333
2.4
2.63333333333333
1.86666666666667
1.96666666666667
2.13333333333333
1.93333333333333
2
2.03333333333333
1.86666666666667
2
