2.06666666666667
1.8
1.93333333333333
1.86666666666667
1.93333333333333
1.86666666666667
2.06666666666667
2
2
2.06666666666667
2.06666666666667
2.13333333333333
2.13333333333333
2
2.13333333333333
4.26666666666667
2
1.93333333333333
1.8
2
2
1.93333333333333
1.93333333333333
1.93333333333333
1.93333333333333
2
1.86666666666667
1.86666666666667
1.93333333333333
1.93333333333333
2
2
1.93333333333333
1.86666666666667
1.86666666666667
2.06666666666667
2
1.93333333333333
1.93333333333333
2
1.93333333333333
2
1.86666666666667
1.86666666666667
2
2
1.93333333333333
1.93333333333333
1.93333333333333
1.93333333333333
3
1.8
1.93333333333333
1.86666666666667
2
2
2
2
1.86666666666667
1.93333333333333
1.86666666666667
1.93333333333333
1.93333333333333
1.86666666666667
1.86666666666667
1.86666666666667
2
2.13333333333333
2.13333333333333
2
1.93333333333333
2
1.93333333333333
2
1.93333333333333
1.86666666666667
1.86666666666667
1.93333333333333
1.93333333333333
1.86666666666667
1.86666666666667
2
1.86666666666667
2.13333333333333
2
2
2.06666666666667
1.93333333333333
2
1.93333333333333
1.86666666666667
1.93333333333333
1.86666666666667
1.93333333333333
1.93333333333333
2
2.06666666666667
1.86666666666667
1.86666666666667
1.86666666666667
1.93333333333333
2.13333333333333
1.93333333333333
1.86666666666667
1.86666666666667
1.86666666666667
1.86666666666667
2.13333333333333
1.93333333333333
1.86666666666667
1.86666666666667
1.86666666666667
2
1.93333333333333
1.93333333333333
2.06666666666667
2
2
2
2.06666666666667
2
2
1.93333333333333
2
2
1.86666666666667
1.93333333333333
1.93333333333333
2
2
1.93333333333333
1.93333333333333
2
1.93333333333333
1.93333333333333
2
2
1.93333333333333
1.73333333333333
1.93333333333333
2.06666666666667
2
1.93333333333333
2.06666666666667
2
2
1.86666666666667
2
1.93333333333333
2
1.66666666666667
2
1.93333333333333
1.93333333333333
1.93333333333333
2.06666666666667
1.86666666666667
1.8
1.8
1.93333333333333
1.93333333333333
1.86666666666667
1.8
1.86666666666667
1.93333333333333
2.06666666666667
2.13333333333333
2.2
2
1.86666666666667
2.06666666666667
2
1.8
1.93333333333333
1.93333333333333
1.93333333333333
1.86666666666667
2.06666666666667
2
2.13333333333333
2
1.93333333333333
1.86666666666667
1.86666666666667
1.93333333333333
1.86666666666667
2
2
2
1.93333333333333
2
2.13333333333333
2.06666666666667
2
2
2
1.8
2
2
1.93333333333333
1.93333333333333
2
1.86666666666667
1.93333333333333
4.26666666666667
2
2
1.93333333333333
1.93333333333333
1.93333333333333
2
1.86666666666667
1.93333333333333
1.93333333333333
2
2.13333333333333
1.86666666666667
1.8
1.93333333333333
2.06666666666667
2
2.13333333333333
1.93333333333333
2
1.93333333333333
2
1.93333333333333
2.06666666666667
1.8
1.8
1.93333333333333
1.86666666666667
1.93333333333333
1.8
1.86666666666667
1.86666666666667
1.93333333333333
1.93333333333333
1.8
1.86666666666667
2
1.93333333333333
1.86666666666667
1.93333333333333
1.93333333333333
1.86666666666667
1.93333333333333
2
1.93333333333333
2
1.86666666666667
2
1.93333333333333
1.8
1.86666666666667
2.06666666666667
1.86666666666667
1.86666666666667
2.13333333333333
1.86666666666667
1.86666666666667
1.8
2
2
1.93333333333333
2.06666666666667
2
1.86666666666667
2
2.06666666666667
1.93333333333333
1.93333333333333
2.06666666666667
2.13333333333333
2.06666666666667
2
2
1.86666666666667
2
2.13333333333333
1.86666666666667
1.86666666666667
1.86666666666667
1.93333333333333
1.93333333333333
2
2
2.06666666666667
