2
2.03333333333333
2.03333333333333
2.23333333333333
1.96666666666667
2.36666666666667
2.06666666666667
2.06666666666667
2
2
2
2.23333333333333
2.2
1.9
2.1
2
2
2
2.06666666666667
2.06666666666667
2
1.83333333333333
2.06666666666667
2.26666666666667
2.36666666666667
2.16666666666667
2.23333333333333
2.03333333333333
2.03333333333333
2.13333333333333
2
1.96666666666667
1.93333333333333
2
2.06666666666667
2.2
2.43333333333333
2.4
2
2.1
2.06666666666667
2.2
2.1
2.2
2.03333333333333
1.9
2.23333333333333
2.06666666666667
2.13333333333333
2.16666666666667
2.06666666666667
2.06666666666667
2
2
2.03333333333333
2.16666666666667
2.03333333333333
2.13333333333333
2
2.06666666666667
2.1
2
1.93333333333333
2.2
2.1
2.2
2
2.03333333333333
2
2.03333333333333
2
2
2.13333333333333
2.26666666666667
2.3
2
2.1
3.26666666666667
2
2.03333333333333
2.23333333333333
2.1
2.2
2.03333333333333
2.3
2.16666666666667
2.06666666666667
2.13333333333333
2.13333333333333
2.26666666666667
2
2.3
2.13333333333333
2.1
2.06666666666667
2.16666666666667
2.1
2.33333333333333
2.16666666666667
2.2
2.03333333333333
2.03333333333333
2.06666666666667
2
1.93333333333333
2
2.03333333333333
2.16666666666667
2.06666666666667
2.16666666666667
2.26666666666667
2.26666666666667
2.16666666666667
2.23333333333333
2.13333333333333
2.13333333333333
2.23333333333333
2.13333333333333
2.16666666666667
2
2.13333333333333
2.13333333333333
2.2
2.06666666666667
1.9
2.06666666666667
2.03333333333333
2.73333333333333
2.96666666666667
2.1
2.03333333333333
2
2.23333333333333
2.1
2.23333333333333
2.2
2.1
2.33333333333333
2.16666666666667
2.1
2.1
2.13333333333333
2.36666666666667
1.9
2
2.2
2.33333333333333
2.2
2.03333333333333
2.23333333333333
2.06666666666667
2
2.16666666666667
2.06666666666667
2.23333333333333
1.93333333333333
2.13333333333333
2
2.06666666666667
2.26666666666667
2.03333333333333
2.13333333333333
2.06666666666667
2.1
2.1
1.96666666666667
2
1.96666666666667
2.03333333333333
2.3
2.06666666666667
2.23333333333333
1.96666666666667
2.43333333333333
2.66666666666667
2.16666666666667
2.2
2.2
2.16666666666667
1.8
2
2.16666666666667
2.13333333333333
2.36666666666667
2.23333333333333
2.26666666666667
2.1
1.9
2.06666666666667
2
1.9
1.9
2
1.96666666666667
2.1
2
1.93333333333333
2.03333333333333
2
1.96666666666667
1.96666666666667
2
2.23333333333333
1.8
1.96666666666667
2
2.03333333333333
2
2.1
2.4
2.03333333333333
2.1
2
2.03333333333333
2.1
1.86666666666667
2.06666666666667
2.03333333333333
2
2.16666666666667
2
3.03333333333333
13.6666666666667
7.4
1.96666666666667
2
2
2
2
2
2
2
1.93333333333333
2
2
2
2
2
2
2
2
2
2
1.93333333333333
2
2
1.93333333333333
2
2
2.1
2
2
2
2
2
2
2
2.2
2
2.1
2
2
2.1
1.93333333333333
2
2
2
2
2
2
2
2.2
2
2
2
1.93333333333333
2
2
2.06666666666667
2
2.03333333333333
2
2.16666666666667
2
2
2
2.26666666666667
2
