1.61666666666667
1.58333333333333
1.83333333333333
1.65
1.56666666666667
1.68333333333333
1.65
1.61666666666667
1.6
1.61666666666667
1.63333333333333
1.61666666666667
1.61666666666667
1.65
1.81666666666667
1.65
1.7
1.7
1.6
1.61666666666667
1.65
1.58333333333333
1.61666666666667
1.61666666666667
1.61666666666667
1.61666666666667
1.81666666666667
1.61666666666667
1.61666666666667
1.61666666666667
1.63333333333333
1.61666666666667
1.56666666666667
1.58333333333333
1.63333333333333
1.63333333333333
1.61666666666667
1.63333333333333
1.81666666666667
1.58333333333333
1.6
1.66666666666667
1.58333333333333
1.63333333333333
1.61666666666667
1.6
1.66666666666667
1.63333333333333
1.56666666666667
1.625
1.83333333333333
1.61666666666667
1.65
1.7
1.63333333333333
1.66666666666667
1.66666666666667
1.63333333333333
1.65
1.66666666666667
1.65
1.61666666666667
1.81666666666667
1.6
1.6
1.68333333333333
1.61666666666667
1.66666666666667
1.66666666666667
1.65
1.65
1.61666666666667
1.6
1.6
1.95
1.61666666666667
1.61666666666667
1.83333333333333
1.63333333333333
1.65
1.66071428571429
1.61666666666667
1.63333333333333
1.61666666666667
1.65
1.68333333333333
1.81666666666667
1.63333333333333
1.63333333333333
1.66666666666667
1.65
1.61666666666667
1.6
1.63333333333333
1.61666666666667
1.61666666666667
1.65
1.7
1.83333333333333
1.61666666666667
1.58333333333333
1.5
1.5
1.51666666666667
1.5
1.5
1.5
1.5
1.58333333333333
1.96666666666667
1.7
1.5
1.5
1.5
1.5
1.5
1.5
1.5
1.5
1.5
1.5
1.51666666666667
1.68333333333333
1.5
1.5
1.5
1.5
1.5
1.5
1.5
1.5
1.5
1.5
1.5
1.7
1.5
1.5
1.5
1.5
1.5
1.5
1.5
1.5
1.5
1.65
1.5
1.7
1.51666666666667
2.65
2.25
1.5
1.7
1.5
1.5
1.5
1.51666666666667
1.5
1.53333333333333
1.68333333333333
1.5
1.5
1.51666666666667
1.5
1.53333333333333
1.5
1.5
1.5
1.5
1.53333333333333
1.5
1.68333333333333
1.5
1.5
1.55
1.5
1.5
1.5
1.5
1.5
1.5
1.5
1.5
1.68333333333333
1.5
1.5
1.53333333333333
1.5
1.5
1.5
1.5
1.5
1.5
1.5
1.5
1.7
1.55
1.5
1.5
1.5
1.5
1.5
1.5
1.55
1.5
1.5
1.5
1.76666666666667
1.5
1.5
1.5
1.5
1.53333333333333
1.5
1.5
1.5
1.5
1.5
1.53333333333333
1.7
1.5
1.51666666666667
1.5
1.5
1.53333333333333
1.5
1.5
1.5
1.5
1.5
1.53333333333333
1.7
1.5
1.5
1.5
1.55
1.51666666666667
1.5
1.5
1.5
1.5
1.5
1.56666666666667
1.73333333333333
1.5
1.5
1.5
1.5
1.5
1.5
1.5
1.5
1.5
1.5
1.6
1.7
1.5
1.5
1.5
1.48333333333333
1.5
1.5
1.5
1.46666666666667
1.46666666666667
1.41666666666667
1.45
1.66666666666667
1.55
1.5
1.48333333333333
1.46666666666667
1.5
1.5
1.5
1.5
1.5
1.58333333333333
1.51666666666667
1.75
1.55
1.55
1.56666666666667
1.51666666666667
1.55
1.55
1.55
1.55
1.55
