1.35
1.31666666666667
1.31666666666667
1.3
1.26666666666667
1.56666666666667
1.33333333333333
1.3
1.31666666666667
1.31666666666667
1.31666666666667
1.5
1.45
1.5
1.3
1.28333333333333
1.51666666666667
1.53333333333333
1.33333333333333
1.31666666666667
1.31666666666667
1.3
1.28333333333333
1.48333333333333
1.33333333333333
1.5
1.48333333333333
1.31666666666667
1.33333333333333
1.45
1.28333333333333
1.26666666666667
1.3
1.31666666666667
1.31666666666667
1.51666666666667
1.31666666666667
1.31666666666667
1.31666666666667
1.28333333333333
1.3
1.41666666666667
1.31666666666667
1.31666666666667
1.38333333333333
1.33333333333333
1.36666666666667
1.58333333333333
1.26666666666667
1.28333333333333
1.31666666666667
1.33333333333333
1.31666666666667
1.43333333333333
1.31666666666667
1.36666666666667
1.3
1.26666666666667
1.31666666666667
1.55
1.31666666666667
1.31666666666667
1.31666666666667
1.33333333333333
1.31666666666667
1.43333333333333
1.28333333333333
1.28333333333333
1.31666666666667
1.33333333333333
1.3
1.48333333333333
1.31666666666667
1.31666666666667
1.25
1.28333333333333
1.36666666666667
1.4
1.31666666666667
1.3
1.33333333333333
1.31666666666667
1.31666666666667
1.46666666666667
1.31666666666667
1.35
1.3
1.3
1.3
1.45
1.28333333333333
1.3
1.25
1.33333333333333
1.3
1.53333333333333
1.35
1.36666666666667
1.3
1.35
1.23333333333333
1.23333333333333
1.11666666666667
1.08333333333333
1.06666666666667
1.05
1.1
1.25
1.08333333333333
1.05
1.1
1.05
1.05
1.18333333333333
1.18333333333333
1.05
1.05
1.05
1.11666666666667
1.25
1.08333333333333
1.05
1.11666666666667
1.11666666666667
1.1
1.16666666666667
1.06666666666667
1.1
1.05
1.05
1.05
1.26666666666667
1.08333333333333
1.15
1.05
1.18333333333333
1.05
1.2
1.08333333333333
1.15
1.06666666666667
1.1
1.05
1.3
1.16666666666667
1.1
1.1
1.1
1.06666666666667
1.23333333333333
1.08333333333333
1.35
1.28333333333333
1.1
1.05
1.25
1.13333333333333
1.1
1.05
1.11666666666667
1.08333333333333
1.28333333333333
1.2
1.11666666666667
1.05
1.15
1.05
1.28333333333333
1.1
1.15
1.05
1.11666666666667
1.05
1.26666666666667
1.1
1.11666666666667
1.06666666666667
1.15
1.11666666666667
1.3
1.08333333333333
1.16666666666667
1.16666666666667
1.1
1.06666666666667
1.2
1.2
1.11666666666667
1.05
1.1
1.13333333333333
1.3
1.06666666666667
1.15
1.16666666666667
1.2
1.05
1.21666666666667
1.05
1.13333333333333
1.08333333333333
1.11666666666667
1.05
1.35
1.05
1.13333333333333
1.05
1.21666666666667
1.08333333333333
1.3
1.06666666666667
1.16666666666667
1.05
1.08333333333333
1.05
1.36666666666667
1.13333333333333
1.13333333333333
1.05
1.08333333333333
1.11666666666667
1.21666666666667
1.08333333333333
1.08333333333333
1.13333333333333
1.08333333333333
1.05
1.35
1.16666666666667
1.08333333333333
1.05
1.13333333333333
1.13333333333333
1.23333333333333
1.1
1.08333333333333
1.05
1.26666666666667
1.06666666666667
1.33333333333333
1.08333333333333
1.18333333333333
1.05
1.06666666666667
1.11666666666667
1.26666666666667
1.1
1.08333333333333
1.1
1.16666666666667
1.06666666666667
1.3
1.08333333333333
1.18333333333333
1.11666666666667
1.08333333333333
1.1
1.48333333333333
1.38333333333333
1.36666666666667
1.3
1.35
1.3
1.51666666666667
1.3
1.36666666666667
1.3
1.35
1.3
1.43333333333333
1.33333333333333
1.43333333333333
1.3
1.35
1.3
1.55
1.48333333333333
1.56666666666667
1.55
1.6
1.51666666666667
1.63333333333333
1.5
1.53333333333333
1.58333333333333
1.56666666666667
1.5
1.76666666666667
