1.46666666666667
1.36666666666667
1.43333333333333
1.36666666666667
2
1.5
1.5
1.43333333333333
1.5
1.5
1.43333333333333
1.5
1.46666666666667
1.5
1.46666666666667
1.46666666666667
1.93333333333333
1.43333333333333
1.46666666666667
1.4
1.5
1.46666666666667
1.5
1.43333333333333
1.43333333333333
1.46666666666667
1.4
1.43333333333333
1.9
1.46666666666667
1.46666666666667
1.5
1.5
1.43333333333333
1.46666666666667
1.46666666666667
1.53333333333333
1.5
1.5
1.46666666666667
1.9
1.5
1.5
1.4
1.43333333333333
1.46666666666667
1.46666666666667
1.46666666666667
1.43333333333333
1.46666666666667
1.46666666666667
1.4
1.9
1.5
1.5
1.46666666666667
1.5
1.4
1.4
1.46666666666667
1.43333333333333
1.4
1.43333333333333
1.43333333333333
1.96666666666667
1.76666666666667
1.46666666666667
1.46666666666667
1.5
1.46666666666667
1.46666666666667
1.5
1.46666666666667
1.46666666666667
1.46666666666667
1.43333333333333
1.96666666666667
1.5
1.46666666666667
1.4
1.53333333333333
1.43333333333333
1.5
1.46666666666667
1.5
1.46666666666667
1.5
1.43333333333333
1.9
1.63333333333333
2.06666666666667
1.4
1.5
1.43333333333333
1.46666666666667
1.43333333333333
1.43333333333333
1.4
1.43333333333333
1.43333333333333
1.86666666666667
1.1
1
1
1
1
1.06666666666667
1
1
1
1
1
1.5
1.1
1
1
1
1
1.1
1
1
1
1.03333333333333
1
1.6
1.13333333333333
1.1
1
1
1
1
1
1
1
1
1
1.5
1.1
1
1
1.1
1
1.03333333333333
1
1.03333333333333
1
1.06666666666667
1.03333333333333
3.16666666666667
1.7
1.03333333333333
1
1.03333333333333
4
3
1.03333333333333
1.06666666666667
1
1.03333333333333
1
1.56666666666667
1.1
1.06666666666667
1
1.06666666666667
1
1.06666666666667
1.03333333333333
1.06666666666667
1.03333333333333
1.06666666666667
1.03333333333333
1.56666666666667
1.1
1.06666666666667
1.03333333333333
1.06666666666667
1.03333333333333
1.03333333333333
1.03333333333333
1.03333333333333
1.03333333333333
1.03333333333333
1.03333333333333
1.53333333333333
1.1
1
1.03333333333333
1.03333333333333
1.03333333333333
1
1.03333333333333
1.06666666666667
1.03333333333333
1.03333333333333
1.03333333333333
1.5
1.1
1
1.03333333333333
1
1
1
1.03333333333333
1
1
1
1
1.5
1.1
1.03333333333333
1.03333333333333
1
1
1.03333333333333
1.06666666666667
1
1
1.03333333333333
1
1.5
1.1
1
1
1.03333333333333
1
1
1.06666666666667
1
1
1.03333333333333
1
1.53333333333333
1.1
1
1
1
1
1
1.06666666666667
1.03333333333333
1.06666666666667
1.03333333333333
1
1.5
1.1
1
1
1.03333333333333
1
1.03333333333333
1.06666666666667
1.03333333333333
1.06666666666667
1.03333333333333
1.06666666666667
1.53333333333333
1.33333333333333
1.16666666666667
1.13333333333333
1.13333333333333
1.16666666666667
1.16666666666667
1.43333333333333
1.26666666666667
1.33333333333333
1.26666666666667
1.06666666666667
1.53333333333333
1.13333333333333
1.03333333333333
1.1
1.03333333333333
1.06666666666667
1.06666666666667
1.13333333333333
1.4
1.5
1.5
1.6
2
1.6
1.5
1.5
1.5
1.53333333333333
1.5
1.6
