3.4
2.73333333333333
3.4
2.4
2.3
2.5
2.4
2.5
2.4
2.3
2.46666666666667
2.3
3.4
2.3
3.33333333333333
2.56666666666667
2.5
2.46666666666667
2.5
2.6
2.56666666666667
2.5
2.4
2.43333333333333
3
2.43333333333333
3.4
2.3
2.5
2.3
2.5
3.03333333333333
3
2.3
2.5
2.3
3.06666666666667
2.4
3.4
2.4
2.4
2.33333333333333
2.43333333333333
2.5
2.46666666666667
2.3
2.46666666666667
2.3
2.9
2.4
3.5
2.33333333333333
2.53333333333333
2.4
2.26666666666667
2.4
2.56666666666667
2.46666666666667
2.6
2.3
2.83333333333333
2.4
3.3
2.56666666666667
2.4
2.5
2.5
2.5
2.5
2.4
2.5
2.4
2.93333333333333
2.4
3.5
2.4
2.5
2.46666666666667
2.4
2.3
2.4
2.2
2.33333333333333
2.4
2.8
2.53333333333333
3.3
2.23333333333333
2.3
2.3
2.46666666666667
2.26666666666667
2.4
2.2
2.33333333333333
2.4
2.8
2.3
3.4
2.3
2.3
2.3
2.2
2.6
2.6
2.3
2.4
2.5
2.9
2.36666666666667
3.36666666666667
2.36666666666667
2.3
2.63333333333333
2.56666666666667
2.3
2.63333333333333
2.6
2.43333333333333
2.36666666666667
3.1
2.76666666666667
3.46666666666667
2.4
2.33333333333333
2.56666666666667
2.56666666666667
2.7
2.8
2.33333333333333
2.43333333333333
2.5
2.86666666666667
2.5
3.33333333333333
2.6
2.73333333333333
2.8
2.86666666666667
2.6
2.73333333333333
2.6
2.63333333333333
2.56666666666667
2.86666666666667
2.4
3.36666666666667
2.7
2.4
2.5
2.4
2.5
2.8
2.6
2.46666666666667
2.5
3.13333333333333
2.6
3.5
2.43333333333333
2.66666666666667
2.56666666666667
2.4
2.63333333333333
2.6
3.63333333333333
3.83333333333333
4
4.66666666666667
3.33333333333333
4.1
2.96666666666667
2.56666666666667
2.83333333333333
2.83333333333333
2.86666666666667
2.73333333333333
2.73333333333333
2.6
2.7
3.26666666666667
2.66666666666667
3.6
2.63333333333333
2.5
2.8
7.2
3.8
2.96666666666667
2.9
2.5
2.5
3.03333333333333
2.53333333333333
3.73333333333333
2.6
9.63333333333333
11.9
4.6
2.43333333333333
2.6
2.5
2.76666666666667
2.56666666666667
3.1
2.6
3.76666666666667
2.9
2.46666666666667
2.56666666666667
2.43333333333333
2.5
2.5
2.46666666666667
2.5
2.46666666666667
3.03333333333333
2.53333333333333
3.6
2.43333333333333
2.56666666666667
2.36666666666667
2.3
2.5
2.33333333333333
2.43333333333333
2.43333333333333
2.3
2.9
2.3
3.5
2.36666666666667
2.4
2.5
2.46666666666667
2.63333333333333
2.46666666666667
2.4
2.36666666666667
2.2
2.8
2.4
3.4
2.3
2.23333333333333
2.4
5.33333333333333
16.4583333333333
17.6666666666667
9.46666666666667
2.43333333333333
2.33333333333333
3.66666666666667
2.43333333333333
3.5
2.5
2.43333333333333
2.33333333333333
2.33333333333333
2.8
2.53333333333333
2.3
2.3
2.2
3.9
2.46666666666667
3.3
2.4
2.33333333333333
2.56666666666667
2.4
2.4
2.36666666666667
2.23333333333333
2.36666666666667
2.3
2.8
2.43333333333333
3.3
2.5
2.36666666666667
2.4
2.3
2.5
2.46666666666667
2.5
2.4
2.5
