1.63333333333333
1.63333333333333
1.6375
1.6375
1.65416666666667
1.69583333333333
1.67083333333333
1.67083333333333
1.64166666666667
1.62916666666667
1.6625
1.6625
1.6125
1.64166666666667
1.61666666666667
1.64166666666667
1.6625
1.6875
1.67916666666667
1.67083333333333
1.63333333333333
1.625
1.6625
1.65416666666667
1.625
1.625
1.65416666666667
1.65
1.65833333333333
1.76666666666667
1.72083333333333
1.725
1.70416666666667
1.6875
1.74583333333333
1.69166666666667
1.69583333333333
1.67916666666667
1.68333333333333
1.70416666666667
1.7125
1.75
1.71666666666667
1.72916666666667
1.69166666666667
1.7
1.74166666666667
1.7125
1.7
1.6875
1.69583333333333
1.69166666666667
1.7125
1.74166666666667
1.71666666666667
1.73333333333333
1.7
1.69166666666667
1.72083333333333
1.70416666666667
1.69166666666667
1.69166666666667
1.69166666666667
1.7
1.7125
1.73333333333333
1.71666666666667
1.73333333333333
1.7125
1.68333333333333
1.72083333333333
1.71666666666667
1.675
1.7
1.7
1.69583333333333
1.85416666666667
1.84583333333333
1.77083333333333
1.8625
1.7
1.81666666666667
1.79583333333333
1.825
1.6875
1.8875
1.69583333333333
1.89166666666667
1.70416666666667
1.92916666666667
1.7
1.91666666666667
1.70416666666667
1.87083333333333
1.71666666666667
1.9125
1.6875
1.89583333333333
1.7
1.88333333333333
1.69583333333333
1.70416666666667
1.65833333333333
1.67916666666667
1.66666666666667
1.63333333333333
1.69583333333333
1.6375
1.9
1.71666666666667
1.70416666666667
1.70833333333333
1.75
1.77083333333333
1.73333333333333
1.75416666666667
1.74166666666667
1.7125
1.75
1.74583333333333
1.73333333333333
1.70833333333333
1.70416666666667
1.7125
1.75
1.7375
1.74583333333333
2.01666666666667
1.89583333333333
3.56666666666667
1.94583333333333
1.775
1.75
1.74583333333333
1.72916666666667
1.75833333333333
1.77916666666667
1.7875
1.75
1.79166666666667
1.7375
1.73333333333333
1.7375
1.77083333333333
1.72083333333333
1.71666666666667
1.725
1.72083333333333
2.09166666666667
1.9875
1.69583333333333
1.85416666666667
1.73333333333333
1.71666666666667
1.71666666666667
1.74166666666667
1.70416666666667
1.69583333333333
1.69583333333333
1.7125
1.71666666666667
1.7375
1.675
1.7375
1.69583333333333
1.67916666666667
1.70416666666667
1.71666666666667
1.69583333333333
1.675
1.6875
1.7
1.7
1.79166666666667
1.675
1.725
1.68333333333333
1.67083333333333
1.69583333333333
1.69583333333333
1.68333333333333
1.6625
1.6875
1.67083333333333
1.70833333333333
1.71666666666667
1.6875
1.7375
1.67083333333333
1.6625
1.69166666666667
1.6875
1.675
1.6625
1.69166666666667
1.67916666666667
1.69583333333333
1.70416666666667
1.67916666666667
1.725
1.67083333333333
1.65833333333333
1.7
1.69166666666667
1.65416666666667
1.67916666666667
1.6625
1.67083333333333
1.725
1.70416666666667
1.675
1.71666666666667
1.68333333333333
1.675
1.6875
1.69583333333333
1.66666666666667
1.68333333333333
1.67083333333333
1.67083333333333
1.70416666666667
1.71666666666667
1.65833333333333
1.73333333333333
1.67083333333333
1.6625
1.68333333333333
1.70833333333333
1.65
1.66666666666667
1.66666666666667
1.67916666666667
1.70416666666667
1.71666666666667
1.67083333333333
1.7125
1.64583333333333
1.6625
1.70833333333333
1.69166666666667
1.675
1.67083333333333
1.64166666666667
1.65416666666667
1.68333333333333
1.70833333333333
1.65416666666667
1.72083333333333
1.65416666666667
1.65416666666667
1.65833333333333
1.72916666666667
1.675
1.65
1.66666666666667
1.65833333333333
1.68333333333333
1.70833333333333
1.6625
1.725
1.67083333333333
1.64583333333333
1.66666666666667
1.68333333333333
1.64583333333333
1.64583333333333
1.65833333333333
1.65
1.675
1.70416666666667
1.65
1.72916666666667
1.6875
1.65833333333333
1.67083333333333
1.7
1.88333333333333
1.69583333333333
1.8875
1.7125
1.9125
1.74166666666667
1.87083333333333
1.7625
1.9
1.68333333333333
1.7
1.925
