2.66666666666667
2.56666666666667
2.64285714285714
3.03333333333333
2.66666666666667
2.7
2.73333333333333
2.66666666666667
2.7
2.56666666666667
2.53333333333333
2.5
2.5
2.57142857142857
2.6
3
2.5
2.7
2.66666666666667
2.53333333333333
2.56666666666667
2.66666666666667
2.53333333333333
2.5
2.5
2.46666666666667
2.6
3.03333333333333
2.64285714285714
2.6
3.6
25.7666666666667
3.76666666666667
3.8
3.86666666666667
3.66666666666667
3.66666666666667
3.43333333333333
3.56666666666667
4.1
3.4
3.6
3.43333333333333
3.33333333333333
3.33333333333333
4.1
3.3
3.93333333333333
3.96666666666667
3.23333333333333
5.13333333333333
3.8
4.36666666666667
3.66666666666667
3.6
4.66666666666667
3.73333333333333
3.16666666666667
3.16666666666667
3.2
3.16666666666667
3
3.2
3.76666666666667
3
3.1
3.1
3.03333333333333
3.13333333333333
3.1
3.03333333333333
3.06666666666667
3.16666666666667
3.03333333333333
3.03571428571429
3.53333333333333
3
3.1
3
2.96666666666667
3
3.03333333333333
2.9
3
3
2.93333333333333
3.13333333333333
3.46666666666667
2.93333333333333
3.06666666666667
2.96666666666667
2.9
3
2.96666666666667
3.06666666666667
2.9
2.9
2.96666666666667
2.9
3.36666666666667
2.86666666666667
2.6
2.56666666666667
2.6
2.6
2.56666666666667
2.56666666666667
2.6
2.6
2.6
2.56666666666667
3.03333333333333
2.56666666666667
2.6
2.6
2.63333333333333
2.53333333333333
2.56666666666667
2.63333333333333
2.53333333333333
2.53333333333333
2.63333333333333
2.56666666666667
3.1
2.6
2.56666666666667
2.5
2.6
2.5
2.5
2.56666666666667
2.53333333333333
2.53333333333333
2.53333333333333
2.5
3.06666666666667
2.53333333333333
2.53333333333333
2.5
2.6
2.5
2.53333333333333
2.6
2.56666666666667
2.6
2.5
2.53333333333333
3.06666666666667
2.5
3.23333333333333
2.56666666666667
2.53333333333333
2.53333333333333
2.53333333333333
2.5
2.5
2.6
2.53333333333333
2.46666666666667
3.1
2.53333333333333
2.53333333333333
2.56666666666667
2.53333333333333
2.46666666666667
2.6
2.5
2.5
2.6
2.53333333333333
2.46666666666667
3.03333333333333
2.46666666666667
2.53333333333333
2.53333333333333
2.43333333333333
2.5
2.56666666666667
2.46666666666667
2.5
2.56666666666667
2.46666666666667
2.53333333333333
3.06666666666667
2.5
2.56666666666667
2.56666666666667
2.46666666666667
2.53333333333333
2.6
2.46666666666667
2.46666666666667
2.53333333333333
2.46666666666667
2.53333333333333
2.96666666666667
2.53333333333333
2.56666666666667
2.56666666666667
2.5
2.56666666666667
2.53333333333333
2.5
2.53333333333333
4.5
3
2.7
3.13333333333333
2.53333333333333
2.6
2.56666666666667
2.53333333333333
2.53333333333333
2.4
2.53333333333333
2.53333333333333
2.53333333333333
2.53333333333333
2.46666666666667
2.9
2.46666666666667
2.43333333333333
2.36666666666667
2.36666666666667
2.4
2.3
2.4
2.46666666666667
2.53333333333333
2.56666666666667
2.43333333333333
3
2.46666666666667
2.56666666666667
2.43333333333333
2.46666666666667
2.5
2.43333333333333
3.06666666666667
7.3
7.8
3.43333333333333
2.53333333333333
3.23333333333333
9.33333333333333
10.7666666666667
2.73333333333333
2.86666666666667
2.86666666666667
2.93333333333333
3.63333333333333
3.96666666666667
3.73333333333333
8.46666666666667
7.16666666666667
8.26666666666667
7.93333333333333
10.7666666666667
11.0666666666667
6
6.83333333333333
9.56666666666667
11.9333333333333
12.2333333333333
12.2
12.6666666666667
11.2333333333333
3
2.63333333333333
7.93333333333333
13.9666666666667
16.4666666666667
9.5
17.3333333333333
7.86666666666667
8.53333333333333
8.86666666666667
3.4
12.0666666666667
4.06666666666667
3.16666666666667
3.1
3.06666666666667
3
3.06666666666667
3.46666666666667
3.03333333333333
7.33333333333333
