1.13333333333333
1.2
1.14166666666667
1.26666666666667
1.14166666666667
1.175
1.14166666666667
1.15
1.14166666666667
1.15
1.15
1.16666666666667
1.15
1.14166666666667
1.15
1.225
1.13333333333333
1.175
1.13333333333333
1.15
1.14166666666667
1.16666666666667
1.15
1.15
1.125
1.15
1.125
1.23333333333333
1.14166666666667
1.175
1.125
1.14166666666667
1.125
1.14166666666667
1.125
1.14166666666667
1.13333333333333
1.15833333333333
1.15
1.24166666666667
1.13333333333333
1.13333333333333
1.13333333333333
1.14166666666667
1.11666666666667
1.125
1.15
1.16666666666667
1.13333333333333
1.14166666666667
1.13333333333333
1.20833333333333
1.13333333333333
1.15833333333333
1.13333333333333
1.15
1.15
1.13333333333333
1.14166666666667
1.125
1.13333333333333
1.15833333333333
1.14166666666667
1.20833333333333
1.15
1.16666666666667
1.125
1.125
1.14166666666667
1.14166666666667
1.125
1.125
1.15833333333333
1.15
1.15833333333333
1.20833333333333
1.13333333333333
1.14166666666667
1.14166666666667
1.125
1.14166666666667
1.13333333333333
1.14166666666667
1.125
1.15833333333333
1.15833333333333
1.14166666666667
1.20833333333333
1.14166666666667
1.13333333333333
1.14166666666667
1.13333333333333
1.14166666666667
1.125
1.15833333333333
1.125
1.15833333333333
1.13333333333333
1.13333333333333
1.225
1.11666666666667
1.025
1.04166666666667
1.00833333333333
1.05
1
1.03333333333333
1
1.03333333333333
1
1.05
1.1
1.03333333333333
1.025
1.03333333333333
1
1.05
1
1.03333333333333
1
1.05
1
1.04166666666667
1.1
1.06666666666667
1.05833333333333
1.03333333333333
1
1.05
1
1.04166666666667
1.01666666666667
1.09166666666667
1.05
1.05
1.125
1.08333333333333
1.16666666666667
1.08333333333333
1.025
1.05
1.05
1.04166666666667
1.025
1.04166666666667
1.025
1.04166666666667
1.125
1.06666666666667
1.075
1.05
1.05
1.05
1.16666666666667
1.09166666666667
1.025
1.05
1.025
1.05
1.11666666666667
1.05833333333333
1.075
1.075
1.025
1.05
1.025
1.05833333333333
1.025
1.05
1.025
1.05
1.125
1.05
1.05
1.05
1.025
1.05
1.025
1.05
1.025
1.05
1.025
1.05
1.125
1.05
1.05
1.05
1.025
1.05
1.025
1.05
1.025
1.05
1.025
1.05
1.11666666666667
1.05
1.05
1.05
1.025
1.05
1.025
1.05
1.025
1.075
1.025
1.04166666666667
1.11666666666667
1.05
1.04166666666667
1.05
1.025
1.05
1.025
1.05
1.025
1.05833333333333
1.04166666666667
1.05
1.125
1.05
1.05
1.05
1.025
1.05
1.025
1.05
1.025
1.05
1.04166666666667
1.05
1.125
1.05
1.05
1.06666666666667
1.025
1.05
1.025
1.075
1.03333333333333
1.05
1.025
1.06666666666667
1.1
1.05
1.05
1.04166666666667
1.025
1.025
1.025
1.04166666666667
1.04166666666667
1.05833333333333
1.025
1.05
1.13333333333333
1.05
1.15
1.075
1.04166666666667
1.05
1.075
1.075
1.075
1.05833333333333
1.05833333333333
1.075
1.16666666666667
1.05833333333333
1.05833333333333
1.05
1.025
1.06666666666667
1.025
1.14166666666667
1.025
1.20833333333333
1.21666666666667
1.3
1.31666666666667
1.20833333333333
1.16666666666667
1.15833333333333
1.14166666666667
1.225
1.18333333333333
1.15
1.15
