3.53333333333333
3
3
3
3
3
3.2
3
4.06666666666667
2.86666666666667
2.86666666666667
2.93333333333333
3.13333333333333
3.13333333333333
2.86666666666667
3
3
2.93333333333333
2.93333333333333
2.86666666666667
3
3
3
3
3.06666666666667
3
3
2.93333333333333
3.06666666666667
3
3
3
3
3.13333333333333
3.6
2.93333333333333
2.93333333333333
2.93333333333333
3
2.92307692307692
3
3
2.93333333333333
3.06666666666667
3
3
2.86666666666667
2.93333333333333
3
3
2.86666666666667
2.93333333333333
2.86666666666667
2.86666666666667
2.93333333333333
2.73333333333333
2.86666666666667
2.93333333333333
3
2.93333333333333
3.06666666666667
3
2.93333333333333
3
2.8
3
2.86666666666667
3
2.86666666666667
2.93333333333333
2.93333333333333
2.86666666666667
2.86666666666667
2.93333333333333
3.06666666666667
2.93333333333333
2.93333333333333
2.93333333333333
2.93333333333333
2.93333333333333
2.93333333333333
2.86666666666667
2.86666666666667
3
2.93333333333333
3
3
3
3
3.2
2.86666666666667
2.86666666666667
2.93333333333333
2.93333333333333
2.93333333333333
2.86666666666667
2.93333333333333
3
2.86666666666667
2.86666666666667
2.86666666666667
2.93333333333333
2.86666666666667
2.8
2.86666666666667
3.06666666666667
2.93333333333333
2.86666666666667
3
2.86666666666667
3
2.8
3
2.93333333333333
3.13333333333333
2.93333333333333
2.93333333333333
2.8
2.86666666666667
2.93333333333333
3.33333333333333
2.93333333333333
2.93333333333333
3
2.93333333333333
2.86666666666667
2.93333333333333
2.8
2.86666666666667
2.86666666666667
2.93333333333333
2.86666666666667
3.13333333333333
2.86666666666667
2.93333333333333
3.06666666666667
2.8
2.86666666666667
2.86666666666667
2.86666666666667
3
3
3
2.86666666666667
2.86666666666667
2.86666666666667
2.93333333333333
2.86666666666667
2.93333333333333
3
3
3.06666666666667
3
2.86666666666667
2.86666666666667
2.93333333333333
3.06666666666667
3
2.86666666666667
2.93333333333333
2.93333333333333
3
2.93333333333333
2.86666666666667
2.86666666666667
3
3.13333333333333
2.86666666666667
3.06666666666667
5.2
2.93333333333333
2.93333333333333
2.93333333333333
2.86666666666667
2.93333333333333
2.8
2.6
3
3
3
2.8
3.06666666666667
2.93333333333333
2.93333333333333
2.93333333333333
2.93333333333333
2.86666666666667
2.93333333333333
2.93333333333333
2.73333333333333
2.93333333333333
3
2.93333333333333
2.93333333333333
3
3
3
3.06666666666667
3
3
3
3
3
2.86666666666667
3
2.8
2.86666666666667
2.86666666666667
2.93333333333333
2.93333333333333
2.93333333333333
2.93333333333333
2.86666666666667
3
2.86666666666667
2.93333333333333
2.93333333333333
2.86666666666667
2.93333333333333
2.93333333333333
3
2.86666666666667
3
3
2.93333333333333
3
3
3.2
3.06666666666667
2.93333333333333
3
3
3
2.86666666666667
2.93333333333333
2.86666666666667
2.93333333333333
3
3
2.86666666666667
3.13333333333333
3
3
3.06666666666667
3
3
2.93333333333333
2.93333333333333
3
3
3
3
3.13333333333333
2.93333333333333
3
3
3
3
3.2
3
2.93333333333333
2.93333333333333
3
2.93333333333333
3.06666666666667
3
2.93333333333333
3
3
3
2.93333333333333
3
3
3.2
3
2.93333333333333
3.2
3
3.2
3
3
2.93333333333333
2.93333333333333
3
3
3
2.93333333333333
2.93333333333333
