2
2.26666666666667
2.03333333333333
2.2
2.13333333333333
2.23333333333333
5.6
11.2
4.33333333333333
2.3
3.2
3.06666666666667
8.13333333333333
11.9333333333333
7.23333333333333
15.9333333333333
2.6
9.5
10
8.13333333333333
7.93333333333333
3.3
3.06666666666667
4.56666666666667
3.1
3.26666666666667
3.1
5
3.26666666666667
4.33333333333333
3.33333333333333
3.26666666666667
3.03333333333333
3.83333333333333
3
3.2
3
4.73333333333333
3.1
3.2
3.13333333333333
4.3
3
3.4
3.03333333333333
3.2
3
3.2
3
3.26666666666667
3.83333333333333
3.2
3
3.3
3
3.26666666666667
3.03333333333333
3.2
3.23333333333333
3.23333333333333
3
3.23333333333333
3.06666666666667
3.9
3
3.3
3
3.26666666666667
3.83333333333333
3.2
3.86666666666667
3.3
3.5
3.26666666666667
3.06666666666667
3.2
3
5.7
3.53333333333333
3.36666666666667
3.03333333333333
3.83333333333333
3
3.2
3.2
3.4
5.83333333333333
3.2
4.36666666666667
3.76666666666667
3.16666666666667
3.33333333333333
3.5
3.23333333333333
3
3.63333333333333
3.06666666666667
3.33333333333333
3.03333333333333
3.2
3.56666666666667
3.2
3
3.26666666666667
3.03333333333333
3.2
3
3.2
3.86666666666667
3.96666666666667
3.03333333333333
3.23333333333333
3.4
3.5
3
3.26666666666667
3.03333333333333
3.53333333333333
3
4
3.2
3.26666666666667
3.03333333333333
3.2
3.06666666666667
3.5
3.06666666666667
3.26666666666667
3.03333333333333
3.2
3.13333333333333
3.2
3
3.26666666666667
3.03333333333333
3.2
3
3.3
3.4
3.76666666666667
3.03333333333333
3.2
3.16666666666667
3.3
3
3.26666666666667
3.1
3.33333333333333
3.1
3.36666666666667
3
3.26666666666667
3.03333333333333
3.2
3
3.2
3.23333333333333
4.03333333333333
3.03333333333333
3.2
3.03333333333333
3.33333333333333
3
3.3
3.8
3.2
3
3.2
3
3.23333333333333
3.23333333333333
3.2
4.33333333333333
3.3
3
3.56666666666667
3.03333333333333
4.36666666666667
3
3.73333333333333
3
3.26666666666667
3.06666666666667
3.2
3.03333333333333
3.36666666666667
3
3.23333333333333
3.03333333333333
3.23333333333333
3.03333333333333
3.13333333333333
3.06666666666667
3.8
3.2
3.13333333333333
3.1
3.26666666666667
3.06666666666667
3.16666666666667
3.13333333333333
3.13333333333333
3.06666666666667
3.13333333333333
3.06666666666667
3.13333333333333
3.23333333333333
3.06666666666667
4.06666666666667
4.23333333333333
4
9.83333333333333
5.76666666666667
4.6
10.8333333333333
5.36666666666667
3.63333333333333
3.56666666666667
3.8
5.6
13.6
13.2333333333333
6.56666666666667
7.56666666666667
4.83333333333333
6.16666666666667
8.56666666666667
7.76666666666667
8.1
6.1
8.93333333333333
5.93333333333333
4.2
4.1
6.76666666666667
5.86666666666667
7.3
4.1
5.8
8.46666666666667
5.73333333333333
4.2
8
5.26666666666667
7.63333333333333
7.16666666666667
4.2
4.16666666666667
4.23333333333333
4
4.2
4
4.2
7.93333333333333
4.83333333333333
4.03333333333333
5.36666666666667
4.13333333333333
4.23333333333333
4.06666666666667
4.23333333333333
4
4.2
4
4.2
4.13333333333333
4.26666666666667
4.8
4.26666666666667
4.1
5.13333333333333
6
4.33333333333333
9.6
6.76666666666667
8.76666666666667
20.3
7.9
5.2
5.33333333333333
6.1
5.6
5.4
5
5.2
6.63333333333333
6.6
7.83333333333333
