1.45
1.4375
1.44583333333333
1.43333333333333
1.44166666666667
1.44166666666667
1.44583333333333
1.4875
1.46666666666667
1.43333333333333
1.44583333333333
1.42916666666667
1.44583333333333
1.44166666666667
1.42083333333333
1.425
1.45833333333333
1.45416666666667
1.44583333333333
1.4875
1.47083333333333
1.43333333333333
1.45
1.42083333333333
1.44166666666667
1.45833333333333
1.43333333333333
1.4375
1.45
1.44583333333333
1.45833333333333
1.48333333333333
1.45833333333333
1.45833333333333
1.40833333333333
1.46666666666667
1.45833333333333
1.43333333333333
1.42083333333333
1.45416666666667
1.4625
1.45833333333333
1.45416666666667
1.4875
1.4625
1.44583333333333
1.45833333333333
1.4625
1.47083333333333
1.4375
1.44583333333333
1.45416666666667
1.425
1.48333333333333
1.44166666666667
1.4875
1.44166666666667
1.44583333333333
1.44583333333333
1.41666666666667
1.45833333333333
1.42916666666667
1.43333333333333
1.42916666666667
1.41666666666667
1.43333333333333
1.43333333333333
1.4875
1.44583333333333
1.44166666666667
1.42916666666667
1.44166666666667
1.44583333333333
1.47083333333333
1.45833333333333
1.45
1.44583333333333
1.43333333333333
1.45
1.53333333333333
1.44583333333333
1.44166666666667
1.45
1.43333333333333
1.475
1.45833333333333
1.45416666666667
1.42916666666667
1.45833333333333
1.43333333333333
1.45
1.48333333333333
1.46666666666667
1.43333333333333
1.45833333333333
1.4625
1.45
1.43333333333333
1.44166666666667
1.45833333333333
1.43333333333333
1.425
1.4375
1.47916666666667
1.44166666666667
1.42083333333333
1.40416666666667
1.43333333333333
1.63333333333333
1.45
1.45833333333333
1.42083333333333
1.40833333333333
1.4375
1.4125
1.47083333333333
1.4375
1.4625
1.4375
1.48333333333333
1.45
1.45833333333333
1.4125
1.42916666666667
1.43333333333333
1.44166666666667
1.41666666666667
1.475
1.4125
1.43333333333333
1.425
1.4125
1.45833333333333
1.58333333333333
2.00833333333333
3.07916666666667
1.4125
1.425
1.42916666666667
1.47083333333333
1.43333333333333
1.425
1.4125
1.42083333333333
1.45
1.43333333333333
1.44583333333333
1.44166666666667
1.65
1.80416666666667
1.45
1.46666666666667
1.43333333333333
1.41666666666667
1.4125
1.4
1.46666666666667
1.4375
1.4375
1.40833333333333
1.42916666666667
1.4625
1.4375
1.475
1.425
1.4125
1.41666666666667
1.44583333333333
1.425
1.42916666666667
1.42083333333333
1.42083333333333
1.42916666666667
1.42916666666667
1.42916666666667
1.48333333333333
1.43333333333333
1.4375
1.4625
1.42083333333333
1.44583333333333
1.42083333333333
1.44583333333333
1.43333333333333
1.44583333333333
1.425
1.4375
1.45416666666667
1.44166666666667
1.45
1.425
1.4375
1.4625
1.45
1.42916666666667
1.41666666666667
1.4125
1.42916666666667
1.47083333333333
1.47916666666667
1.44583333333333
1.43333333333333
1.42916666666667
1.44166666666667
1.45416666666667
1.4125
1.42916666666667
1.42083333333333
1.43333333333333
1.45833333333333
1.4375
1.47083333333333
1.425
1.4125
1.41666666666667
1.40416666666667
1.44583333333333
1.425
1.46666666666667
1.4125
1.42083333333333
1.43333333333333
1.40833333333333
1.47916666666667
1.44166666666667
1.45833333333333
1.40416666666667
1.42083333333333
1.45
1.42916666666667
1.42916666666667
1.45
1.4125
1.45
1.44583333333333
1.47083333333333
1.425
1.4375
1.43333333333333
1.40833333333333
1.4375
1.42916666666667
1.43333333333333
1.42916666666667
1.42083333333333
1.44166666666667
1.425
1.475
1.42916666666667
1.4375
1.4375
1.4625
1.43333333333333
1.42916666666667
1.43333333333333
1.42916666666667
1.44166666666667
1.43333333333333
1.43333333333333
1.45
1.425
1.43333333333333
1.45833333333333
1.4625
1.45
1.45416666666667
1.44166666666667
1.42916666666667
1.43333333333333
1.44166666666667
1.44166666666667
1.475
1.45833333333333
1.44583333333333
1.4
1.425
1.46666666666667
1.44583333333333
1.44166666666667
1.4375
1.45
1.44166666666667
1.4625
1.49166666666667
1.4625
1.44583333333333
1.45416666666667
1.45833333333333
