11.5833333333333
11.7666666666667
11.8333333333333
11.9833333333333
11.6
11.7
11.5666666666667
11.5833333333333
11.6
11.7166666666667
11.6166666666667
11.6166666666667
11.5666666666667
11.6833333333333
11.5
11.6666666666667
11.5
11.6
11.5333333333333
11.6666666666667
11.5166666666667
11.7
11.45
11.4
11.2666666666667
11.4333333333333
11.2166666666667
11.4166666666667
11.2833333333333
11.4666666666667
11.2833333333333
11.3666666666667
11.3
11.6
11.7333333333333
11.4333333333333
11.35
11.3666666666667
11.1166666666667
11.3
11.25
11.4833333333333
11.1333333333333
11.3666666666667
11.3166666666667
11.4666666666667
11.2833333333333
11.3833333333333
11.4166666666667
11.4333333333333
11.1166666666667
11.3166666666667
11.2666666666667
11.3333333333333
11.25
11.35
11.25
11.4333333333333
11.3166666666667
11.3166666666667
11.25
11.3833333333333
11.2333333333333
11.3666666666667
11.3166666666667
13.5
11.5333333333333
11.6333333333333
11.5333333333333
11.55
11.6166666666667
11.8833333333333
11.5833333333333
11.3833333333333
11.3666666666667
11.5333333333333
11.45
11.45
11.3333333333333
11.5
11.35
11.4166666666667
11.4333333333333
11.3833333333333
11.3166666666667
11.45
11.3666666666667
11.3166666666667
11.5
11.3
11.3666666666667
11.35
11.4333333333333
11.3
11.4333333333333
11.4333333333333
14.3833333333333
11.4666666666667
11.5333333333333
11.5166666666667
11.6333333333333
11.8166666666667
11.5166666666667
11.55
11.45
11.6333333333333
12.1
11.3833333333333
11.7833333333333
11.4166666666667
11.0833333333333
11.1166666666667
11.0333333333333
11.0833333333333
12.65
13.1166666666667
13.2
14.75
13.4
12.5333333333333
15.6166666666667
26.1833333333333
30.0833333333333
29.75
20.25
16.1666666666667
14.4333333333333
13.3
12.8
12.8666666666667
14.7833333333333
16.1833333333333
30.4333333333333
13.7166666666667
14.2666666666667
14.9
14.0166666666667
13.7166666666667
15.65
13.15
14.2
20.2166666666667
13.6833333333333
12.9166666666667
13.2
13.15
13.3666666666667
13.1666666666667
12.5833333333333
13.7833333333333
13.8833333333333
13.7
11.8666666666667
12.0333333333333
11.6833333333333
11.7
11.6
11.9
12.1666666666667
16.3
13.5833333333333
15.9333333333333
14.7333333333333
13.9333333333333
13.9166666666667
18.1833333333333
13.45
12.9333333333333
13.1833333333333
12.9166666666667
12.9166666666667
13.3333333333333
14.1166666666667
13.4833333333333
13.2
16.0166666666667
8.66666666666667
8.03333333333333
9.3
8.83333333333333
8.95
8.66666666666667
9.05
8.3
10.4833333333333
10.2
8.93333333333333
9.76666666666667
7.96666666666667
7.61666666666667
9.36666666666667
8.71666666666667
7.96666666666667
11.1666666666667
10.5333333333333
7.71666666666667
7.18333333333333
6.9
7.03333333333333
7.16666666666667
9.61666666666667
10.1666666666667
8.08333333333333
10.5666666666667
8.05
9.03333333333333
8.13333333333333
8.88333333333333
8.2
7.61666666666667
8
7.78333333333333
7.73333333333333
7.8
8.45
8.55
7.53333333333333
7.98333333333333
7.93333333333333
9.98333333333333
8.75
8.33333333333333
7.63333333333333
8.01666666666667
8.11666666666667
8.2
8.01666666666667
7.33333333333333
6.83333333333333
6.9
6.83333333333333
6.86666666666667
6.98333333333333
9.68333333333333
6.9
6.78333333333333
7.56666666666667
6.98333333333333
6.5
6.55
6.65
6.6
6.53333333333333
6.5
6.56666666666667
6.46666666666667
6.46666666666667
6.71666666666667
6.56666666666667
6.46666666666667
6.51666666666667
7.13333333333333
6.53333333333333
6.63333333333333
6.6
6.56666666666667
6.51666666666667
6.6
6.7
6.6
6.6
6.66666666666667
6.56666666666667
6.56666666666667
6.58333333333333
6.51666666666667
6.45
6.58333333333333
6.41666666666667
6.81666666666667
6.66666666666667
6.7
6.48333333333333
6.56666666666667
6.63333333333333
6.46666666666667
6.43333333333333
6.55
6.5
6.48333333333333
6.7
22.95
32.7
29.1833333333333
27.9333333333333
29.4333333333333
22.2
20.0333333333333
