1.825
1.85
1.86666666666667
1.83333333333333
1.84166666666667
1.86666666666667
1.875
1.875
1.84166666666667
1.825
1.85833333333333
1.85833333333333
1.875
1.86666666666667
1.85833333333333
1.85833333333333
1.86666666666667
1.85833333333333
1.86666666666667
1.875
1.875
1.86666666666667
1.83333333333333
1.86666666666667
1.85833333333333
1.83333333333333
1.84166666666667
1.85
1.84166666666667
1.85833333333333
1.88333333333333
1.86666666666667
1.875
1.86666666666667
1.85833333333333
1.85833333333333
1.875
1.85
1.81666666666667
1.85833333333333
1.85833333333333
1.81666666666667
2.13333333333333
1.85833333333333
1.88333333333333
1.85833333333333
1.86666666666667
1.86666666666667
1.84166666666667
1.83333333333333
1.80833333333333
1.85
1.84166666666667
1.875
1.875
1.84166666666667
1.81666666666667
1.825
1.8
1.875
1.86666666666667
1.84166666666667
1.85833333333333
1.85833333333333
1.86666666666667
1.85
1.875
1.86666666666667
1.86666666666667
1.875
1.85833333333333
1.86666666666667
1.83333333333333
1.875
1.79166666666667
1.80833333333333
1.80833333333333
1.8
1.75
1.78333333333333
1.775
1.775
1.75833333333333
1.83333333333333
1.85833333333333
1.85833333333333
1.83333333333333
1.84166666666667
1.85833333333333
1.80833333333333
1.86666666666667
1.86666666666667
1.875
1.85
1.81666666666667
1.85833333333333
1.86666666666667
1.875
1.86666666666667
1.85833333333333
1.85
1.86666666666667
1.8
1.86666666666667
1.86666666666667
1.875
1.875
1.875
1.825
1.86666666666667
1.85833333333333
1.86666666666667
1.875
1.875
1.80833333333333
1.84166666666667
1.81666666666667
1.78333333333333
1.75
1.81666666666667
1.85833333333333
1.86666666666667
1.84166666666667
1.81666666666667
1.76666666666667
1.76666666666667
1.74166666666667
1.80833333333333
1.86666666666667
1.825
1.775
1.79166666666667
1.76666666666667
1.75
1.84166666666667
1.875
1.775
1.76666666666667
1.775
1.80833333333333
1.8
1.875
1.85833333333333
1.825
1.80833333333333
1.78333333333333
1.75
1.775
1.80833333333333
1.8
1.8
1.76666666666667
1.75833333333333
1.775
1.78333333333333
1.83333333333333
1.85
1.84166666666667
1.79166666666667
1.79166666666667
1.8
1.8
1.76666666666667
1.8
1.86666666666667
1.86666666666667
1.775
1.80833333333333
1.775
1.75
1.74166666666667
1.85
1.8
1.81666666666667
1.74166666666667
1.75
1.74166666666667
1.75
1.8
1.775
1.75
1.775
1.75
1.8
1.8
1.76666666666667
1.79166666666667
1.90833333333333
1.80833333333333
1.84166666666667
1.80833333333333
1.86666666666667
1.875
1.85833333333333
1.825
1.85833333333333
1.84166666666667
1.83333333333333
1.85
1.81666666666667
1.825
1.83333333333333
1.8
1.75833333333333
1.75
1.75
1.76666666666667
1.75833333333333
1.75
1.8
1.84166666666667
1.85
1.79166666666667
1.75
1.74166666666667
1.75833333333333
1.74166666666667
1.775
1.76666666666667
1.775
1.79166666666667
1.75833333333333
1.8
1.74166666666667
1.75
1.74166666666667
1.74166666666667
1.75833333333333
1.78333333333333
1.79166666666667
1.775
2.15833333333333
1.85833333333333
1.825
1.81666666666667
1.825
1.75833333333333
1.75
1.74166666666667
1.75833333333333
1.8
1.86666666666667
1.83333333333333
1.84166666666667
1.8
1.90833333333333
1.8
1.75
1.75833333333333
1.75833333333333
1.76666666666667
1.8
1.86666666666667
1.85
1.80833333333333
1.78333333333333
1.75833333333333
1.75833333333333
1.76666666666667
1.79166666666667
1.78333333333333
1.8
1.825
1.84166666666667
1.86666666666667
1.8
1.75
1.81666666666667
1.80833333333333
1.74166666666667
1.76666666666667
1.75
1.75
1.85
1.84166666666667
1.85833333333333
1.78333333333333
1.78333333333333
1.78333333333333
1.75
1.78333333333333
1.76666666666667
1.75
1.80833333333333
1.81666666666667
1.79166666666667
1.81666666666667
1.76666666666667
