2.1
1.93333333333333
2
2.2
2.06666666666667
1.96666666666667
2
2
1.96666666666667
2.13333333333333
2.03333333333333
2.1
2.03333333333333
1.96666666666667
2
3.14285714285714
1.86666666666667
1.76666666666667
1.9
1.8
1.76666666666667
1.73333333333333
1.76666666666667
1.76666666666667
1.73333333333333
1.76666666666667
1.9
2.06666666666667
1.9
1.83333333333333
2.66666666666667
1.86666666666667
1.93333333333333
1.86666666666667
1.9
1.83333333333333
1.86666666666667
1.9
1.86666666666667
2.03333333333333
1.9
1.8
1.86666666666667
1.9
1.76666666666667
1.9
1.93333333333333
1.9
2.03333333333333
1.86666666666667
1.8
2.03333333333333
1.76666666666667
1.86666666666667
1.9
1.86666666666667
2
1.96666666666667
1.8
1.8
1.9
1.8
1.9
1.96666666666667
1.86666666666667
1.86666666666667
1.86666666666667
1.86666666666667
1.86666666666667
1.9
1.9
1.96666666666667
1.8
1.86666666666667
1.96666666666667
2.03333333333333
1.93333333333333
1.9
1.9
1.86666666666667
1.9
1.86666666666667
1.76666666666667
1.83333333333333
1.9
1.9
2
2
1.76666666666667
1.93333333333333
1.86666666666667
1.93333333333333
1.8
1.9
1.9
1.83333333333333
1.8
1.8
1.93333333333333
2.93333333333333
1.8
1.83333333333333
1.8
1.93333333333333
1.83333333333333
2
1.9
1.86666666666667
1.83333333333333
1.93333333333333
1.9
2
2
2
1.83333333333333
1.93333333333333
1.86666666666667
1.83333333333333
1.86666666666667
1.8
1.9
1.83333333333333
1.83333333333333
1.96666666666667
4.83333333333333
9.03333333333333
1.9
1.96666666666667
1.86666666666667
1.83333333333333
1.86666666666667
1.93333333333333
1.9
1.86666666666667
1.96666666666667
2.06666666666667
1.9
1.9
1.86666666666667
1.9
1.9
1.96666666666667
1.9
1.86666666666667
1.8
1.86666666666667
1.8
2
1.93333333333333
1.9
2.93333333333333
1.86666666666667
1.9
1.93333333333333
1.86666666666667
1.9
1.96666666666667
1.86666666666667
1.9
1.93333333333333
1.86666666666667
1.8
1.9
1.93333333333333
1.9
1.9
1.86666666666667
1.86666666666667
1.9
1.93333333333333
1.93333333333333
2
1.83333333333333
1.9
1.93333333333333
1.83333333333333
1.9
1.83333333333333
1.86666666666667
1.83333333333333
1.8
1.9
1.76666666666667
1.96666666666667
1.93333333333333
1.83333333333333
1.83333333333333
1.9
1.86666666666667
1.83333333333333
1.86666666666667
1.9
2
1.9
1.8
2
1.9
1.83333333333333
1.96666666666667
1.9
2.03333333333333
1.8
1.86666666666667
1.9
1.9
2.06666666666667
1.93333333333333
2
1.83333333333333
1.83333333333333
1.86666666666667
1.93333333333333
1.86666666666667
1.86666666666667
1.96666666666667
2
1.9
1.86666666666667
1.83333333333333
2.03333333333333
1.96666666666667
1.9
1.96666666666667
1.9
1.96666666666667
1.9
1.9
1.93333333333333
1.86666666666667
1.9
1.96666666666667
2.03333333333333
1.86666666666667
1.9
1.93333333333333
1.96666666666667
1.86666666666667
1.86666666666667
1.93333333333333
1.93333333333333
1.83333333333333
1.86666666666667
1.9
2
1.83333333333333
1.8
1.76666666666667
1.93333333333333
1.9
2.03333333333333
1.9
1.86666666666667
1.76666666666667
1.76666666666667
1.76666666666667
1.93333333333333
1.86666666666667
1.9
1.86666666666667
1.83333333333333
1.76666666666667
1.9
1.83333333333333
1.86666666666667
1.8
1.8
1.76666666666667
1.96666666666667
1.76666666666667
1.73333333333333
1.8
1.83333333333333
1.8
1.8
1.76666666666667
1.76666666666667
1.7
1.63333333333333
1.93333333333333
2.03333333333333
1.7
1.6
1.83333333333333
1.83333333333333
1.86666666666667
1.83333333333333
1.86666666666667
1.8
