2.01666666666667
2
2
2.03333333333333
2.08333333333333
2.05
2.05
2.05
2.03333333333333
2.05
2.05
2.15
10.1833333333333
2.05
2.05
2.11666666666667
8.81666666666667
2.06666666666667
2.1
2.05
2.16666666666667
2.06666666666667
2.11666666666667
2.16666666666667
2.11666666666667
8.41666666666667
2.03333333333333
2.03333333333333
2.05
2.1
2.15
2.05
2.03333333333333
2.03333333333333
2.05
2.15
2.05
2.06666666666667
2.05
2.05
2.1
2.06666666666667
2
2
2.05
2.05
2.08333333333333
2.15
2.05
2
2
2.05
2.1
2.08333333333333
2.05
2.03333333333333
2.05
2.05
2.08333333333333
2.16666666666667
2.03333333333333
2.05
2.05
2.05
2.08333333333333
2.08333333333333
2.05
2.01666666666667
2.03333333333333
2.05
2.11666666666667
2.16666666666667
2.05
2.05
2.05
2.03333333333333
2.1
2.1
2
2.01666666666667
2.05
2.08333333333333
2.11666666666667
2.2
2.1
2.13333333333333
2.05
2.05
2.1
2.03333333333333
2.05
2.03333333333333
2.18333333333333
2.05
2.11666666666667
2.18333333333333
2.05
2.05
2.05
2.05
1.96666666666667
1.85
1.76666666666667
1.8
1.81666666666667
1.81666666666667
1.81666666666667
1.93333333333333
1.75
1.8
1.75
1.81666666666667
1.8
1.91666666666667
1.75
1.8
1.86666666666667
1.8
1.81666666666667
2.01666666666667
1.75
1.8
1.8
1.8
1.8
2.05
1.75
1.8
1.9
1.91666666666667
1.81666666666667
1.95
1.8
1.8
1.8
1.8
1.85
1.86666666666667
1.8
1.8
1.8
1.8
1.86666666666667
1.93333333333333
1.8
1.78333333333333
1.8
1.8
1.85
1.98333333333333
1.85
1.8
2.18333333333333
1.83333333333333
1.86666666666667
2
1.81666666666667
1.83333333333333
1.8
1.78333333333333
1.83333333333333
1.81666666666667
1.8
1.8
1.8
1.8
2.05
1.93333333333333
1.86666666666667
1.8
1.8
1.8
1.85
1.83333333333333
1.8
1.8
1.8
1.8
2
1.93333333333333
1.8
1.8
1.8
1.95
1.9
1.88333333333333
1.8
1.8
1.8
1.81666666666667
1.86666666666667
1.98333333333333
1.8
1.8
1.8
1.8
1.83333333333333
1.9
2.01666666666667
1.8
1.8
1.8
1.86666666666667
1.93333333333333
1.8
1.8
1.8
1.8
1.8
1.9
1.8
1.8
1.81666666666667
1.8
1.86666666666667
1.98333333333333
1.85
2.06666666666667
1.8
1.8
1.83333333333333
1.85
1.8
1.8
1.8
1.8
1.86666666666667
1.95
1.8
1.8
1.8
1.8
1.85
1.85
1.8
1.8
1.8
1.8
1.86666666666667
1.95
1.8
1.8
1.81666666666667
1.8
1.85
1.86666666666667
1.8
1.8
1.8
1.8
1.88333333333333
1.93333333333333
1.8
1.85
1.8
1.8
1.91666666666667
8.95
1.8
1.81666666666667
1.8
1.91666666666667
1.86666666666667
1.98333333333333
1.8
1.91666666666667
1.95
1.8
1.85
1.9
2
8.55
1.8
1.8
1.86666666666667
1.98333333333333
2.11666666666667
2.05
2.05
2.05
2.06666666666667
2.1
2.05
2.05
6.75
4.13333333333333
2.1
2.18333333333333
