12.0666666666667
12.2666666666667
12.1333333333333
12.2666666666667
12.1333333333333
12.2
12.0666666666667
12.1333333333333
12.3333333333333
12.0666666666667
12.2666666666667
12.1333333333333
12.0666666666667
12.2
11.8666666666667
12
12.2
12
12.0666666666667
12
12.0666666666667
12.0666666666667
12.6
11.8666666666667
12.2666666666667
12.8666666666667
12.1333333333333
12.3333333333333
12.1333333333333
12.0666666666667
12.3333333333333
12
12.2
12.0666666666667
12
12.0666666666667
12.2
12.1333333333333
12
12.0666666666667
11.9333333333333
12.3333333333333
12.0666666666667
12.6
12.4666666666667
12.2666666666667
12.2666666666667
12
11.8666666666667
12.3333333333333
12.1333333333333
12.1333333333333
12.1333333333333
12.0666666666667
11.9333333333333
11.9333333333333
12.3333333333333
12.2
12.3333333333333
12.2666666666667
12.5333333333333
12.6666666666667
12
12.3333333333333
12.0666666666667
12.1333333333333
12.2666666666667
12.4
12.0666666666667
12.0666666666667
12.0666666666667
12
12.1333333333333
12.3333333333333
12.0666666666667
12.2
12
12.4
12.4
11.9333333333333
12.2666666666667
12.5333333333333
12.1333333333333
12.0666666666667
11.9333333333333
12.5333333333333
12.0666666666667
12
11.9333333333333
12.3333333333333
11.9333333333333
12
12.2
12.1333333333333
12.2
12
12
12.4
11.8666666666667
12.1333333333333
12.0666666666667
12
12.0666666666667
11.9333333333333
12.3333333333333
12.1333333333333
11.7333333333333
12.1333333333333
11.9333333333333
12.4666666666667
12.0666666666667
12.1333333333333
12.0666666666667
12.0666666666667
11.9333333333333
12
12.2
12.1333333333333
12.2666666666667
12
12.1333333333333
12.8
12.1333333333333
12.1333333333333
12.1333333333333
11.9333333333333
11.9333333333333
12.2666666666667
12.2666666666667
12.4666666666667
12.1333333333333
12.0666666666667
11.9333333333333
12.2666666666667
12.0666666666667
11.9333333333333
11.9333333333333
12
11.8666666666667
12
12.2666666666667
12.1333333333333
11.8666666666667
12
11.8
12.4
12.0666666666667
12
12.1333333333333
12.0666666666667
12.1333333333333
12.2
12.2666666666667
12.3333333333333
12.1333333333333
12
11.9333333333333
12.1333333333333
11.8
12.0666666666667
12.0666666666667
11.8666666666667
12.2
12.2666666666667
12.6
12.1333333333333
12.0666666666667
12.0666666666667
11.9333333333333
12.2666666666667
12.1333333333333
12.0666666666667
12.2
12.0666666666667
12.1333333333333
12.0666666666667
12.3333333333333
12.2
12
12.0666666666667
12.1333333333333
12.2
12.1333333333333
11.9333333333333
12
12.1333333333333
11.8666666666667
12.0666666666667
12.3333333333333
12.1333333333333
12
12.4
12.0666666666667
12.3333333333333
11.8666666666667
12.2
12.2666666666667
12
12.2
12.1333333333333
12.2
12.2666666666667
12
12.0666666666667
12.0666666666667
12.2
12
12.1333333333333
12.0666666666667
12.1333333333333
12.2
12.0666666666667
12.2666666666667
12.0666666666667
11.9333333333333
12.1333333333333
12.0666666666667
12.2
12.2
12.0666666666667
12.2666666666667
12.1333333333333
12.2
12.1333333333333
12.1333333333333
12
12.2
11.9333333333333
12.1333333333333
12.4
12.1333333333333
12.0666666666667
12.1333333333333
12.3333333333333
12.0666666666667
12
12.1333333333333
12.2666666666667
12.1333333333333
12.1333333333333
12.1333333333333
12.2
12
12.1333333333333
12.1333333333333
12.4666666666667
12
12
12.2
12.3333333333333
12.0666666666667
12
12.0666666666667
12.0666666666667
12.1333333333333
12
12.1333333333333
12.0666666666667
12.0666666666667
11.9333333333333
12.3333333333333
11.8666666666667
12.2666666666667
12.3333333333333
12.1333333333333
12.3333333333333
11.9333333333333
12
12.2
12.0666666666667
12.3333333333333
12.3333333333333
12.0666666666667
12
12.0666666666667
12.0666666666667
12
12.2
12
12
12
12.1333333333333
12.2666666666667
11.8666666666667
12.2
12.0666666666667
12.1333333333333
12.0666666666667
