1.5
1.6
1.56666666666667
1.76666666666667
1.55
1.78333333333333
1.6
1.6
1.55
1.51666666666667
1.55
1.55
1.55
1.58333333333333
1.55
1.75
1.55
1.58333333333333
1.6
1.6
1.55
1.55
1.55
1.55
1.51666666666667
1.6
1.56666666666667
1.75
1.55
1.61666666666667
1.61666666666667
1.6
1.53333333333333
1.53333333333333
1.55
1.56666666666667
1.56666666666667
1.58333333333333
1.56666666666667
1.75
1.55
1.55
1.61666666666667
1.61666666666667
1.56666666666667
1.56666666666667
1.55
1.68333333333333
1.55
1.58333333333333
1.53333333333333
1.78333333333333
1.6
1.63333333333333
1.56666666666667
1.66666666666667
1.6
1.56666666666667
1.55
1.55
1.55
1.63333333333333
1.55
1.75
1.58333333333333
1.65
1.58333333333333
1.58333333333333
1.58333333333333
1.6
1.58333333333333
1.61666666666667
1.66666666666667
1.6
1.55
1.76666666666667
1.53333333333333
1.58333333333333
1.6
1.63333333333333
1.7
1.56666666666667
1.55
1.58333333333333
1.55
1.56666666666667
1.55
1.76666666666667
1.55
1.6
1.6
1.58333333333333
1.53333333333333
1.55
1.56666666666667
1.55
1.55
1.6
1.55
1.76666666666667
1.55
1.5
1.51666666666667
1.5
1.48333333333333
1.5
1.5
1.48333333333333
1.41666666666667
1.5
1.41666666666667
1.61666666666667
1.46666666666667
1.5
1.5
1.5
1.46666666666667
1.43333333333333
1.48333333333333
1.5
1.48333333333333
1.5
1.5
1.68333333333333
1.5
1.48333333333333
1.53333333333333
1.5
1.5
1.5
1.48333333333333
1.5
1.5
1.48333333333333
1.5
1.66666666666667
1.46666666666667
1.5
1.55
1.5
1.5
1.45
1.45
1.5
1.5
1.5
1.48333333333333
1.68333333333333
2.18333333333333
2.13333333333333
1.51666666666667
1.8
1.46666666666667
1.48333333333333
1.48333333333333
1.45
1.45
1.51666666666667
1.48333333333333
1.68333333333333
1.48333333333333
1.48333333333333
1.51666666666667
1.51666666666667
1.46666666666667
1.5
1.48333333333333
1.41666666666667
1.46666666666667
1.48333333333333
1.5
1.68333333333333
1.48333333333333
1.5
1.43333333333333
1.5
1.48333333333333
1.46666666666667
1.46666666666667
1.48333333333333
1.5
1.5
1.46666666666667
1.68333333333333
1.48333333333333
1.5
1.5
1.5
1.5
1.46666666666667
1.5
1.5
1.5
1.5
1.5
1.65
1.5
1.5
1.5
1.5
1.48333333333333
1.5
1.45
1.45
1.45
1.43333333333333
1.45
1.65
1.46666666666667
1.5
1.51666666666667
1.5
1.5
1.5
1.45
1.48333333333333
1.5
1.5
1.48333333333333
1.7
1.46666666666667
1.55
1.5
1.5
1.45
1.43333333333333
1.46666666666667
1.45
1.48333333333333
1.5
1.48333333333333
1.66666666666667
1.5
1.53333333333333
1.53333333333333
1.46666666666667
1.5
1.5
1.48333333333333
1.48333333333333
1.46666666666667
1.46666666666667
1.5
1.66666666666667
1.5
1.5
1.51666666666667
1.46666666666667
1.5
1.5
1.46666666666667
1.48333333333333
1.5
1.5
1.46666666666667
1.63333333333333
1.41666666666667
1.5
1.46666666666667
1.53333333333333
1.48333333333333
1.43333333333333
1.5
1.5
1.45
1.53333333333333
1.5
1.66666666666667
1.48333333333333
1.5
1.875
1.55
1.5
1.45
1.41666666666667
1.25
1.3
1.3
1.5
1.63333333333333
1.28333333333333
1.28333333333333
1.43333333333333
1.5
1.46666666666667
1.5
1.5
1.46666666666667
