3.31666666666667
3.36666666666667
3.38333333333333
3.33333333333333
3.36666666666667
3.55
3.33333333333333
3.28333333333333
3.46666666666667
3.33333333333333
3.31666666666667
3.36666666666667
3.31666666666667
3.35
3.36666666666667
3.36666666666667
3.36666666666667
3.51666666666667
3.36666666666667
3.3
3.53333333333333
3.33333333333333
3.28333333333333
3.31666666666667
3.33333333333333
3.56666666666667
3.38333333333333
3.35
3.53333333333333
3.53333333333333
3.28333333333333
3.35
3.53333333333333
3.33333333333333
3.38333333333333
3.31666666666667
3.3
3.38333333333333
3.35
3.31666666666667
3.33333333333333
3.5
3.3
3.36666666666667
3.53333333333333
3.31666666666667
3.38333333333333
3.33333333333333
3.26666666666667
3.28333333333333
3.31666666666667
3.33333333333333
3.43333333333333
3.63333333333333
3.31666666666667
3.38333333333333
3.53333333333333
3.28333333333333
3.33333333333333
3.35
3.3
3.33333333333333
3.31666666666667
3.36666666666667
3.3
3.5
3.3
3.33333333333333
3.5
3.31666666666667
3.55
3.35
3.35
3.38333333333333
3.36666666666667
3.31666666666667
9.65
7.1
3.5
3.46666666666667
3.98333333333333
3.46666666666667
3.45
3.66666666666667
3.53333333333333
3.5
3.48333333333333
3.5
3.56666666666667
3.66666666666667
3.58333333333333
3.5
3.68333333333333
3.51666666666667
3.51666666666667
3.48333333333333
3.43333333333333
3.45
3.5
3.53333333333333
4.06666666666667
4.48333333333333
3.38333333333333
3.25
3.4
3.28333333333333
3.25
3.26666666666667
4.08333333333333
3.3
3.25
3.3
4.18333333333333
5.81666666666667
3.25
3.45
3.4
3.3
3.25
3.25
3.25
3.25
3.25
3.25
3.31666666666667
3.36666666666667
3.23333333333333
3.25
3.7
3.26666666666667
3.25
3.25
3.25
3.25
3.16666666666667
3.15
3.23333333333333
3.35
3.86666666666667
8.01666666666667
3.4
3.23333333333333
3.21666666666667
3.2
3.18333333333333
3.18333333333333
3.2
3.21666666666667
3.96666666666667
4.08333333333333
3.25
3.16666666666667
3.6
3.26666666666667
3.36666666666667
3.33333333333333
3.2
3.2
3.23333333333333
3.13333333333333
3.11666666666667
3.21666666666667
3.23333333333333
3.31666666666667
3.38333333333333
3.15
3.2
3.23333333333333
3.11666666666667
3.2
3.26666666666667
3.2
3.26666666666667
3.38333333333333
3.23333333333333
3.25
3.33333333333333
3.2
3.21666666666667
3.2
3.16666666666667
3.2
3.21666666666667
3.2
3.28333333333333
3.36666666666667
3.23333333333333
3.25
3.36666666666667
3.13333333333333
3.25
3.23333333333333
3.2
3.25
3.25
3.18333333333333
3.28333333333333
3.38333333333333
3.26666666666667
3.23333333333333
3.43333333333333
3.28333333333333
3.21666666666667
3.26666666666667
3.16666666666667
3.26666666666667
3.26666666666667
3.25
3.26666666666667
3.36666666666667
3.23333333333333
3.23333333333333
3.43333333333333
3.2
3.21666666666667
3.23333333333333
3.13333333333333
3.21666666666667
3.2
3.13333333333333
3.25
3.36666666666667
3.25
3.23333333333333
3.41666666666667
3.25
3.15
3.25
3.26666666666667
3.31666666666667
3.85
3.25
3.35
3.3
3.23333333333333
3.15
3.4
3.25
3.25
3.25
3.2
3.18333333333333
3.25
3.23333333333333
3.25
3.33333333333333
3.21666666666667
3.16666666666667
3.4
3.2
3.2
3.25
3.15
3.18333333333333
3.2
3.2
3.28333333333333
3.33333333333333
3.21666666666667
3.31666666666667
3.45
3.35
5.48333333333333
3.33333333333333
3.3
3.33333333333333
3.31666666666667
3.3
3.43333333333333
3.41666666666667
3.33333333333333
3.35
3.53333333333333
3.46666666666667
3.51666666666667
3.33333333333333
3.51666666666667
3.45
3.51666666666667
3.43333333333333
3.55
3.58333333333333
3.73333333333333
3.61666666666667
3.71666666666667
3.45
3.5
3.4
