1.46666666666667
1.40833333333333
1.38333333333333
1.38333333333333
1.38333333333333
1.39166666666667
1.375
1.39166666666667
1.375
1.33333333333333
1.29166666666667
1.30833333333333
1.5
1.34166666666667
1.31666666666667
1.29166666666667
1.3
1.30833333333333
1.34166666666667
1.31666666666667
1.3
1.30833333333333
1.30833333333333
1.29166666666667
1.50833333333333
1.39166666666667
1.375
1.375
1.38333333333333
1.375
1.375
1.375
1.39166666666667
1.375
1.38333333333333
1.375
1.59166666666667
1.375
1.4
1.38333333333333
1.4
1.375
1.4
1.375
1.39166666666667
1.375
1.4
1.375
1.58333333333333
1.4
1.54166666666667
1.39166666666667
1.39166666666667
1.39166666666667
1.4
1.4
1.38333333333333
1.4
1.4
1.375
1.55833333333333
1.39166666666667
1.375
1.375
1.38333333333333
1.375
1.375
1.375
1.4
1.39166666666667
1.4
1.39166666666667
1.53333333333333
1.4
1.4
1.39166666666667
1.39166666666667
1.4
1.4
1.39166666666667
1.41666666666667
1.39166666666667
1.38333333333333
1.39166666666667
1.53333333333333
1.4
1.38333333333333
1.375
1.36666666666667
1.375
1.39166666666667
1.38333333333333
1.38333333333333
1.38333333333333
1.39166666666667
1.38333333333333
1.525
1.38333333333333
1.375
1.38333333333333
1.4
1.4
1.4
1.29166666666667
1.15
1.15
1.15
1.15
1.30833333333333
1.15
1.15
1.15
1.15
1.14166666666667
1.15
1.15833333333333
1.23333333333333
1.275
1.275
1.275
1.45
1.275
1.275
1.3
1.275
1.31666666666667
1.24166666666667
1.175
1.13333333333333
1.175
1.15
1.2
1.30833333333333
1.175
1.225
1.16666666666667
1.15
1.26666666666667
1.275
1.225
1.24166666666667
1.25833333333333
1.25833333333333
1.19166666666667
1.325
1.15833333333333
1.14166666666667
1.175
1.15
1.19166666666667
1.15
1.175
1.15833333333333
1.18333333333333
1.125
1.175
1.31666666666667
1.175
1.15
1.175
1.15
1.15833333333333
1.15833333333333
1.175
1.20833333333333
1.175
1.15
1.175
1.31666666666667
1.16666666666667
1.13333333333333
1.175
1.4
1.23333333333333
1.19166666666667
1.24166666666667
1.2
1.19166666666667
2.71666666666667
1.2
1.325
1.20833333333333
1.175
1.19166666666667
1.18333333333333
1.19166666666667
1.15833333333333
1.20833333333333
1.2
1.16666666666667
1.19166666666667
1.19166666666667
1.325
1.19166666666667
1.16666666666667
1.2
1.18333333333333
1.18333333333333
1.16666666666667
1.19166666666667
1.18333333333333
1.175
1.15833333333333
1.15833333333333
1.33333333333333
1.175
1.16666666666667
1.175
1.15833333333333
1.16666666666667
1.175
1.15833333333333
1.15
1.175
1.21666666666667
1.175
1.30833333333333
1.175
1.15833333333333
1.225
1.15
1.175
1.16666666666667
1.175
1.16666666666667
1.15
1.14166666666667
1.16666666666667
1.31666666666667
1.175
1.15
1.175
1.15
1.175
1.15
1.175
1.15
1.23333333333333
1.25
1.275
1.45
1.23333333333333
1.24166666666667
1.25
1.26666666666667
1.25
1.24166666666667
1.275
1.25833333333333
1.24166666666667
1.25833333333333
1.25
1.40833333333333
1.24166666666667
1.26666666666667
1.26666666666667
1.25
1.23333333333333
1.25833333333333
1.25833333333333
1.25833333333333
1.25
1.275
1.275
1.36666666666667
1.25
1.26666666666667
1.25833333333333
1.24166666666667
1.26666666666667
1.26666666666667
1.25
1.25
1.25833333333333
1.25833333333333
1.25
1.40833333333333
1.26666666666667
1.225
1.19166666666667
1.225
1.225
1.24166666666667
1.275
1.25833333333333
1.275
1.275
1.275
