2.93333333333333
2.93333333333333
2.93333333333333
2.93333333333333
3.06666666666667
2.86666666666667
4.53333333333333
3.86666666666667
3.06666666666667
3.06666666666667
3
3
3
3
3
3.13333333333333
3.06666666666667
2.8
3
2.8
2.93333333333333
2.86666666666667
2.86666666666667
2.93333333333333
2.86666666666667
2.73333333333333
3
3.13333333333333
3.06666666666667
3
3
3
3
3
3
3
3
3
3
3.13333333333333
3.06666666666667
3
3
3
3
3
3
3
3
3
3
3.13333333333333
3.06666666666667
3.06666666666667
3
3
3
3
3
3
2.06666666666667
2
2
2.26666666666667
2.8
2.8
2.93333333333333
2
2
2
2
2.2
2.2
2.93333333333333
2.66666666666667
2.93333333333333
2.86666666666667
2.66666666666667
2.8
2.73333333333333
2.86666666666667
2.2
3.11111111111111
2
2
4
3
2.86666666666667
3
3
3
2.86666666666667
2.4
2.8
2.6
2.06666666666667
2.4
2
2.6
2.46666666666667
2.66666666666667
2.2
2
2.33333333333333
2.13333333333333
2
2
2
2
2.2
2.06666666666667
2.4
2
2.2
2.33333333333333
2.13333333333333
2.2
2
2
2
2.13333333333333
2.06666666666667
2
2.13333333333333
2.13333333333333
2
2
2
2.2
2
2.13333333333333
2.06666666666667
2
2
2
2.13333333333333
2.73333333333333
2
2.06666666666667
4.53333333333333
2.86666666666667
2.73333333333333
2.66666666666667
2.73333333333333
2.8
2.73333333333333
2.73333333333333
2.86666666666667
2.8
2.93333333333333
2.73333333333333
2.73333333333333
2.8
2.8
2.66666666666667
2.8
2.86666666666667
3.06666666666667
4.53333333333333
4.46666666666667
4.35714285714286
4.6
4.46666666666667
4.46666666666667
4.53333333333333
4.33333333333333
4.73333333333333
5
4.86666666666667
4.86666666666667
5
3.93333333333333
3.66666666666667
3.66666666666667
3.6
3.53333333333333
3.2
3.66666666666667
3.46666666666667
3.73333333333333
3.6
3.66666666666667
3.8
3.53333333333333
3.6
3.66666666666667
3.53333333333333
3.46666666666667
3.46666666666667
3
3.4
4
4.4
3.46666666666667
3.8
3.46666666666667
3.06666666666667
3.66666666666667
3.4
3.4
3
3.13333333333333
3
3
3
3.06666666666667
3.2
3.33333333333333
3.28571428571429
3.2
3
3
3.13333333333333
3.13333333333333
3
3
3.06666666666667
3.26666666666667
3.53333333333333
3.66666666666667
3.53333333333333
3.26666666666667
3.2
3
3
3
3
3.06666666666667
3.13333333333333
3
3.26666666666667
3.46666666666667
3.4
3.2
3
3.53333333333333
3.13333333333333
3.8
3.73333333333333
3.8
3.73333333333333
3.66666666666667
3.33333333333333
3.53333333333333
3.06666666666667
3
3.46666666666667
3.33333333333333
3.46666666666667
3.26666666666667
3.66666666666667
3.2
3
3.2
3.33333333333333
3.4
3.66666666666667
3.26666666666667
3.66666666666667
3.73333333333333
4
3.66666666666667
3.6
3.46666666666667
3.46666666666667
3.6
3.73333333333333
3.26666666666667
3.06666666666667
3.06666666666667
3
3.06666666666667
3.06666666666667
3
3.2
3
2.93333333333333
3.6
3.33333333333333
3
3
3.13333333333333
3.4
3.6
3.33333333333333
3.4
3.26666666666667
3.2
