1.06666666666667
1.2
1.06666666666667
1.06666666666667
1.2
1.2
1.06666666666667
1.13333333333333
1.13333333333333
1.06666666666667
1.2
1.2
1.2
0.933333333333333
1.06666666666667
1.2
1.2
1.2
1.06666666666667
1.06666666666667
1.06666666666667
1.2
1.2
1.2
1.06666666666667
1.2
1.06666666666667
1.2
1.06666666666667
1.2
1.13333333333333
1.2
1
1.2
0.866666666666667
1.2
1.2
1.2
1.06666666666667
1.2
1.2
0.933333333333333
1.2
1.13333333333333
1.2
1.13333333333333
1.06666666666667
1.2
1.06666666666667
1
1.2
1.2
1.2
1.06666666666667
1.2
1.06666666666667
1.06666666666667
1.2
1.2
1.2
1.06666666666667
1.2
0.933333333333333
1.06666666666667
1.2
1.06666666666667
1.06666666666667
1.13333333333333
1.2
1.06666666666667
1.2
1.06666666666667
1.13333333333333
1.13333333333333
1.2
1.2
1.06666666666667
1.06666666666667
1.06666666666667
1.2
1.2
1.2
1.2
1.06666666666667
1.06666666666667
1
1.2
1.13333333333333
1.13333333333333
1.06666666666667
1.06666666666667
1.06666666666667
1.2
1.2
1.2
1.06666666666667
1.13333333333333
0.933333333333333
1.2
1.2
1.2
1.06666666666667
1.2
1.06666666666667
1
1.2
1
1.13333333333333
1.06666666666667
1.2
1.06666666666667
1.2
1.2
1.06666666666667
1.06666666666667
1.2
1.06666666666667
1.2
1.2
1.2
1.2
1.06666666666667
1.2
1.06666666666667
1.06666666666667
1.2
1.2
1.13333333333333
1.2
1.06666666666667
1.06666666666667
1.06666666666667
1.2
1.2
1.2
1.2
0.933333333333333
1.06666666666667
1.2
1.13333333333333
1.13333333333333
1.2
1.06666666666667
1.06666666666667
1.06666666666667
1.2
1.2
1.2
1.2
0.933333333333333
1.06666666666667
1.2
1.2
1.2
1.06666666666667
0.866666666666667
1.2
1.2
1.2
2.66666666666667
1.26666666666667
1.2
0.933333333333333
1.2
1.2
1.2
1.06666666666667
1.06666666666667
1.2
1.06666666666667
1.2
0.933333333333333
1.06666666666667
1.2
1.2
1.2
1.2
0.933333333333333
1.13333333333333
1.06666666666667
1.2
0.8
1.2
1.2
1.2
1.06666666666667
1.06666666666667
1.2
1.06666666666667
1.2
1.2
1.2
0.933333333333333
1.2
1.06666666666667
4.53333333333333
2.93333333333333
3.6
0.8
1.2
1.2
1.06666666666667
1.06666666666667
1.2
1.06666666666667
1.2
1.2
1.2
1.06666666666667
1.06666666666667
1.2
1.06666666666667
1.2
1.06666666666667
1.33333333333333
1.06666666666667
1.06666666666667
1.06666666666667
1.2
1.2
1.13333333333333
1.13333333333333
1.06666666666667
1.2
1.06666666666667
1.13333333333333
1.2
1.2
1.06666666666667
1.06666666666667
1.2
1.06666666666667
1.2
1.2
0.933333333333333
1.06666666666667
1.06666666666667
1
1.06666666666667
1.2
1.2
1.2
1.06666666666667
1.2
1.06666666666667
1.06666666666667
1.2
1.2
1.2
1.2
1
1.06666666666667
1.06666666666667
1.2
1.2
1.2
1.06666666666667
1.2
0.933333333333333
1.2
1.2
1.2
1.2
1.06666666666667
1.06666666666667
1
1.2
1.2
1.2
1.06666666666667
1.2
1.06666666666667
1.06666666666667
1.2
1.2
1.2
1.06666666666667
1.06666666666667
1.06666666666667
1.2
1.2
1.2
1.06666666666667
0.933333333333333
1.2
1.2
1.2
1.2
