1.61666666666667
1.53333333333333
1.51666666666667
1.55
1.51666666666667
1.58333333333333
1.86666666666667
1.53333333333333
1.56666666666667
2.23333333333333
1.51666666666667
1.53333333333333
1.63333333333333
1.53333333333333
1.51666666666667
1.55
1.71666666666667
1.53333333333333
1.75
1.53333333333333
1.51666666666667
1.5
1.5
1.53333333333333
1.65
1.68333333333333
1.66666666666667
1.55
1.56666666666667
1.71666666666667
1.9
1.51666666666667
1.53333333333333
1.55
1.63333333333333
1.56666666666667
1.63333333333333
1.51666666666667
1.51666666666667
1.5
1.51666666666667
1.51666666666667
1.95
1.5
1.56666666666667
1.5
1.56666666666667
1.51666666666667
3.3
1.55
1.91666666666667
1.58333333333333
1.61666666666667
1.51666666666667
1.86666666666667
1.6
1.56666666666667
1.56666666666667
1.73333333333333
1.51666666666667
1.6
1.58333333333333
1.63333333333333
1.58333333333333
1.7
1.61666666666667
1.95
1.5
1.55
1.51666666666667
1.61666666666667
1.56666666666667
1.78333333333333
1.5
1.51666666666667
1.5
1.53333333333333
1.5
1.75
1.53333333333333
1.65
1.51666666666667
1.6
1.51666666666667
1.66666666666667
1.56666666666667
1.56666666666667
1.53333333333333
1.55
1.56666666666667
1.86666666666667
1.51666666666667
1.55
1.55
1.63333333333333
1.55
1.63333333333333
1.51666666666667
1.6
1.65
1.51666666666667
1.5
1.85
1.58333333333333
1.7
1.66666666666667
1.61666666666667
1.63333333333333
1.75
1.7
1.7
1.61666666666667
1.66666666666667
1.66666666666667
1.85
1.55
1.56666666666667
1.56666666666667
1.66666666666667
1.53333333333333
1.65
1.5
1.55
1.68333333333333
1.61666666666667
1.56666666666667
1.88333333333333
1.6
1.65
1.6
1.65
1.61666666666667
1.68333333333333
1.56666666666667
1.6
1.65
1.75
1.61666666666667
1.96666666666667
1.61666666666667
1.7
1.68333333333333
1.7
1.55
1.7
1.61666666666667
1.68333333333333
1.71666666666667
1.7
1.65
1.9
1.61666666666667
1.63333333333333
1.58333333333333
1.63333333333333
1.63333333333333
1.68333333333333
1.58333333333333
1.55
1.55
1.56666666666667
1.71666666666667
1.9
1.58333333333333
1.58333333333333
1.56666666666667
1.6
1.6
1.61666666666667
1.58333333333333
1.56666666666667
1.56666666666667
4.71666666666667
1.55
1.8
1.53333333333333
1.56666666666667
1.63333333333333
1.6
1.66666666666667
1.71666666666667
1.56666666666667
1.55
1.5
1.7
1.68333333333333
1.91666666666667
1.63333333333333
1.58333333333333
1.58333333333333
1.55
1.58333333333333
1.65
1.58333333333333
1.61666666666667
1.56666666666667
1.56666666666667
1.83333333333333
1.61666666666667
1.56666666666667
1.56666666666667
1.63333333333333
1.58333333333333
1.75
1.65
1.55
1.63333333333333
1.6
1.63333333333333
1.86666666666667
1.63333333333333
1.7
1.66666666666667
1.63333333333333
1.51666666666667
1.66666666666667
1.61666666666667
1.63333333333333
1.63333333333333
1.66666666666667
1.63333333333333
1.9
1.6
1.55
1.53333333333333
1.6
1.53333333333333
1.6
1.71666666666667
1.68333333333333
1.71666666666667
1.58333333333333
1.56666666666667
1.93333333333333
1.65
1.61666666666667
1.55
1.63333333333333
1.68333333333333
1.66666666666667
1.73333333333333
1.66666666666667
1.58333333333333
1.53333333333333
1.55
1.86666666666667
1.56666666666667
1.58333333333333
1.63333333333333
1.66666666666667
1.73333333333333
1.65
1.61666666666667
1.56666666666667
1.55
1.55
1.6
1.91666666666667
1.65
1.6
1.51666666666667
1.56666666666667
1.58333333333333
1.7
1.7
1.51666666666667
1.51666666666667
1.53333333333333
1.61666666666667
1.91666666666667
1.63333333333333
1.53333333333333
1.55
1.6
1.58333333333333
1.7
1.63333333333333
1.61666666666667
1.66666666666667
1.68333333333333
1.53333333333333
1.81666666666667
1.55
1.55
1.55
1.58333333333333
1.55
1.58333333333333
