1.2
1.2
0.933333333333333
2.57142857142857
1.57142857142857
3.6
1.33333333333333
1.6
1.13333333333333
1.4
1.2
1.53333333333333
1.4
1.46666666666667
1.06666666666667
1.2
1.13333333333333
2.71428571428571
0.933333333333333
1.53333333333333
1.2
3.14285714285714
1.06666666666667
1
0.466666666666667
0.933333333333333
0.4
1.13333333333333
1.26666666666667
1.46666666666667
1
0.866666666666667
0.466666666666667
1.06666666666667
0.666666666666667
1.26666666666667
2
1.66666666666667
1
2.85714285714286
1.46666666666667
1.33333333333333
1.26666666666667
1.46666666666667
1.6
1.33333333333333
1.2
3.4
1.46666666666667
1.46666666666667
1.4
1.33333333333333
1.26666666666667
1.26666666666667
1.06666666666667
1.46666666666667
1.13333333333333
1.2
1.2
1.46666666666667
0.933333333333333
3.2
1
1.4
1.26666666666667
1.26666666666667
1.2
1.4
0.933333333333333
1.26666666666667
1.13333333333333
1.46666666666667
1.42857142857143
1.2
1.4
1.26666666666667
1.46666666666667
1.33333333333333
1.2
1.4
1.13333333333333
1.46666666666667
1.46666666666667
1.46666666666667
1.42857142857143
1.4
1.33333333333333
1.53333333333333
1
4
1.53333333333333
1.26666666666667
1.2
1.33333333333333
1.13333333333333
1.46666666666667
1
1.46666666666667
1.06666666666667
1.6
1.2
3
1.57142857142857
1.46666666666667
1.26666666666667
1.53333333333333
1.33333333333333
1.2
1.33333333333333
1.26666666666667
1.26666666666667
1.26666666666667
1.2
1.2
1.13333333333333
1.2
1.46666666666667
1.13333333333333
1.26666666666667
1.4
1.4
1.4
1.2
1.2
0.933333333333333
1.06666666666667
0.933333333333333
1.26666666666667
0.933333333333333
1.2
1.13333333333333
1.4
0.933333333333333
2.33333333333333
1.26666666666667
1.26666666666667
1.06666666666667
1
1
1.2
1.06666666666667
1.26666666666667
1.26666666666667
1.33333333333333
1.2
1.33333333333333
1.13333333333333
1.26666666666667
0.933333333333333
1.46666666666667
1.06666666666667
1.13333333333333
1
1.33333333333333
1.06666666666667
1.46666666666667
1.2
1.46666666666667
1.26666666666667
1.33333333333333
1.2
1.26666666666667
1.13333333333333
1.46666666666667
1.2
1.46666666666667
1.13333333333333
1.4
1.2
1.33333333333333
1.13333333333333
1.13333333333333
1.13333333333333
1.26666666666667
1.06666666666667
1.4
1.06666666666667
1.06666666666667
1.26666666666667
2.3
1.7
1.66666666666667
1.44444444444444
1.33333333333333
1.33333333333333
1.2
0.866666666666667
0.866666666666667
0.6
1.06666666666667
0.8
1.53333333333333
1.33333333333333
1.53333333333333
1.26666666666667
1.4
1.4
1.6
1.33333333333333
1.4
1.2
1.13333333333333
1.26666666666667
1.46666666666667
1.26666666666667
1.13333333333333
0.8
0.666666666666667
1.66666666666667
1.53333333333333
1.4
1.6
1.75
2.18181818181818
1.53333333333333
1.66666666666667
1.4
1.4
1.26666666666667
1.53333333333333
1.53333333333333
1.53333333333333
1.4
1.46666666666667
1
1
1.46666666666667
1.46666666666667
1.4
1.66666666666667
1.4
1.2
0.733333333333333
2.08333333333333
1.53333333333333
1.53333333333333
1.26666666666667
1.33333333333333
1.26666666666667
1.33333333333333
1.33333333333333
1.66666666666667
1.46666666666667
1.13333333333333
0.8
1.26666666666667
0.666666666666667
1.26666666666667
1.33333333333333
1.4
1.4
1.53333333333333
1.53333333333333
1.66666666666667
2
1.33333333333333
1.46666666666667
1.26666666666667
1.26666666666667
1.6
1.33333333333333
1
1.26666666666667
1.53333333333333
2.26666666666667
1.6
1.2
1.33333333333333
1.2
1.46666666666667
0.866666666666667
1.26666666666667
1.2
1.4
1.33333333333333
1.2
1.33333333333333
1.2
0.933333333333333
1.46666666666667
1.26666666666667
1.13333333333333
1.13333333333333
1.4
1
1.46666666666667
1.13333333333333
1
