0
0
0
0
0
0
0
0
0
0
0
0
0
0
0
0
0
0
0
0
0
0
0
0
0
0
0
0
0
0
0
0
0
0
0
37.0333333333333
11.4
6.83333333333333
43.3666666666667
1.6
7.23333333333333
1.6
1.6
1.5
1.56666666666667
1.5
1.6
1.1
10.5333333333333
9.9
1.36666666666667
1.1
1.2
1
1.2
1.06666666666667
1.3
1.1
1.2
1.4
1.56666666666667
1.06666666666667
1.2
1
1.1
1.06666666666667
1.1
1
1.1
1.1
1.1
1.06666666666667
1.5
1.26666666666667
1.3
1.03333333333333
1.13333333333333
1.06666666666667
1.16666666666667
1.1
1.16666666666667
1.03333333333333
1.1
1.03333333333333
1.53333333333333
1.06666666666667
1.2
1.03333333333333
1.2
1.06666666666667
1.2
1.06666666666667
1.2
1.1
1.2
1.46666666666667
1.36666666666667
1.06666666666667
1.2
1.1
1.2
1
1.13333333333333
1.06666666666667
1.13333333333333
1.1
1.16666666666667
1.06666666666667
1.56666666666667
1.1
2.75
1.9
1.73333333333333
1.6
1.6
1.53333333333333
1.63333333333333
1.5
1.6
1.5
2.1
1.5
1.7
1.56666666666667
1.6
1.5
1.6
1.5
1.6
1.5
1.6
1.5
7.7
1.53333333333333
1.6
1.5
1.6
1.5
1.6
1.5
1.6
1.5
1.6
1.5
2
1.5
1.6
1.5
1.6
1.5
1.6
1.5
1.6
1.5
1.6
1.5
2
1.5
1.6
1.5
1.6
1.5
1.6
1.5
1.6
1.5
1.6
1.5
2
1.5
1.6
1.5
1.6
1.5
1.6
1.5
1.6
1.5
1.6
1.53333333333333
2
1.5
1.6
1.5
1.6
1.5
1.6
1.5
1.66666666666667
1.5
1.6
1.5
2
1.56666666666667
1.6
1.5
1.6
1.5
1.6
1.5
1.6
1.5
1.6
1.5
2
1.5
1.6
1.5
1.6
1.5
1.6
1.5
1.56666666666667
1.5
1.6
1.5
2
1.5
1.6
1.53333333333333
1.64285714285714
1.5
1.6
1.5
1.6
1.5
1.6
1.63333333333333
1.86666666666667
1.5
1.6
1.5
1.6
1.5
1.6
1.5
1.6
1.5
1.6
1.63333333333333
1.86666666666667
1.5
1.6
1.5
1.6
1.5
1.6
2.64285714285714
2.1
2
2.1
2.13333333333333
2.3
2
2.03333333333333
2
2.1
1.83333333333333
2.03333333333333
2
2.1
1.96666666666667
1.93333333333333
2.13333333333333
2.36666666666667
1.96666666666667
1.8
2
2.1
2
2.1
2
2.1
2
2.1
2.13333333333333
2.36666666666667
2
2.03333333333333
2
2.1
2
2.1
2
1.96666666666667
2
2.1
2.13333333333333
