1.66666666666667
1.63333333333333
1.63333333333333
1.56666666666667
2.23333333333333
1.66666666666667
1.7
1.63333333333333
1.63333333333333
1.83333333333333
1.56666666666667
1.6
1.66666666666667
1.63333333333333
1.6
1.8
2
1.76666666666667
1.56666666666667
1.56666666666667
1.8
1.66666666666667
1.66666666666667
1.7
1.76666666666667
1.66666666666667
1.56666666666667
1.53333333333333
2.03333333333333
1.7
1.63333333333333
1.7
1.73333333333333
1.6
1.63333333333333
1.56666666666667
1.7
1.7
1.6
1.6
2.13333333333333
1.76666666666667
1.63333333333333
1.6
1.56666666666667
1.6
1.66666666666667
1.73333333333333
1.6
1.63333333333333
1.63333333333333
1.63333333333333
1.96666666666667
1.66666666666667
1.73333333333333
1.66666666666667
1.63333333333333
1.6
1.63333333333333
1.63333333333333
1.56666666666667
1.63333333333333
1.56666666666667
1.63333333333333
2.03333333333333
2.03333333333333
1.6
1.6
1.76666666666667
1.56666666666667
1.7
1.66666666666667
1.66666666666667
1.63333333333333
1.66666666666667
1.63333333333333
2.03333333333333
1.76666666666667
1.6
1.6
1.7
1.63333333333333
1.66666666666667
1.63333333333333
1.63333333333333
1.6
1.63333333333333
1.63333333333333
2.03333333333333
1.66666666666667
1.63333333333333
1.56666666666667
1.6
1.6
1.66666666666667
1.66666666666667
1.9
1.6
1.63333333333333
1.63333333333333
1.93333333333333
1.5
1.46666666666667
1.5
1.46666666666667
1.5
1.36666666666667
1.5
2.33333333333333
1.4
1.5
1.46666666666667
1.8
1.5
1.5
1.4
1.5
1.5
1.5
1.46666666666667
1.5
1.4
1.46666666666667
1.46666666666667
1.76666666666667
1.5
2.76666666666667
11.2333333333333
1.5
1.5
1.5
1.46666666666667
1.46666666666667
1.46666666666667
1.43333333333333
1.46666666666667
1.8
1.46666666666667
1.5
1.46666666666667
1.5
1.5
1.5
1.5
1.5
1.5
1.5
1.5
4.26666666666667
3.7
1.5
1.5
1.5
1.5
1.5
1.5
1.5
1.43333333333333
1.46666666666667
1.5
1.86666666666667
1.56666666666667
1.46666666666667
1.46666666666667
1.5
1.43333333333333
1.46666666666667
1.5
1.5
1.46666666666667
1.5
1.5
1.9
1.46666666666667
1.5
1.5
1.46666666666667
1.5
1.5
1.46666666666667
1.5
1.46666666666667
1.5
1.46666666666667
1.83333333333333
1.5
1.46666666666667
1.43333333333333
1.5
1.5
1.5
1.5
1.46666666666667
1.46666666666667
1.5
1.46666666666667
1.8
1.43333333333333
1.5
1.46666666666667
1.5
1.5
1.5
1.46666666666667
1.5
1.46666666666667
1.5
1.5
1.8
1.46666666666667
1.46666666666667
1.5
1.5
1.46666666666667
1.5
1.5
1.5
1.46666666666667
1.5
1.5
1.83333333333333
1.5
1.46666666666667
1.5
1.5
1.46666666666667
1.5
1.46666666666667
1.46666666666667
1.46666666666667
1.46666666666667
1.5
1.83333333333333
1.5
1.5
1.43333333333333
1.43333333333333
1.43333333333333
1.46666666666667
1.46666666666667
1.5
1.5
1.5
1.5
1.83333333333333
1.5
1.5
1.56666666666667
1.53333333333333
1.5
1.56666666666667
1.43333333333333
1.5
1.46666666666667
1.5
1.5
1.83333333333333
1.53333333333333
1.5
1.5
1.5
1.5
1.5
1.46666666666667
1.5
1.46666666666667
1.5
1.43333333333333
1.83333333333333
1.6
1.5
1.5
1.46666666666667
1.5
1.5
1.5
1.56666666666667
1.6
1.63333333333333
1.6
2.1
1.7
1.63333333333333
1.6
1.63333333333333
1.6
1.7
1.56666666666667
