3.53333333333333
3.13333333333333
3.06666666666667
3.6
3.4
3.13333333333333
3.06666666666667
3.53333333333333
3.46666666666667
3.66666666666667
3.13333333333333
3.33333333333333
3.13333333333333
3.73333333333333
3.33333333333333
3.06666666666667
3.26666666666667
3.4
3.4
3.4
3.13333333333333
3.13333333333333
3.4
3.46666666666667
3.4
3.8
3.8
3.53333333333333
3.86666666666667
3.66666666666667
3.73333333333333
3.73333333333333
3.26666666666667
3.66666666666667
3.33333333333333
3.4
3.53333333333333
3.2
3.53333333333333
3.46666666666667
4.33333333333333
3.33333333333333
3.73333333333333
3.6
3.26666666666667
3.2
3.86666666666667
3.73333333333333
3.93333333333333
3.93333333333333
3.13333333333333
3.13333333333333
3.93333333333333
47.2
4
3.46666666666667
3.2
3.2
3.66666666666667
3.46666666666667
3.66666666666667
3.46666666666667
3.26666666666667
3.13333333333333
3.46666666666667
3.8
3.33333333333333
3.06666666666667
3.26666666666667
3.53333333333333
3.46666666666667
3.26666666666667
3.46666666666667
3.46666666666667
3.73333333333333
3.33333333333333
3.13333333333333
3.33333333333333
3.13333333333333
3
3.73333333333333
3.4
3.33333333333333
3.2
3.33333333333333
3.46666666666667
3.66666666666667
3.46666666666667
3.33333333333333
3.13333333333333
3.26666666666667
3.26666666666667
3.53333333333333
3.4
3.26666666666667
3.26666666666667
3.06666666666667
3.73333333333333
3.53333333333333
3.4
3.13333333333333
3.33333333333333
3.73333333333333
3.13333333333333
3.13333333333333
3.26666666666667
3.2
3.66666666666667
3.13333333333333
3.13333333333333
3.26666666666667
3.26666666666667
3.33333333333333
3.53333333333333
3.33333333333333
3.06666666666667
3.06666666666667
3.13333333333333
3.46666666666667
3.4
4.86666666666667
4.86666666666667
3.4
3.53333333333333
3.53333333333333
3.33333333333333
3.26666666666667
3.4
3.53333333333333
3.2
3.06666666666667
3.26666666666667
5.06666666666667
5.2
3.4
3.26666666666667
3.2
3.46666666666667
3.13333333333333
3.26666666666667
3.2
3.33333333333333
3.8
3.33333333333333
5
4.73333333333333
3.13333333333333
3.2
3.33333333333333
3.13333333333333
3.2
3.13333333333333
3.33333333333333
3.2
3.6
3.4
4.73333333333333
4.86666666666667
3.13333333333333
3.26666666666667
3.53333333333333
3.33333333333333
3.13333333333333
3.26666666666667
3.2
3.86666666666667
3.28571428571429
3.26666666666667
4.86666666666667
5.13333333333333
3.4
3.06666666666667
3.2
3.2
3.06666666666667
3.26666666666667
3.33333333333333
3.4
3.2
3.46666666666667
5.13333333333333
5.53333333333333
3.46666666666667
3.6
3.13333333333333
3.26666666666667
3.13333333333333
3.26666666666667
3.73333333333333
3.4
3.33333333333333
3.6
5.26666666666667
5.26666666666667
3
3.13333333333333
3.13333333333333
3.26666666666667
3.4
3.13333333333333
3.06666666666667
3.33333333333333
3.33333333333333
3.6
5.06666666666667
4.73333333333333
3.2
3.06666666666667
3.4
3.2
3.26666666666667
3.26666666666667
3.4
3.86666666666667
3.86666666666667
3.06666666666667
4.73333333333333
4.86666666666667
3.13333333333333
3.46666666666667
3.8
3.06666666666667
3.26666666666667
3.2
3.53333333333333
3.86666666666667
3.66666666666667
3.26666666666667
5
5.33333333333333
3.66666666666667
3.4
3.4
3.2
3.33333333333333
3.8
3.6
3.2
3.26666666666667
3.13333333333333
5.13333333333333
5.8
3.6
3.33333333333333
3.33333333333333
3.4
3.46666666666667
3.26666666666667
3.26666666666667
3.13333333333333
3.06666666666667
3.33333333333333
5.06666666666667
5.06666666666667
3.26666666666667
3.4
3.13333333333333
4
3.4
3.46666666666667
3
3.13333333333333
3.66666666666667
3.4
4.93333333333333
5.26666666666667
3.33333333333333
3.53333333333333
3.13333333333333
3.33333333333333
3.33333333333333
3
3.4
3.2
3.26666666666667
3.2
4
3.46666666666667
3.2
3.26666666666667
3.4
3.2
3.33333333333333
3.2
3.2
3.2
3.26666666666667
3.53333333333333
