2
1.98333333333333
2
1.95
2
1.96666666666667
2
2.43333333333333
2
1.9
2
1.93333333333333
2.01666666666667
1.96666666666667
2.01666666666667
1.93333333333333
2.01666666666667
1.95
2.01666666666667
2.45
2
1.96666666666667
1.96666666666667
1.96666666666667
2.01666666666667
2.03333333333333
1.95
2.06666666666667
1.93333333333333
2
1.95
2.46666666666667
1.96666666666667
1.96666666666667
1.96666666666667
1.93333333333333
1.98333333333333
2.01666666666667
1.95
2.13333333333333
2.03333333333333
2
1.95
2.56666666666667
1.96666666666667
1.98333333333333
2
2.01666666666667
5.23333333333333
2.03333333333333
1.96666666666667
1.96666666666667
1.98333333333333
2.03333333333333
1.95
2.43333333333333
1.98333333333333
1.96666666666667
1.96666666666667
1.96666666666667
1.98333333333333
1.98333333333333
1.95
1.98333333333333
1.96666666666667
1.98333333333333
1.96666666666667
2.45
1.98333333333333
1.95
1.98333333333333
1.95
2.15
1.98333333333333
1.98333333333333
1.98333333333333
1.93333333333333
1.98333333333333
1.98333333333333
2.46666666666667
1.98333333333333
1.96666666666667
2
1.91666666666667
2
1.98333333333333
1.91666666666667
1.98333333333333
1.95
2
1.93333333333333
2.45
1.91666666666667
1.98333333333333
1.98333333333333
2.01666666666667
2.01666666666667
1.96666666666667
1.93333333333333
1.98333333333333
1.95
1.98333333333333
2.01666666666667
2.6
2.31666666666667
1.98333333333333
2.1
2.03333333333333
1.98333333333333
2.05
2.15
2.16666666666667
2.45
2.35
2.43333333333333
3.13333333333333
2.06666666666667
2.36666666666667
3.18333333333333
2.2
2.15
2.13333333333333
2.41666666666667
2.16666666666667
2.8
5.43333333333333
4.03333333333333
3.25
2.11666666666667
2.06666666666667
2.21666666666667
2.15
2.58333333333333
2.25
2.11666666666667
2.51666666666667
2.55
3.33333333333333
2.13333333333333
2.68333333333333
2.11666666666667
2.36666666666667
2.11666666666667
2.21666666666667
2.1
2.21666666666667
2.55
2.66666666666667
2.25
2.53333333333333
1.95
2.35
1.95
3.58333333333333
2.05
2.25
2.13333333333333
2.01666666666667
1.95
2
1.85
4.2
1.91666666666667
3.53333333333333
2.8
1.95
1.98333333333333
2.31666666666667
2.51666666666667
2.03333333333333
1.75
2.11666666666667
2.18333333333333
2.11666666666667
2.2
2.96666666666667
2.2
2.26666666666667
2.91666666666667
6.21666666666667
2.35
2.4
3
2.08333333333333
2.05
2.26666666666667
1.85
2.16666666666667
1.91666666666667
2.08333333333333
2.4
2.2
2.95
1.8
1.98333333333333
2.51666666666667
4.05
1.81666666666667
2.08333333333333
2.25
2.01666666666667
2.96666666666667
1.91666666666667
2.1
2.85
2.31666666666667
1.91666666666667
2.03333333333333
2.25
1.93333333333333
2
2.41666666666667
2.23333333333333
2.1
3.3
2.25
2.21666666666667
1.98333333333333
1.86666666666667
1.83333333333333
1.75
1.78333333333333
1.76666666666667
2.03333333333333
1.9
1.76666666666667
1.78333333333333
1.75
2
1.75
1.75
1.76666666666667
1.76666666666667
1.78333333333333
1.8
1.96666666666667
1.75
1.8
1.76666666666667
1.76666666666667
1.98333333333333
1.78333333333333
1.75
1.73333333333333
1.76666666666667
1.76666666666667
1.75
2.03333333333333
1.75
1.76666666666667
1.76666666666667
1.75
2.01666666666667
1.8
1.75
1.78333333333333
1.76666666666667
1.76666666666667
1.8
2.01666666666667
1.8
1.78333333333333
1.8
1.8
2
1.76666666666667
1.8
1.8
1.78333333333333
1.8
1.78333333333333
2.01666666666667
1.73333333333333
1.75
1.75
1.76666666666667
2
1.78333333333333
1.75
1.76666666666667
1.75
1.76666666666667
1.76666666666667
2.03333333333333
1.76666666666667
1.76666666666667
1.76666666666667
1.73333333333333
