1.56666666666667
1.61666666666667
1.6
1.6
1.8
1.63333333333333
1.61666666666667
1.56666666666667
1.61666666666667
1.63333333333333
1.65
1.6
1.6
1.61666666666667
1.58333333333333
1.61666666666667
1.8
1.61666666666667
1.66666666666667
1.56666666666667
1.6
1.65
1.63333333333333
1.58333333333333
1.61666666666667
1.71666666666667
1.8
1.58333333333333
1.78333333333333
1.66666666666667
1.61666666666667
1.65
1.63333333333333
1.65
1.65
1.58333333333333
1.61666666666667
1.6
1.61666666666667
1.61666666666667
1.8
1.65
1.63333333333333
1.61666666666667
1.6
1.6
1.65
1.65
1.61666666666667
1.6
1.61666666666667
1.6
1.78333333333333
1.81666666666667
1.6
1.61666666666667
1.58333333333333
1.58333333333333
1.61666666666667
1.63333333333333
1.68333333333333
1.7
1.58333333333333
1.58333333333333
1.8
1.68333333333333
1.7
1.75
1.65
1.6
1.65
1.63333333333333
1.6
1.63333333333333
1.63333333333333
1.65
1.76666666666667
1.65
1.65
1.6
1.63333333333333
1.58333333333333
1.66666666666667
1.58333333333333
1.63333333333333
1.6
1.58333333333333
1.61666666666667
1.8
1.63333333333333
1.61666666666667
1.63333333333333
1.61666666666667
1.58333333333333
1.66666666666667
1.65
1.76666666666667
1.65
1.6
1.63333333333333
1.75
1.5
1.5
1.5
1.5
1.51666666666667
1.5
1.5
1.5
1.5
1.5
1.5
1.68333333333333
1.5
1.5
1.5
1.5
1.51666666666667
1.5
1.5
1.5
1.5
1.5
1.5
1.68333333333333
1.5
1.5
1.5
1.48333333333333
1.51666666666667
1.5
1.5
1.5
1.5
1.51666666666667
1.5
1.7
1.5
1.51666666666667
1.5
1.5
1.5
1.5
1.51666666666667
1.5
1.5
1.5
1.5
2.46666666666667
2.1
1.5
1.51666666666667
1.51666666666667
1.8
1.5
1.51666666666667
1.53333333333333
1.5
1.5
1.5
1.7
1.58333333333333
1.55
1.5
1.51666666666667
1.5
1.5
1.51666666666667
1.5
1.5
1.5
1.5
1.66666666666667
1.51666666666667
1.5
1.5
1.51666666666667
1.55
1.51666666666667
1.5
1.51666666666667
1.51666666666667
1.51666666666667
1.53333333333333
1.68333333333333
1.5
1.48333333333333
1.5
1.5
1.5
1.53333333333333
1.46666666666667
1.5
1.5
1.48333333333333
1.5
1.7
1.5
1.51666666666667
1.51666666666667
1.5
1.5
1.55
1.5
1.51666666666667
1.5
1.5
1.51666666666667
1.75
1.46666666666667
1.5
1.48333333333333
1.5
1.53333333333333
1.5
1.48333333333333
1.51666666666667
1.5
1.51666666666667
1.5
1.65
1.5
1.55
1.5
1.51666666666667
1.5
1.5
1.51666666666667
1.51666666666667
1.5
1.51666666666667
1.5
1.66666666666667
1.48333333333333
1.48333333333333
1.5
1.5
1.51666666666667
1.5
1.5
1.5
1.5
1.55
1.5
1.66666666666667
1.5
1.5
1.5
1.5
1.5
1.48333333333333
1.48333333333333
1.5
1.46666666666667
1.48333333333333
1.5
1.68333333333333
1.53333333333333
1.51666666666667
1.5
1.51666666666667
1.5
1.5
1.5
1.53333333333333
1.5
1.51666666666667
1.5
1.7
1.68333333333333
1.5
1.51666666666667
1.51666666666667
1.53333333333333
1.5
1.51666666666667
1.63333333333333
1.63333333333333
1.63333333333333
1.58333333333333
1.81666666666667
1.61666666666667
1.58333333333333
1.6
1.6
1.61666666666667
1.61666666666667
1.58333333333333
