4.23333333333333
4.46666666666667
4.3
4.26666666666667
4.51666666666667
4.2
4.26666666666667
4.25
4.21666666666667
4.16666666666667
4.15
4.06666666666667
4.2
4.33333333333333
4.1
4.06666666666667
4.41666666666667
4.1
4.1
4.06666666666667
4.16666666666667
4.03333333333333
4.08333333333333
4.05
4.11666666666667
4.33333333333333
4.06666666666667
4.1
4.36666666666667
4.03333333333333
4.15
4.05
4.08333333333333
4.03333333333333
4.03333333333333
4.05
4.11666666666667
4.23333333333333
4.2
4
4.53333333333333
4.01666666666667
4.08333333333333
4.08333333333333
4.08333333333333
4.01666666666667
4.1
4.01666666666667
4.33333333333333
4.25
4.16666666666667
4.41666666666667
4.38333333333333
4.08333333333333
4.11666666666667
4.03333333333333
4.18333333333333
4.13333333333333
4.16666666666667
4.06666666666667
4.1
4.23333333333333
4.18333333333333
4.08333333333333
4.08333333333333
4.13333333333333
4.13333333333333
4.18333333333333
4.15
4.1
4.05
4.1
4.25
4.21666666666667
4
4.41666666666667
4.05
4.05
4.13333333333333
4.11666666666667
4.08333333333333
4.06666666666667
4.03333333333333
4.2
4.2
4.16666666666667
4.1
4.45
4.21666666666667
4.21666666666667
4.18333333333333
4.25
4.11666666666667
4.18333333333333
4.2
4.2
4.38333333333333
4.3
4.16666666666667
4.48333333333333
4.2
4.28333333333333
4.2
4.26666666666667
4.16666666666667
4.16666666666667
4.2
4.33333333333333
5.45
4.85
4.2
4.5
4.16666666666667
4.26666666666667
4.2
5.26666666666667
4.2
4.26666666666667
4.21666666666667
5.1
4.75
4.61666666666667
3.85
3.76666666666667
7.6
27.5166666666667
27.5166666666667
16.45
3.45
3.41666666666667
3.4
3.46666666666667
5.55
3.45
3.51666666666667
3.18333333333333
3.1
3.05
3.56666666666667
3.56666666666667
4.45
4.5
5.13333333333333
4.55
4.51666666666667
4.66666666666667
4.51666666666667
4.81666666666667
4.51666666666667
4.48333333333333
10.1833333333333
27.3
6.48333333333333
4.48333333333333
4.46666666666667
4.41666666666667
3.31666666666667
3.38333333333333
3.3
11.7666666666667
28.25
27.5333333333333
9.8
4.86666666666667
5.33333333333333
8.9
4.73333333333333
6.01666666666667
4.63333333333333
4.39285714285714
5.31666666666667
7.16666666666667
8.28333333333333
3.6
3.51666666666667
4.13333333333333
4
4.63333333333333
4.41666666666667
4.51666666666667
4.45
4.5
4.43333333333333
4.75
5.15
5.13333333333333
4.51666666666667
4.68333333333333
4.33333333333333
4.36666666666667
4.33333333333333
4.91666666666667
26.85
7.85714285714286
5.7
6.06666666666667
5.71666666666667
3.44642857142857
4.5
5.65
3.38333333333333
3.41666666666667
3.31666666666667
4.61666666666667
4.28333333333333
8.46666666666667
5.55
4.63333333333333
5.25
4.76666666666667
7.53333333333333
5.36666666666667
4.03333333333333
4.1
4.15
4.11666666666667
4.08333333333333
4.26666666666667
4.15
5.21666666666667
8.41666666666667
4.9
4.55
4.36666666666667
4.06666666666667
4.05
4.06666666666667
4.06666666666667
4.33333333333333
4.36666666666667
4.05
4.41666666666667
4.06666666666667
4.15
4.1
4.01666666666667
4.1
4.06666666666667
4.16666666666667
4.18333333333333
4.08333333333333
4.33928571428571
4.1
4.32142857142857
4.11666666666667
4.1
4.11666666666667
4.07142857142857
4.06666666666667
4.05
4.08333333333333
4.05
4
4.2
4.03333333333333
4.3
4.06666666666667
4.03333333333333
4
4.08333333333333
3.95
4
3.98333333333333
4.1
4.28333333333333
4.23333333333333
4.05
4.26666666666667
4
4.06666666666667
3.95
4.05
3.96666666666667
3.9
3.96666666666667
3.95
4.4
4.18333333333333
3.93333333333333
4.26666666666667
4.03333333333333
4.01785714285714
4.05
4.05357142857143
4.06666666666667
4.06666666666667
4.05
4.13333333333333
