4
4
4
4
4
4
4
4
4
4
4
4
3.86666666666667
4
4
4
3.6
4
4
3.93333333333333
4
4
4
4
4
4
3.93333333333333
4
3.86666666666667
4
4
4
4
3.93333333333333
4
4
4
4
4
4
4
4
4
3.86666666666667
4
4
4
4
3.73333333333333
4
3.8
4
4
4
4
4
4
4
4
4
4
4
4
4
4
3.93333333333333
3.93333333333333
4
4
4
4
4
4
3.93333333333333
3.8
3.93333333333333
3.53333333333333
3.93333333333333
4
3.93333333333333
3.93333333333333
4
4
4
4
4
4
4
4
3.73333333333333
4
4
3.86666666666667
4
4
4
4
4
3.8
3.8
3.93333333333333
4
3.93333333333333
4
3.93333333333333
4
4
3.93333333333333
4
4
3.6
4
3.73333333333333
3.8
4
4
3.86666666666667
4
3.93333333333333
3.4
3.93333333333333
4
4
4
4
3.93333333333333
4
4
4
4
4
4
4
4
4
4
4
4
3.8
3.93333333333333
4
3.93333333333333
4
4
4
3.93333333333333
3.86666666666667
4
4
4
4
4
4
4
4
4
4
4
4
3.93333333333333
3.86666666666667
4
4
4
4
4
4
3.73333333333333
4
4
3.73333333333333
4
4
3.66666666666667
4
3.46666666666667
4
3.6
3.8
3.66666666666667
4
4
4
3.66666666666667
3.93333333333333
4
4
4
3.8
3.93333333333333
4
4
4
3.86666666666667
4
4
4
4
4
4
4
3.8
4
4
4
4
3.66666666666667
4
4
4
4
4
4
3.93333333333333
3.86666666666667
4
3.93333333333333
4
3.86666666666667
4
4
4
4
4
4
4
4
4
4
3.86666666666667
4
4
3.93333333333333
4
4
4
4
4
4
3.93333333333333
4
4
4
4
4
3.53333333333333
4
3.8
3.86666666666667
3.93333333333333
4
3.93333333333333
3.93333333333333
4
4
4
4
4
4
4
4
4
4
3.93333333333333
3.93333333333333
4
3.93333333333333
4
4
4
4
4
4
4
4
4
3.93333333333333
4
4
3.8
4
4
4
4
4
4
4
4
