1.6
1.73333333333333
1.6
1.53333333333333
1.8
1.8
1.6
1.93333333333333
1.73333333333333
1.66666666666667
1.8
1.6
1.66666666666667
1.73333333333333
1.66666666666667
1.73333333333333
1.6
1.73333333333333
1.8
1.93333333333333
1.73333333333333
1.73333333333333
1.66666666666667
1.53333333333333
1.53333333333333
1.66666666666667
1.53333333333333
1.6
1.6
1.73333333333333
1.46666666666667
1.46666666666667
1.26666666666667
1.2
1.2
1.2
1.2
1.2
1.2
1.13333333333333
1.2
1.4
1.2
1.4
1.33333333333333
1.13333333333333
1.2
1.26666666666667
1.2
1.13333333333333
1.13333333333333
1.2
1.2
1.4
1.2
1.2
1.2
1.06666666666667
1.2
1.2
1.13333333333333
1.2
1.2
1.2
1.2
1.26666666666667
1.13333333333333
1.26666666666667
1.26666666666667
1.2
1.2
1.2
1.2
1.2
1.2
1.06666666666667
1
1.2
1.2
1.33333333333333
1.26666666666667
1.2
1.2
1.13333333333333
1.06666666666667
1.53333333333333
1.26666666666667
1.4
1.46666666666667
1.6
1.53333333333333
1.2
1.2
1.13333333333333
1.13333333333333
2.46666666666667
1.2
1.2
2.5
1.2
1.13333333333333
1.33333333333333
1.06666666666667
1.4
1.2
1.13333333333333
1.2
1.2
1.13333333333333
1.13333333333333
1.06666666666667
1.13333333333333
1.06666666666667
1.2
1.2
1.2
1.26666666666667
1.2
1.06666666666667
1.14285714285714
1.13333333333333
1.13333333333333
1.06666666666667
1.13333333333333
1.2
1.26666666666667
1.06666666666667
1.26666666666667
1.2
1
1.06666666666667
1.06666666666667
1.2
1.06666666666667
1.13333333333333
1.13333333333333
1.13333333333333
1.06666666666667
1
1.13333333333333
2.46666666666667
2.33333333333333
1.33333333333333
1.33333333333333
1.26666666666667
1.26666666666667
1.06666666666667
0.933333333333333
1.06666666666667
1
1.2
1.33333333333333
1.26666666666667
1
1.06666666666667
1.06666666666667
3
1.33333333333333
1.2
1.06666666666667
1.13333333333333
1.13333333333333
1.2
1.2
1.26666666666667
1
1.13333333333333
1
1.06666666666667
1.06666666666667
1.2
1.06666666666667
1.2
1.06666666666667
1.2
1.13333333333333
1.2
1.13333333333333
1.2
1.06666666666667
1.2
1.2
1.13333333333333
1.06666666666667
1.06666666666667
1.2
1
1.2
1.26666666666667
1.2
1.2
1.06666666666667
1.13333333333333
1.06666666666667
1.06666666666667
1.06666666666667
1.2
1.2
1.2
1.33333333333333
1.26666666666667
1.06666666666667
1.2
1
1.13333333333333
1.2
1.2
1.13333333333333
1.13333333333333
1.2
1.13333333333333
1.2
1.13333333333333
1.06666666666667
1.06666666666667
1.4
1.2
1.13333333333333
1.13333333333333
1.06666666666667
1.06666666666667
1.13333333333333
1.13333333333333
1.26666666666667
1.26666666666667
1.2
1.2
1.13333333333333
1.06666666666667
1.06666666666667
1.06666666666667
1.2
1.2
1.2
1.2
1.26666666666667
1.26666666666667
1.13333333333333
1.13333333333333
1.06666666666667
1.06666666666667
1.13333333333333
1.2
1.2
1.2
1.2
1.06666666666667
1.26666666666667
1.06666666666667
1.13333333333333
1.2
1.2
1.2
1.2
1.13333333333333
1.13333333333333
1
1.06666666666667
1.06666666666667
1.33333333333333
1.26666666666667
1.13333333333333
1.2
1.2
1.33333333333333
1.13333333333333
1.06666666666667
1.06666666666667
1.06666666666667
1.2
1.2
1.26666666666667
1.2
1.13333333333333
1.06666666666667
1
1
0.8
1.13333333333333
1.13333333333333
2.53333333333333
1
1.06666666666667
1.2
1.06666666666667
1.06666666666667
1.2
1
