1.6
1.73333333333333
1.76666666666667
2.2
1.2
1.16666666666667
1.13333333333333
1.06666666666667
1.13333333333333
1.06666666666667
1.13333333333333
1.06666666666667
1.13333333333333
1.06666666666667
1.13333333333333
1.06666666666667
1.1
1.33333333333333
1.13333333333333
1.13333333333333
1.06666666666667
1.1
1.06666666666667
2.33333333333333
0.933333333333333
1.06666666666667
1.03333333333333
0.933333333333333
0.766666666666667
0.9
0.633333333333333
0.8
0.766666666666667
1.16666666666667
0.633333333333333
0.7
0.6
1.25
1.26666666666667
1.7
1.5
1.93333333333333
1.5
1.7
1.53333333333333
1.8
1.6
2
1.63333333333333
2.03333333333333
1.56666666666667
1.86666666666667
1.6
2.23333333333333
1.76666666666667
2.1
1.63333333333333
1.8
1.53333333333333
1.9
1.5
1.86666666666667
1.53333333333333
1.86666666666667
1.6
2.13333333333333
1.56666666666667
1.9
1.6
1.8
1.53333333333333
1.86666666666667
1.5
1.8
1.5
1.8
3.96666666666667
4.46666666666667
1.86666666666667
2
1.73333333333333
2.1
1.73333333333333
2.46666666666667
1.8
2.03333333333333
1.6
2.2
2.06666666666667
2.23333333333333
1.96666666666667
2.23333333333333
2
2.16666666666667
2
2.16666666666667
1.96666666666667
2.2
2
2.16666666666667
2.1
2.16666666666667
1.96666666666667
2.2
2
2.16666666666667
1.96666666666667
2.2
2
2.2
1.93333333333333
2.16666666666667
2.1
2.33333333333333
2
2.2
1.96666666666667
2.16666666666667
1.93333333333333
2.16666666666667
1.96666666666667
2.2
2
2.2
2.06666666666667
2.3
1.93333333333333
2
1.8
2.06666666666667
1.8
2.13333333333333
1.76666666666667
1.93333333333333
1.5
2.06666666666667
1.73333333333333
2.16666666666667
1.73333333333333
1.96666666666667
1.7
1.93333333333333
1.7
2.73333333333333
1.73333333333333
2.03333333333333
1.86666666666667
2.06666666666667
1.86666666666667
2.2
1.73333333333333
1.96666666666667
1.76666666666667
1.96666666666667
1.66666666666667
2.03333333333333
1.8
1.7
1.5
1.7
1.86666666666667
2.3
1.93333333333333
2.2
2
2.16666666666667
1.93333333333333
2.2
1.9
2.2
1.93333333333333
2.1
1.93333333333333
2.4
1.86666666666667
2.2
1.96666666666667
2.1
1.93333333333333
2.2
1.5
1.96666666666667
1.53333333333333
1.5
1.6
2
1.53333333333333
1.8
1.9
2.13333333333333
1.83333333333333
2.1
1.86666666666667
2.16666666666667
1.83333333333333
2
1.73333333333333
2.2
1.76666666666667
2.03333333333333
1.73333333333333
2.03333333333333
1.9
2
1.8
2.03333333333333
1.73333333333333
1.96666666666667
1.9
2.23333333333333
1.96666666666667
2.06666666666667
1.8
2.03333333333333
1.93333333333333
2
1.8
1.96666666666667
1.93333333333333
1.96666666666667
1.9
2.06666666666667
1.9
1.93333333333333
2
1.96666666666667
2
1.83333333333333
1.96666666666667
1.83333333333333
1.93333333333333
1.9
1.86666666666667
2.06666666666667
1.93333333333333
1.73333333333333
1.93333333333333
1.76666666666667
2
1.73333333333333
2
1.76666666666667
1.9
1.76666666666667
2.06666666666667
2
2.03333333333333
1.76666666666667
2.03333333333333
1.8
1.96666666666667
1.76666666666667
2.06666666666667
1.73333333333333
2
1.76666666666667
2.06666666666667
1.9
2
1.76666666666667
2
1.73333333333333
1.93333333333333
1.8
2
1.76666666666667
2
1.7
2.06666666666667
1.86666666666667
1.9
1.76666666666667
2
1.7
1.9
1.76666666666667
1.86666666666667
1.6
1.96666666666667
1.7
2.03333333333333
1.8
1.86666666666667
1.83333333333333
2.06666666666667
1.73333333333333
2.03333333333333
1.76666666666667
