2
2.2
2
2.2
2
2.4
2
2.2
2
2.2
2
2.2
2
2.2
2
2.2
2
2.33333333333333
2
2.2
2
2.2
2
2.2
1.93333333333333
2.06666666666667
2
2.2
2
2.33333333333333
2
2.4
2
2.2
2
2.2
2
2.26666666666667
2
2.4
2
2.33333333333333
2
2.2
2
2.33333333333333
2
2.2
2
2.4
2
2.33333333333333
2
2.46666666666667
2
2.2
2
2.2
2
2.33333333333333
2
2.33333333333333
2
2.2
2
2.26666666666667
2
2.2
2
2.4
2
2.2
2
2.26666666666667
2
2.2
2
2.53333333333333
2
2.2
2
2.2
2
2.2
2
2.4
2
2.2
2
2.26666666666667
2
2.2
2
2.2
2
2.2
2
2.2
2
2.2
2
2.33333333333333
2
2.2
2
2.2
2
2.2
2
2.2
2
2.2
2
2.26666666666667
2
2.2
2
2.2
2
2.33333333333333
2
2.2
2
2.2
2
2.26666666666667
2
2.2
2
2.2
2
2.26666666666667
2
2.2
2
2.2
2
2.26666666666667
2
2.2
2
2.2
3.2
2.2
2
2.2
2
2.2
2
2.2
2
2.2
2
2.2
2
2.2
2
2.33333333333333
2
2.2
2
2.2
2
2.2
2
2.2
2
2.2
2
2.2
2
2.2
2
2.2
2
2.2
2
2.2
2
2.2
2
2.26666666666667
2
2.4
2
2.13333333333333
2
2.2
2
2.2
2
2.2
2
2.2
2
2.2
2
2.2
2
2.2
2
2.2
2
2.2
2
2.2
2
2.2
2
2.2
2
2.26666666666667
2
2.2
2
2.2
2
2.2
2
2.13333333333333
2.06666666666667
2.13333333333333
2.06666666666667
2.13333333333333
2.06666666666667
2.13333333333333
2.06666666666667
2.13333333333333
2.06666666666667
2.06666666666667
2.06666666666667
2.13333333333333
2.06666666666667
2.13333333333333
2.06666666666667
2.13333333333333
2.06666666666667
2.13333333333333
2.06666666666667
2.13333333333333
2.06666666666667
2.06666666666667
2.2
2.06666666666667
2.13333333333333
2.06666666666667
2.13333333333333
2.13333333333333
2.26666666666667
2.06666666666667
2.13333333333333
3
2.33333333333333
2.13333333333333
2.26666666666667
2.13333333333333
2.26666666666667
2.33333333333333
2.26666666666667
2
2.4
2
2.26666666666667
2
2.26666666666667
2
2.4
2
2.2
2.13333333333333
2.26666666666667
2
2.4
2
2.26666666666667
2
2.2
2
2.4
2
2.2
2.06666666666667
2.2
2
2.4
2
2.26666666666667
2
