2.2
2
2.2
2
2.2
2
2.2
2
2.2
2
2.2
2
2.26666666666667
2
2.26666666666667
2
2.26666666666667
2
2.2
2
2.2
2
2.26666666666667
2
2.2
2
2.2
2
2.2
2
2.26666666666667
2
2.26666666666667
2
2.33333333333333
2
2.33333333333333
2
2.2
2
2.2
2.2
2.4
2
2.33333333333333
2
2.26666666666667
2
2.33333333333333
2
2.26666666666667
2
2.2
2
2.4
2
2.4
2
2.33333333333333
2
2.4
2
2.4
2
2.33333333333333
2
2.2
2
2.4
2
2.33333333333333
2
2.26666666666667
2.13333333333333
2.26666666666667
2.06666666666667
2.26666666666667
2.06666666666667
2.2
2.06666666666667
2.13333333333333
2.06666666666667
2.26666666666667
2.13333333333333
2.26666666666667
2.06666666666667
2.13333333333333
2.06666666666667
2.26666666666667
2.26666666666667
2.06666666666667
2.13333333333333
2.06666666666667
2.13333333333333
2.06666666666667
2.13333333333333
2.06666666666667
2.13333333333333
2.06666666666667
2.13333333333333
2.06666666666667
2.13333333333333
2.06666666666667
2.13333333333333
2.06666666666667
2.13333333333333
2.06666666666667
2.13333333333333
2.06666666666667
2.2
2
2.2
2
2.33333333333333
2
2.2
2
2.2
2
2.2
2
2.2
2
2.2
2
2.33333333333333
2
2.33333333333333
2
2.2
2
2.2
2
2.4
2
2.2
2
2.4
2
2.4
2
2.2
2.8
2.6
2
2.2
2
2.2
2
2.4
2
2.2
2
2.2
2
2.2
2
2.2
2
2.2
2
2.33333333333333
2
2.2
2
2.2
2
2.2
2
2.2
2
2.2
2
2.26666666666667
2
2.26666666666667
2
2.2
2
2.2
2
2.2
2
2.2
2
2.26666666666667
2
2.2
2
2.2
2
2.2
2
2.2
2
2.2
2
2.33333333333333
2
2.2
2
2.2
2
2.2
2
2.2
2
2.2
2
2.4
2
2.2
2
2.2
2
2.2
2
2.2
2
2.2
2
2.2
2
2.2
2
2.2
2
2.2
2
2.2
2
2.2
2
2.2
2
2.4
2
2.2
2
2.2
2
2.2
2
2.2
2
2.2
2
2.2
2
2.2
2
2.2
2
2.2
2
2.2
2
2.2
2
2.26666666666667
2
2.4
2
2.2
2
2.2
2
2.4
2
2.2
2
2.2
2
2.2
2
2.2
2
2.2
2
2.2
2
2.2
2
2.2
2
2.2
2
2.2
