13.5333333333333
13.4333333333333
13.7666666666667
13.6
13.2
13.2666666666667
13.5666666666667
13.5
14.8666666666667
13.4333333333333
13.4666666666667
13.1666666666667
13.0333333333333
10.2
4.43333333333333
5.96666666666667
4.13333333333333
5.76666666666667
4.63333333333333
3.8
4.13333333333333
3.86666666666667
4.33333333333333
6.26666666666667
5.93333333333333
6.16666666666667
6.4
6.2
6.5
6.56666666666667
6.96666666666667
6.56666666666667
6.76666666666667
6.2
6.5
6.6
6.9
6.73333333333333
6.76666666666667
6.03333333333333
6.56666666666667
6.73333333333333
6.76666666666667
7.16666666666667
6.5
6.33333333333333
5.93333333333333
6.26666666666667
6.7
6.46666666666667
6.3
6.53333333333333
6.3
6.46666666666667
6.63333333333333
6.4
6.1
6.26666666666667
6.1
6.1
6.1
6.3
6.5
6.43333333333333
6.03333333333333
9.96666666666667
7.13333333333333
7.46666666666667
6.6
6.1
6.63333333333333
6.56666666666667
6.56666666666667
7.16666666666667
6.43333333333333
6.76666666666667
6.46666666666667
5.93333333333333
6.2
6.5
6.26666666666667
5.93333333333333
5.96666666666667
6.23333333333333
6.7
6.76666666666667
6.53333333333333
6.26666666666667
6.5
6.03333333333333
5.76666666666667
6.33333333333333
6.4
6.56666666666667
6.1
6.16666666666667
6.5
6.53333333333333
6.43333333333333
6.6
6.33333333333333
6.36666666666667
6.63333333333333
6.2
6.46666666666667
6.1
6.53333333333333
6.16666666666667
6.76666666666667
7.03333333333333
6.7
6.6
6.43333333333333
6.96666666666667
7.03333333333333
6.76666666666667
6.5
6.33333333333333
6.83333333333333
6.66666666666667
7.1
6.8
6.6
6.6
6.46666666666667
6.06666666666667
6.76666666666667
6.8
6.66666666666667
6.6
6.76666666666667
6.86666666666667
6.8
6.5
6.83333333333333
6.66666666666667
6.53333333333333
6.6
6.6
6.7
6.7
7
6.66666666666667
6.66666666666667
7
6.7
6.66666666666667
6.63333333333333
6.53333333333333
6.76666666666667
6.8
6.73333333333333
7.1
6.96666666666667
6.6
7.1
6.5
6
3.8
3.96666666666667
4.33333333333333
3.9
4.4
3.86666666666667
3.66666666666667
4.1
3.53333333333333
3.8
4.1
4.16666666666667
6.6
6.66666666666667
6.6
6.7
6.8
6.53333333333333
6.4
6.56666666666667
6.63333333333333
6.63333333333333
6.46666666666667
6.43333333333333
6.8
6.83333333333333
6.43333333333333
6.73333333333333
6.53333333333333
6.8
6.56666666666667
6.46666666666667
6.8
6.6
6.56666666666667
6.63333333333333
6.6
6.43333333333333
6.16666666666667
6.6
6.16666666666667
6.56666666666667
6.46666666666667
6.63333333333333
6.63333333333333
6.23333333333333
6.6
6.56666666666667
6.46666666666667
6.4
6.23333333333333
6.4
6.73333333333333
6.4
6.13333333333333
6.1
6.36666666666667
6.13333333333333
6.06666666666667
6.46666666666667
6.63333333333333
6.96666666666667
6.8
6.9
7.1
6.73333333333333
6.93333333333333
6.83333333333333
6.8
7.1
6.36666666666667
5.53333333333333
5.1
5.03333333333333
8.13333333333333
9.93333333333333
10.3333333333333
9.8
9.43333333333333
9.9
10.2333333333333
9.7
9.5
9.96666666666667
11.7
14.1333333333333
13.8
13.6
14.0666666666667
14.0333333333333
14.0333333333333
14.6666666666667
14.7
14.3666666666667
14.2666666666667
13.7
13.8333333333333
13.5666666666667
14.4333333333333
14.4333333333333
14.7
14.3333333333333
13.8
14.7
13.9666666666667
15.3666666666667
14.4666666666667
13.7666666666667
13.6333333333333
13.5
13.7333333333333
13.4
13.7333333333333
14.0666666666667
13.5
13.8666666666667
13.5
13.8
13.7666666666667
13.8666666666667
14.4333333333333
13.6333333333333
13.7
13.3
13.9
14.0666666666667
14.8333333333333
14.2666666666667
13.9
14.3
