2.96666666666667
3.06666666666667
2.9
3.03333333333333
3.26666666666667
3.16666666666667
2.93333333333333
3.16666666666667
2.93333333333333
3.03333333333333
3.13333333333333
2.96666666666667
3.1
3.16666666666667
2.93333333333333
3.23333333333333
3
3.1
7.25
3
3.03333333333333
3.06666666666667
2.93333333333333
3.06666666666667
2.9
2.8
2.96666666666667
2.86666666666667
3
3.1
2.83333333333333
2.8
3.93333333333333
3.2
2.93333333333333
3
2.83333333333333
2.86666666666667
2.83333333333333
3.03333333333333
4.2
3.53333333333333
2.96666666666667
2.9
2.73333333333333
2.83333333333333
3.13333333333333
2.9
3.03333333333333
3.03333333333333
2.93333333333333
2.96666666666667
2.8
5.83333333333333
3.76666666666667
3.33333333333333
3.4
3.33333333333333
3.3
7.25
3
3.03333333333333
3.06666666666667
3.1
2.86666666666667
3.3
3.06666666666667
3.13333333333333
3.06666666666667
2.93333333333333
3
3.03333333333333
2.96666666666667
3.06666666666667
2.96666666666667
3
3.13333333333333
3.06666666666667
2.93333333333333
3.16666666666667
2.96666666666667
3.1
3.06666666666667
2.93333333333333
3.06666666666667
3.76666666666667
3.66666666666667
3.2
3
3.03333333333333
3.03333333333333
3
3
3.13333333333333
2.93333333333333
2.96666666666667
3.1
3
3.23333333333333
3.1
2.93333333333333
3.3
2.96666666666667
2.96666666666667
3.06666666666667
2.93333333333333
3.13333333333333
3.03333333333333
2.9
3.03333333333333
3
2.96666666666667
3.4
3.23333333333333
2.9
3.23333333333333
2.9
4.16666666666667
3.86666666666667
3.9
3.86666666666667
4
3.86666666666667
4.13333333333333
3.86666666666667
4.03333333333333
4.13333333333333
3.83333333333333
3.83333333333333
4.03333333333333
3.8
4.03333333333333
4.3
4.03333333333333
4.1
4.13333333333333
4.06666666666667
7.75
3
5.25
4.46666666666667
4.26666666666667
4.43333333333333
4.5
4.53333333333333
4.6
4.73333333333333
4.56666666666667
4.83333333333333
5.06666666666667
4.86666666666667
4.96666666666667
4.86666666666667
4.83333333333333
5.03333333333333
4.9
4.5
3.56666666666667
3.43333333333333
3.76666666666667
4.46666666666667
3.5
3.56666666666667
3.56666666666667
3.33333333333333
3.56666666666667
3.53333333333333
3.36666666666667
3.56666666666667
3.5
3.43333333333333
3.6
3.53333333333333
3.7
3.46666666666667
3.36666666666667
3.46666666666667
3.5
3.36666666666667
3.53333333333333
3.33333333333333
3.3
3.5
3.56666666666667
3.43333333333333
3.73333333333333
3.26666666666667
3.5
3.56666666666667
3.33333333333333
3.43333333333333
3.5
3.36666666666667
3.5
3.43333333333333
3.56666666666667
3.6
3.5
3.4
3.73333333333333
3.33333333333333
3.36666666666667
3.46666666666667
3.26666666666667
3.5
3.56666666666667
3.4
3.66666666666667
3.5
3.6
3.63333333333333
3.46666666666667
3.5
3.6
3.46666666666667
3.23333333333333
3.4
3.23333333333333
3.6
3.56666666666667
3.5
3.6
3.1
3.03333333333333
3.1
3.3
3.43333333333333
3.06666666666667
2.9
3.1
2.96666666666667
3.03333333333333
3.4
3.56666666666667
3.33333333333333
3.26666666666667
3.83333333333333
3.43333333333333
3.66666666666667
3.5
3.43333333333333
3.36666666666667
3.4
3.56666666666667
3.4
3.53333333333333
3.63333333333333
3.36666666666667
4
6
4.53333333333333
4.8
4.83333333333333
4.2
4.33333333333333
4.36666666666667
4.1
4.6
4.46666666666667
7.375
3.06666666666667
2.9
3.1
2.96666666666667
3.06666666666667
3.26666666666667
2.96666666666667
3.06666666666667
3.1
3.1
3.06666666666667
2.96666666666667
2.93333333333333
3.03333333333333
3.06666666666667
2.96666666666667
3
2.8
3.13333333333333
3.1
2.93333333333333
3.1
2.93333333333333
3
3.13333333333333
2.96666666666667
3.1
3.16666666666667
