1.73333333333333
1.6
1.63333333333333
1.63333333333333
2.23333333333333
1.63333333333333
1.6
1.6
1.63333333333333
1.63333333333333
1.66666666666667
1.6
1.73333333333333
1.6
1.6
1.63333333333333
2.26666666666667
1.6
1.6
1.6
1.6
1.63333333333333
1.63333333333333
1.6
1.7
1.6
1.6
1.63333333333333
2.23333333333333
1.6
1.6
1.6
1.6
1.6
1.63333333333333
1.6
1.7
1.6
1.6
1.63333333333333
2.36666666666667
1.6
1.6
1.6
1.6
1.73333333333333
1.7
1.6
4.9
2.2
1.63333333333333
1.6
2.2
1.66666666666667
1.6
1.6
1.6
1.63333333333333
1.63333333333333
1.6
1.7
1.73333333333333
1.63333333333333
1.73333333333333
2.16666666666667
1.6
1.6
1.63333333333333
1.6
1.63333333333333
1.66666666666667
1.6
1.7
1.6
1.63333333333333
1.63333333333333
2.2
1.7
1.66666666666667
1.6
1.6
1.63333333333333
1.7
1.6
1.7
1.6
1.6
1.63333333333333
2.23333333333333
1.6
1.6
1.63333333333333
1.6
1.63333333333333
1.66666666666667
1.6
1.66666666666667
1.66666666666667
1.63333333333333
1.63333333333333
2.26666666666667
1.7
1.6
1.6
1.6
1.66666666666667
1.63333333333333
1.7
1.63333333333333
1.63333333333333
1.6
2.26666666666667
1.63333333333333
1.6
1.6
1.6
1.63333333333333
1.66666666666667
1.63333333333333
1.7
1.63333333333333
1.63333333333333
1.63333333333333
2.36666666666667
1.63333333333333
1.7
1.6
1.76666666666667
1.53333333333333
1.73333333333333
1.6
1.76666666666667
1.6
1.7
1.6
2.36666666666667
1.63333333333333
1.76666666666667
1.6
1.83333333333333
1.63333333333333
1.73333333333333
1.6
1.73333333333333
1.63333333333333
1.66666666666667
1.56666666666667
2.26666666666667
1.63333333333333
1.7
1.6
1.7
1.63333333333333
1.73333333333333
1.56666666666667
1.7
1.6
1.7
1.6
2.23333333333333
1.6
1.7
1.53333333333333
1.7
1.63333333333333
1.7
1.66666666666667
1.86666666666667
1.63333333333333
1.66666666666667
1.63333333333333
3.1
6.93333333333333
1.7
1.63333333333333
1.7
1.73333333333333
1.73333333333333
1.53333333333333
2.03333333333333
1.6
1.7
1.6
2.3
1.6
1.73333333333333
1.56666666666667
1.66666666666667
1.63333333333333
1.76666666666667
1.66666666666667
1.73333333333333
1.6
1.7
1.53333333333333
2.3
1.6
1.7
1.6
1.7
1.6
1.76666666666667
1.53333333333333
1.7
1.6
1.73333333333333
1.6
2.36666666666667
1.6
1.7
1.63333333333333
1.7
1.53333333333333
1.66666666666667
1.63333333333333
1.76666666666667
1.6
1.66666666666667
1.63333333333333
2.26666666666667
1.5
1.7
1.6
1.7
1.63333333333333
1.86666666666667
1.6
1.73333333333333
1.5
1.7
1.66666666666667
2.33333333333333
1.66666666666667
1.73333333333333
1.6
1.63333333333333
1.63333333333333
1.8
1.6
1.83333333333333
1.66666666666667
1.7
1.6
2.33333333333333
1.6
1.7
1.6
1.7
1.66666666666667
1.73333333333333
1.6
1.7
1.7
1.86666666666667
1.9
2.3
1.6
1.7
1.6
1.6
1.7
1.73333333333333
1.6
1.7
1.6
1.66666666666667
1.56666666666667
2.3
1.6
1.73333333333333
1.6
1.7
1.5
1.7
1.6
1.73333333333333
1.6
1.7
1.6
2.23333333333333
1.5
1.73333333333333
1.8
1.7
1.66666666666667
1.76666666666667
1.63333333333333
1.63333333333333
