2.33333333333333
2.35
2.25
2.33333333333333
2.48333333333333
2.21666666666667
2.2
2.26666666666667
2.11666666666667
2.5
2.7
2.28333333333333
2.18333333333333
2.21666666666667
2.26666666666667
2.3
2.48333333333333
2.21666666666667
2.25
2.33333333333333
2.26666666666667
2.3
2.25
2.3
2.26666666666667
2.31666666666667
2.25
2.3
2.55
2.3
2.25
2.31666666666667
2.28333333333333
2.3
2.25
2.3
2.28333333333333
2.3
2.25
2.3
2.6
2.3
2.26666666666667
2.31666666666667
2.3
2.3
2.25
2.3
4.48333333333333
2.3
2.28333333333333
2.31666666666667
2.46666666666667
2.51666666666667
2.25
2.3
2.31666666666667
2.31666666666667
2.26666666666667
2.31666666666667
2.11666666666667
2.16666666666667
2.2
2.18333333333333
2.53333333333333
2.23333333333333
2.3
2.28333333333333
2.95
2.41666666666667
7.6
2.25
2.26666666666667
2.11666666666667
2.33333333333333
2.28333333333333
2.58333333333333
2.25
2.3
2.28333333333333
2.33333333333333
2.25
2.3
2.26666666666667
2.35
2.28333333333333
2.3
2.25
2.6
2.26666666666667
2.23333333333333
2.15
2.36666666666667
2.28333333333333
2.33333333333333
2.26666666666667
2.38333333333333
2.31666666666667
2.31666666666667
2.28333333333333
2.56666666666667
2.23333333333333
2.23333333333333
2.23333333333333
2.26666666666667
2.21666666666667
2.35
2.26666666666667
2.48333333333333
2.15
2.26666666666667
2.28333333333333
2.58333333333333
2.25
2.31666666666667
2.25
2.28333333333333
2.25
2.3
2.25
2.2
2.18333333333333
2.25
2.21666666666667
2.55
2.28333333333333
2.3
2.3
2.33333333333333
2.3
2.3
2.31666666666667
2.35
2.26666666666667
2.28333333333333
2.31666666666667
2.53333333333333
2.23333333333333
2.28333333333333
2.31666666666667
2.36666666666667
2.3
2.28333333333333
2.28333333333333
2.36666666666667
2.55
2.3
2.33333333333333
2.73333333333333
2.3
2.43333333333333
2.51666666666667
2.53846153846154
1.8
1.9
1.9
2
1.83333333333333
1.95
1.81666666666667
2.2
1.8
1.8
1.81666666666667
1.9
1.88333333333333
1.78333333333333
1.76666666666667
1.8
1.78333333333333
1.8
1.75
2.35
1.78333333333333
1.76666666666667
1.78333333333333
1.78333333333333
1.75
1.8
4.75
1.76666666666667
1.8
1.76666666666667
1.71666666666667
2.03333333333333
1.76666666666667
1.78333333333333
1.76666666666667
1.8
1.8
1.75
1.76666666666667
1.78333333333333
1.75
1.8
1.78333333333333
2.05
1.75
1.73333333333333
1.75
1.75
1.78333333333333
1.8
1.8
1.78333333333333
1.78333333333333
1.75
1.76666666666667
2.01666666666667
1.75
1.73333333333333
1.8
1.78333333333333
1.75
1.75
1.78333333333333
2.06666666666667
1.85
1.75
1.78333333333333
2.03333333333333
1.75
1.75
1.76666666666667
1.8
1.8
1.8
1.78333333333333
1.81666666666667
1.75
1.76666666666667
1.76666666666667
2
1.8
1.78333333333333
1.78333333333333
1.78333333333333
1.76666666666667
1.76666666666667
1.8
1.8
1.75
1.78333333333333
1.76666666666667
2.01666666666667
1.75
1.73333333333333
1.75
1.76666666666667
1.76666666666667
1.8
1.8
1.8
1.78333333333333
1.76666666666667
1.78333333333333
2.03333333333333
1.78333333333333
1.78333333333333
1.76666666666667
1.75
1.78333333333333
1.76666666666667
1.76666666666667
1.8
1.76666666666667
1.78333333333333
1.76666666666667
2.03333333333333
1.75
1.76666666666667
1.78333333333333
1.81666666666667
1.75
1.76666666666667
1.76666666666667
1.78333333333333
1.73333333333333
1.75
1.75
1.98333333333333
1.75
1.75
1.75
1.8
1.76666666666667
1.78333333333333
1.75
