1.93333333333333
1.93333333333333
1.96666666666667
1.9
2.03333333333333
2.03333333333333
1.96666666666667
1.96666666666667
2.36666666666667
1.93333333333333
1.96666666666667
1.96666666666667
1.93333333333333
2.1
2
1.93333333333333
1.96666666666667
1.96666666666667
1.96666666666667
1.9
2.36666666666667
2.06666666666667
2
1.96666666666667
1.86666666666667
1.96666666666667
1.93333333333333
2
1.9
2
1.96666666666667
1.93333333333333
2.3
1.93333333333333
1.96666666666667
2
2
1.93333333333333
1.86666666666667
1.9
1.96666666666667
2.06666666666667
1.93333333333333
1.93333333333333
2.26666666666667
1.93333333333333
1.9
1.9
1.96666666666667
1.93333333333333
1.96666666666667
1.93333333333333
1.96666666666667
2.03333333333333
2
1.96666666666667
2.33333333333333
1.96666666666667
1.93333333333333
1.9
1.9
1.93333333333333
1.93333333333333
1.96666666666667
1.93333333333333
1.96666666666667
1.96666666666667
1.9
2.26666666666667
1.96666666666667
1.93333333333333
1.9
1.93333333333333
1.9
1.96666666666667
1.9
1.93333333333333
2.06666666666667
2
2.33333333333333
2.33333333333333
1.93333333333333
1.86666666666667
1.93333333333333
1.9
2
2
1.93333333333333
1.9
2
1.93333333333333
1.86666666666667
2.26666666666667
1.93333333333333
2.03333333333333
2.03333333333333
1.9
1.93333333333333
1.93333333333333
2.06666666666667
1.76666666666667
1.66666666666667
1.5
1.6
1.9
1.56666666666667
1.5
1.6
1.5
1.56666666666667
1.5
1.6
1.5
1.63333333333333
1.5
1.6
1.9
1.56666666666667
1.5
1.6
1.5
1.56666666666667
1.5
1.53333333333333
1.76666666666667
1.73333333333333
1.5
1.6
1.9
1.53333333333333
1.5
1.6
1.53333333333333
1.6
1.53333333333333
1.6
1.5
1.96666666666667
1.56666666666667
1.6
1.9
1.6
1.5
1.6
1.5
1.6
1.53333333333333
1.6
2.96666666666667
3.76666666666667
1.53333333333333
1.6
1.93333333333333
1.6
1.53333333333333
1.53333333333333
1.56666666666667
1.6
1.53333333333333
1.56666666666667
1.5
1.6
1.53333333333333
1.6
1.96666666666667
1.56666666666667
1.56666666666667
1.6
1.53333333333333
1.56666666666667
1.6
1.53333333333333
1.6
1.63333333333333
1.53333333333333
1.6
1.96666666666667
1.56666666666667
1.53333333333333
1.6
1.5
1.6
1.53333333333333
1.6
1.56666666666667
1.63333333333333
1.5
1.53333333333333
1.93333333333333
1.6
1.56666666666667
1.6
1.5
1.6
1.56666666666667
1.56666666666667
1.6
1.6
1.6
1.53333333333333
2
1.6
1.6
1.5
1.6
1.56666666666667
1.6
1.56666666666667
1.53333333333333
1.63333333333333
1.56666666666667
1.6
1.93333333333333
1.56666666666667
1.53333333333333
1.56666666666667
1.56666666666667
1.53333333333333
1.56666666666667
1.6
1.6
1.56666666666667
1.6
1.5
1.93333333333333
1.6
1.56666666666667
1.6
1.6
1.6
1.56666666666667
1.6
1.6
1.66666666666667
1.6
1.5
1.93333333333333
1.53333333333333
1.6
1.56666666666667
1.6
1.53333333333333
1.6
1.6
1.53333333333333
1.6
1.6
1.6
1.9
1.6
1.56666666666667
1.53333333333333
1.6
1.53333333333333
1.6
1.6
1.6
1.6
1.6
1.6
1.93333333333333
1.6
1.53333333333333
1.6
1.53333333333333
1.6
1.6
1.6
1.53333333333333
1.56666666666667
1.6
1.53333333333333
2
4.13333333333333
2.66666666666667
1.8
1.86666666666667
2
2
1.93333333333333
1.96666666666667
1.96666666666667
1.9
1.93333333333333
2.4
1.93333333333333
1.9
1.9
