2.93333333333333
3.75
3
3
2.93333333333333
2.63333333333333
2.5
2.5
2.5
2.5
2.5
2.5
2.5
2.5
2.5
2.5
2.5
2.53333333333333
2.5
2.5
2.5
2.5
2.5
2.5
2.5
2.5
2.5
2.5
2.56666666666667
2.53333333333333
2.5
2.5
2.5
2.5
2.5
2.5
2.5
2.5
2.5
2.5
2.5
2.53333333333333
2.5
2.5
2.5
2.5
2.5
2.5
2.5
2.5
2.5
2.5
2.5
3.64285714285714
2.86666666666667
2.6
2.5
2.5
2.5
2.5
2.5
2.5
2.5
2.5
2.5
2.53333333333333
2.5
2.5
2.5
2.5
2.5
2.5
2.5
2.5
2.66666666666667
2.5
2.5
2.53333333333333
2.5
2.5
2.5
2.5
2.5
2.5
2.5
2.5
2.5
2.5
2.5
2.53333333333333
2.5
2.5
2.5
2.5
2.5
2.5
2.5
2.5
2.5
2.5
2.9
2.83333333333333
3.2
2.5
2.6
2.5
2.5
2.5
2.5
2.5
2.5
2.5
2.56666666666667
2.53333333333333
2.5
2.5
2.5
2.5
2.53333333333333
2.56666666666667
2.5
3.5
3
2.53333333333333
3.06666666666667
3.06666666666667
3
2.76666666666667
2.93333333333333
2.53333333333333
2.63333333333333
2.7
2.73333333333333
2.53333333333333
2.63333333333333
2.5
2.56666666666667
2.63333333333333
2.5
2.5
2.5
2.5
2.5
2.5
2.5
2.5
2.5
2.5
2.56666666666667
2.56666666666667
2.5
2.53333333333333
2.53333333333333
2.5
2.5
2.5
3.67857142857143
2.6
2.5
2.5
2.6
2.5
2.5
2.56666666666667
2.5
2.5
2.5
2.5
2.5
2.5
2.5
2.5
2.5
2.5
2.5
2.5
2.5
2.5
2.5
2.5
2.5
2.5
2.5
2.5
3.76923076923077
3
2.93333333333333
2.96666666666667
3.60714285714286
2.66666666666667
2.5
2.5
2.6
2.5
2.5
2.5
2.53333333333333
2.53333333333333
2.56666666666667
2.53333333333333
2.5
2.5
2.53333333333333
2.53333333333333
2.5
2.5
2.6
2.7
2.56666666666667
2.53333333333333
2.5
2.5
2.5
2.5
2.5
2.6
2.76666666666667
2.53333333333333
2.76666666666667
2.5
3.60714285714286
2.6
2.5
2.5
2.5
2.5
2.5
2.5
2.5
3.57142857142857
2.63333333333333
2.53333333333333
2.93333333333333
3.75
3
2.93333333333333
3
2.96666666666667
2.8
2.73333333333333
2.96666666666667
2.83333333333333
2.73333333333333
2.53333333333333
2.83333333333333
2.8
2.7
2.6
2.83333333333333
2.63333333333333
2.5
2.5
2.53333333333333
2.73333333333333
2.9
2.76666666666667
2.73333333333333
2.56666666666667
2.96666666666667
2.53333333333333
2.8
2.8
3
2.76666666666667
3.03333333333333
2.6
2.83333333333333
2.56666666666667
2.9
2.53333333333333
2.8
2.5
2.8
2.53333333333333
2.8
2.5
4.46153846153846
3.35714285714286
2.7
2.56666666666667
2.7
2.6
2.7
2.56666666666667
2.7
2.6
2.66666666666667
2.56666666666667
