2.23333333333333
2.93333333333333
2.26666666666667
2.53333333333333
2.36666666666667
3.53333333333333
2.6
2.3
2.2
2.33333333333333
2.23333333333333
2.3
2.2
3.43333333333333
3.26666666666667
2.33333333333333
2.23333333333333
3
2.33333333333333
2.46666666666667
2.2
2.33333333333333
2.2
2.26666666666667
2.26666666666667
2.96666666666667
2.1
2.4
2.1
3.2
2.53333333333333
2.33333333333333
2.16666666666667
2.2
2.36666666666667
2.26666666666667
2.43333333333333
2.8
2.33333333333333
2.3
2.16666666666667
3.06666666666667
2.4
2.2
2.13333333333333
2.5
2.16666666666667
2.46666666666667
2.2
3.53333333333333
3.5
2.36666666666667
2.16666666666667
3.1
2.2
2.3
2.23333333333333
2.46666666666667
2.13333333333333
2.26666666666667
2.3
2.83333333333333
2.5
2.26666666666667
2.3
3.06666666666667
2.3
2.2
2.2
2.4
2.16666666666667
2.33333333333333
2.23333333333333
2.96666666666667
2.23333333333333
2.36666666666667
2.16666666666667
3.56666666666667
2.4
2.46666666666667
2.33333333333333
2.23333333333333
2.3
2.36666666666667
2.36666666666667
3.33333333333333
3.2
2.36666666666667
2.3
3.3
2.2
2.33333333333333
2.23333333333333
2.46666666666667
2.2
2.13333333333333
2.43333333333333
2.83333333333333
2.63333333333333
2.4
2.1
3.7
2.23333333333333
2.3
2.23333333333333
2.26666666666667
2.16666666666667
2.16666666666667
2.36666666666667
2.63333333333333
2.36666666666667
2.33333333333333
2.33333333333333
2.96666666666667
2.33333333333333
2.23333333333333
2.1
2.5
2.03333333333333
2.46666666666667
2.2
3.73333333333333
3.13333333333333
2.2
2.33333333333333
2.93333333333333
2.4
2.16666666666667
2.3
2.16666666666667
2.36666666666667
2.36666666666667
2.26666666666667
2.8
2.33333333333333
2.16666666666667
2.26666666666667
3.13333333333333
2.46666666666667
2.33333333333333
2.33333333333333
2.43333333333333
2.2
2.23333333333333
2.23333333333333
2.86666666666667
3.43333333333333
2.3
2.93333333333333
9.63333333333333
3.16666666666667
2.36666666666667
2.23333333333333
2.26666666666667
2.36666666666667
2.2
2.36666666666667
3.53333333333333
3.33333333333333
2.3
2.56666666666667
2.86666666666667
2.3
2.3
2.13333333333333
2.36666666666667
2.23333333333333
2.26666666666667
2.33333333333333
3.23333333333333
2.16666666666667
2.23333333333333
2.6
2.86666666666667
2.43333333333333
2.3
2.16666666666667
2.4
2.2
2.26666666666667
2.36666666666667
3.1
2.2
2.3
2.3
2.96666666666667
2.43333333333333
2.36666666666667
2.33333333333333
2.2
2.33333333333333
2.16666666666667
2.4
3.76666666666667
3.33333333333333
2.4
2.16666666666667
3.1
2.36666666666667
2.46666666666667
2.3
3.46666666666667
2.4
2.16666666666667
2.36666666666667
2.8
2.2
2.33333333333333
2.36666666666667
3.06666666666667
2.46666666666667
2.36666666666667
2.2
2.4
2.2
2.2
2.26666666666667
2.9
2.16666666666667
2.2
2.3
3.06666666666667
2.46666666666667
2.16666666666667
2.23333333333333
2.3
2.23333333333333
2.26666666666667
2.46666666666667
3.76666666666667
3.16666666666667
2.66666666666667
2.13333333333333
3.63333333333333
2.26666666666667
2.23333333333333
2.26666666666667
2.33333333333333
2.4
2.3
2.6
2.66666666666667
2.53333333333333
2.4
2.2
3.13333333333333
2.23333333333333
2.2
2.23333333333333
2.3
2.16666666666667
2.16666666666667
2.46666666666667
2.73333333333333
2.26666666666667
2.26666666666667
2.2
2.96666666666667
2.43333333333333
2.16666666666667
2.3
2.26666666666667
2.26666666666667
2.2
2.26666666666667
3.4
3.4
2.5
2.16666666666667
3.33333333333333
2.26666666666667
2.46666666666667
2.13333333333333
2.4
2.2
2.16666666666667
2.36666666666667
2.73333333333333
2.36666666666667
2.3
2.33333333333333
3.03333333333333
2.3
2.3
2.36666666666667
2.33333333333333
2.26666666666667
2.16666666666667
