6.73333333333333
6.6
6.58333333333333
6.81666666666667
6.73333333333333
7.86666666666667
9.95
10.45
7.88333333333333
7
6.75
6.68333333333333
6.78333333333333
7.13333333333333
6.6
6.73333333333333
6.78333333333333
8.45
9.71666666666667
10.1666666666667
8
7.03333333333333
7.03333333333333
6.63333333333333
6.73333333333333
6.65
6.76666666666667
6.7
6.81666666666667
8.3
9.56666666666667
10.15
6.78333333333333
6.8
6.7
6.53333333333333
6.75
6.6
6.61666666666667
6.51666666666667
7.43333333333333
8.15
9.91666666666667
9.78333333333333
7.9
7.71666666666667
6.63333333333333
6.6
6.88333333333333
6.63333333333333
6.63333333333333
6.76666666666667
6.98333333333333
8.76666666666667
9.8
11.1666666666667
7.2
7.03333333333333
6.73333333333333
6.91666666666667
6.48333333333333
7.28333333333333
7.31666666666667
7.16666666666667
6.88333333333333
7.61666666666667
8.28333333333333
8.23333333333333
6.56666666666667
6.8
7.05
6.73333333333333
6.81666666666667
6.68333333333333
6.63333333333333
6.76666666666667
8.11666666666667
16.0833333333333
9.01666666666667
8.56666666666667
30.95
30.65
7.9
6.68333333333333
7.15
6.46666666666667
7.36666666666667
6.55
7.33333333333333
6.46666666666667
7.55
7.08333333333333
6.16666666666667
7.01666666666667
7.91666666666667
6.93333333333333
7.11666666666667
6.75
6.78333333333333
6.96666666666667
7.31666666666667
17.9333333333333
7.43333333333333
6.46666666666667
7.6
7.01666666666667
7.1
7.38333333333333
6.75
7
7.11666666666667
6.98333333333333
7.53333333333333
6.48333333333333
6.91666666666667
7.48333333333333
6.75
7.06666666666667
6.41666666666667
7.01666666666667
6.63333333333333
6.88333333333333
6.83333333333333
6.68333333333333
7.36666666666667
6.38333333333333
6.91666666666667
6.71666666666667
6.98333333333333
6.88333333333333
7
6.48333333333333
7.21666666666667
6.71666666666667
6.61666666666667
6.65
6.91666666666667
7.18333333333333
6.88333333333333
6.21666666666667
6.76666666666667
7.18333333333333
7.1
6.78333333333333
7
6.31666666666667
6.55
7.28333333333333
6.36666666666667
6.93333333333333
6.68333333333333
7.35
6.61666666666667
6.91666666666667
7.15
6.71666666666667
7.13333333333333
6.48333333333333
6.68333333333333
6.7
7.36666666666667
6.38333333333333
7.53333333333333
6.65
6.73333333333333
6.73333333333333
6.66666666666667
6.46666666666667
6.76666666666667
6.68333333333333
6.91666666666667
6.7
7.45
24.75
13.1
6.56666666666667
6.6
6.71666666666667
6.66666666666667
6.43333333333333
6.68333333333333
6.58333333333333
6.48333333333333
6.73333333333333
6.65
7.01666666666667
6.95
6.66666666666667
6.41666666666667
6.61666666666667
6.7
6.46666666666667
6.65
6.68333333333333
6.55
6.61666666666667
6.73333333333333
7.26666666666667
6.93333333333333
6.46666666666667
6.5
6.7
6.65
6.5
6.58333333333333
6.63333333333333
6.63333333333333
7.01666666666667
6.65
6.53333333333333
6.68333333333333
6.58333333333333
6.71666666666667
6.63333333333333
6.6
6.41666666666667
7.03333333333333
19.3166666666667
29.35
10.95
8.6
8.9
10.25
10.65
8.4
8.23333333333333
8.26666666666667
7.86666666666667
8.03333333333333
7.86666666666667
7.91666666666667
7.93333333333333
8.1
9.26666666666667
11.45
11.4166666666667
9.33333333333333
8.3
8.05
7.76666666666667
8.13333333333333
7.95
7.9
8.1
8.03333333333333
9.3
10.9833333333333
11.2833333333333
8.2
8.13333333333333
8.28333333333333
7.83333333333333
8
7.93333333333333
8.18333333333333
7.86666666666667
8.01666666666667
9.56666666666667
11.4833333333333
11.7666666666667
9.35
8.11666666666667
7.93333333333333
7.93333333333333
8.03333333333333
7.98333333333333
7.98333333333333
7.86666666666667
8.01666666666667
8.61666666666667
9.75
9.91666666666667
9
8.4
8.06666666666667
7.78333333333333
7.86666666666667
7.91666666666667
7.88333333333333
8.15
8.3
9.5
10.3166666666667
9.38333333333333
7.98333333333333
8.08333333333333
7.8
7.88333333333333
