3.16666666666667
3.31666666666667
3.65
3.61666666666667
3.11666666666667
2.96666666666667
3.21666666666667
3.08333333333333
2.71666666666667
2.96666666666667
2.88333333333333
2.93333333333333
2.88333333333333
3.03333333333333
3.08333333333333
2.98333333333333
2.86666666666667
2.86666666666667
2.91666666666667
3.06666666666667
2.95
3.98333333333333
2.91666666666667
2.9
3.08333333333333
4.08333333333333
3.91666666666667
3.6
3.41666666666667
3.6
3.61666666666667
3.73333333333333
3.63333333333333
3.65
3.51666666666667
3.78333333333333
3.58333333333333
3.56666666666667
3.53333333333333
3.73333333333333
3.51666666666667
3.16666666666667
3.3
3.18333333333333
3.25
3.43333333333333
3.16666666666667
3.03333333333333
3.38333333333333
3.2
3.51666666666667
3.06666666666667
3.16666666666667
2.81666666666667
2.96666666666667
3.05
2.86666666666667
2.93333333333333
2.98333333333333
2.98333333333333
2.88333333333333
3.36666666666667
3.21666666666667
3.58333333333333
3.31666666666667
3
2.96666666666667
3.15
2.85
2.91666666666667
2.81666666666667
2.96666666666667
3.51666666666667
3.38333333333333
2.83333333333333
3.05
2.9
2.91666666666667
3.06666666666667
3.51666666666667
2.76666666666667
3.1
3
3.18333333333333
2.96666666666667
3.03333333333333
3.91666666666667
3.8
2.93333333333333
2.88333333333333
2.91666666666667
3.3
2.81666666666667
3.51666666666667
2.83333333333333
2.9
2.9
3.11666666666667
3.86666666666667
2.91666666666667
4.2
3.03333333333333
3.05
3.41666666666667
3.11666666666667
2.98333333333333
5.11666666666667
4.06666666666667
6.1
4.36666666666667
3.75
4.48333333333333
5.3
4.5
9.25
5.93333333333333
4.11666666666667
3.55
3.68333333333333
2.9
4.91666666666667
5
4.3
3.78333333333333
4.66666666666667
6.16666666666667
5.31666666666667
7.3
6.76666666666667
7.11666666666667
4.86666666666667
3.26666666666667
5.18333333333333
4.86666666666667
3.45
3.61666666666667
3.95
3.11666666666667
4.28333333333333
3.88333333333333
3.66666666666667
2.88333333333333
3.56666666666667
4.35
4.21666666666667
4.38333333333333
3.81666666666667
3.71666666666667
3.48333333333333
6.3
4.03333333333333
3.95
4.43333333333333
3.8
4.65
5.13333333333333
3.9
5.7
5
3.31666666666667
3.03333333333333
3.4
3.23333333333333
3.36666666666667
3.25
3.41666666666667
2.78333333333333
3.73333333333333
6.55
3.93333333333333
2.9
3.9
3.1
4.7
22.8166666666667
9.36666666666667
10.4166666666667
7.38333333333333
2.98333333333333
4.23333333333333
4.15
5.7
4.4
3.33333333333333
4.6
3.58333333333333
2.91666666666667
3.9
3.61666666666667
2.86666666666667
2.96666666666667
3.15
3.8
4.81666666666667
3.05
3.23333333333333
5.36666666666667
3.38333333333333
3.23333333333333
4.46666666666667
2.91666666666667
2.9
2.85
4.53333333333333
4.48333333333333
3.07142857142857
2.95
3.61666666666667
4.1
3.21666666666667
3.65
3.73333333333333
4.01666666666667
3.05
3.01666666666667
2.85
4.43333333333333
4.56666666666667
3.3
4.11666666666667
3.71666666666667
3.36666666666667
3.13333333333333
3.61666666666667
2.96666666666667
3.38333333333333
2.88333333333333
4.15
4.06666666666667
4
2.83333333333333
3.2
3.8
3.66666666666667
3.5
3.56666666666667
3.26666666666667
4.96666666666667
3.01666666666667
3
3.83333333333333
4.13333333333333
2.96666666666667
3.01666666666667
3.33333333333333
2.96666666666667
3.16666666666667
3.11666666666667
4.1
3.78333333333333
2.88333333333333
3.11666666666667
3.98333333333333
4.21666666666667
2.76785714285714
3.23333333333333
3.3
5.85
6.66666666666667
4.6
3.75
4.08333333333333
5.41666666666667
3.08333333333333
4.86666666666667
4.93333333333333
3.01666666666667
2.95
3.23333333333333
5.65
5.7
3.05
3.91666666666667
2.86666666666667
2.95
4.65
4.5
2.96666666666667
4.23333333333333
3.05
2.93333333333333
2.83333333333333
3.1
3.01666666666667
2.9
2.91666666666667
2.9
2.8
