1.75
1.73333333333333
1.71666666666667
1.7
1.73333333333333
1.93333333333333
1.75
1.7
1.7
1.71666666666667
1.76666666666667
1.75
1.73333333333333
1.73333333333333
1.71666666666667
1.75
1.75
1.98333333333333
1.75
1.73333333333333
1.75
1.78333333333333
1.76666666666667
1.73333333333333
1.75
1.73333333333333
1.76666666666667
1.73333333333333
1.73333333333333
1.95
1.71666666666667
1.71666666666667
1.75
1.75
1.75
1.76666666666667
1.73333333333333
1.75
1.7
1.73333333333333
1.71666666666667
1.93333333333333
1.75
1.73333333333333
1.71666666666667
1.73333333333333
1.75
1.75
1.76666666666667
1.7
1.76666666666667
1.8
1.75
1.95
1.73333333333333
1.75
1.71666666666667
1.71666666666667
1.73333333333333
1.8
1.76666666666667
1.7
1.75
1.73333333333333
1.75
1.98333333333333
1.71666666666667
1.75
1.73333333333333
1.78333333333333
1.76666666666667
1.73333333333333
1.73333333333333
1.71666666666667
1.71666666666667
1.73333333333333
1.73333333333333
1.95
1.73333333333333
1.75
1.78333333333333
1.78333333333333
1.76666666666667
1.7
1.75
1.73333333333333
1.76785714285714
1.7
1.73333333333333
1.95
1.71666666666667
1.75
1.7
1.7
1.78333333333333
1.75
1.7
1.76666666666667
1.71666666666667
1.75
1.63333333333333
1.75
1.5
1.53333333333333
1.5
1.55
1.5
1.51666666666667
1.5
1.53333333333333
1.5
1.55
1.5
1.73333333333333
1.5
1.53333333333333
1.5
1.55
1.51666666666667
1.53333333333333
1.5
1.53333333333333
1.5
1.55
1.5
1.73333333333333
1.5
1.55
1.5
1.51666666666667
1.5
1.53333333333333
1.5
1.55
1.51666666666667
1.51666666666667
1.53333333333333
1.71666666666667
1.51666666666667
1.55
1.51666666666667
1.53333333333333
1.55
1.53333333333333
1.55
1.51666666666667
1.53333333333333
1.55
2.65
2.7
1.55
1.53333333333333
1.51666666666667
1.55
1.53333333333333
1.53333333333333
1.55
1.53333333333333
1.53333333333333
1.55
1.51666666666667
1.73333333333333
1.55
1.51666666666667
1.5
1.55
1.51666666666667
1.51666666666667
1.53333333333333
1.51666666666667
1.5
1.53333333333333
1.51666666666667
1.73333333333333
1.55
1.53333333333333
1.53333333333333
1.53333333333333
1.51666666666667
1.51666666666667
1.51666666666667
1.55
1.51666666666667
1.51666666666667
1.51666666666667
1.73333333333333
1.53333333333333
1.53333333333333
1.53333333333333
1.53333333333333
1.56666666666667
1.5
1.51666666666667
1.55
1.53333333333333
1.55
1.55
1.75
1.51666666666667
1.55
1.53333333333333
1.55
1.56666666666667
1.53333333333333
1.51666666666667
1.55
1.56666666666667
1.53333333333333
1.55
1.73333333333333
1.55
1.55
1.55
1.55
1.55
1.51666666666667
1.51666666666667
1.55
1.53333333333333
1.53333333333333
1.56666666666667
1.71666666666667
1.51666666666667
1.55
1.53333333333333
1.53333333333333
1.55
1.53333333333333
1.51666666666667
1.55
1.51666666666667
1.51666666666667
1.55
1.71666666666667
1.51666666666667
1.53333333333333
1.51666666666667
1.5
1.53333333333333
1.55
1.55
1.51666666666667
1.5
1.51666666666667
1.55
1.73333333333333
1.51666666666667
1.55
1.51666666666667
1.51666666666667
1.55
1.51666666666667
1.53333333333333
1.55
1.51666666666667
1.5
1.51666666666667
1.73333333333333
1.51666666666667
1.55
1.51666666666667
1.5
1.55
1.51666666666667
1.51666666666667
1.55
1.51666666666667
1.51666666666667
1.53333333333333
1.9
1.53333333333333
1.55
1.51666666666667
1.51666666666667
1.55
1.51666666666667
1.65
1.7
1.75
1.7
1.78333333333333
1.95
1.75
1.73333333333333
1.75
1.73333333333333
1.71666666666667
1.75
