1.5
1.5
1.51666666666667
1.51666666666667
1.51666666666667
1.6
1.5
1.7
1.46666666666667
1.43333333333333
1.5
1.55
1.48333333333333
1.46666666666667
1.45
1.43333333333333
1.45
1.66666666666667
1.51666666666667
1.66666666666667
1.46666666666667
1.45
1.45
1.55
1.51666666666667
1.51666666666667
1.46666666666667
1.46666666666667
1.46666666666667
1.56666666666667
1.5
1.68333333333333
1.45
1.43333333333333
1.43333333333333
1.5
1.53333333333333
1.43333333333333
1.48333333333333
1.43333333333333
1.45
1.48333333333333
1.5
1.65
1.53333333333333
1.46666666666667
1.5
1.55
1.53333333333333
1.48333333333333
1.51666666666667
1.43333333333333
1.48333333333333
1.58333333333333
1.53333333333333
1.78333333333333
1.5
1.43333333333333
1.51666666666667
1.5
1.53333333333333
1.48333333333333
1.43333333333333
1.43333333333333
1.41666666666667
1.43333333333333
1.45
1.7
1.5
1.51666666666667
1.5
1.53333333333333
1.55
1.48333333333333
1.48333333333333
1.48333333333333
1.5
1.46666666666667
1.4
1.71666666666667
1.48333333333333
1.48333333333333
1.45
1.48333333333333
1.43333333333333
1.41666666666667
1.48333333333333
1.45
1.51666666666667
1.48333333333333
1.48333333333333
1.7
1.5
1.5
1.51666666666667
1.5
1.6
1.55
1.51666666666667
1.51666666666667
1.45
1.26666666666667
1.28333333333333
1.45
1.25
1.25
1.28333333333333
1.25
1.25
1.25
1.3
1.25
1.26666666666667
1.36666666666667
1.31666666666667
1.45
1.3
1.25
1.28333333333333
1.25
1.26666666666667
1.25
1.3
1.25
1.26666666666667
1.26666666666667
1.26666666666667
1.43333333333333
1.3
1.25
1.26666666666667
1.23333333333333
1.26666666666667
1.28333333333333
1.3
1.3
1.28333333333333
1.25
1.25
1.43333333333333
1.28333333333333
1.25
1.31666666666667
1.3
1.25
1.25
1.26666666666667
1.25
2.13333333333333
2.28333333333333
1.55
1.48333333333333
1.25
1.25
1.25
1.23333333333333
1.26666666666667
1.3
1.25
1.25
1.3
1.28333333333333
1.3
1.45
1.26666666666667
1.25
1.3
1.21666666666667
1.3
1.3
1.25
1.21666666666667
1.3
1.3
1.3
1.41666666666667
1.26666666666667
1.23333333333333
1.3
1.25
1.28333333333333
1.26666666666667
1.25
1.25
1.3
1.33333333333333
1.3
1.48333333333333
1.28333333333333
1.26666666666667
1.3
1.3
1.3
1.26666666666667
1.28333333333333
1.26666666666667
1.3
1.33333333333333
1.3
1.48333333333333
1.28333333333333
1.23333333333333
1.28333333333333
1.31666666666667
1.28333333333333
1.3
1.3
1.25
1.3
1.3
1.3
1.45
1.3
1.26666666666667
1.26666666666667
1.3
1.3
1.3
1.3
1.25
1.28333333333333
1.35
1.3
1.5
1.3
1.25
1.26666666666667
1.3
1.28333333333333
1.25
1.3
1.28333333333333
1.26666666666667
1.33333333333333
1.3
1.43333333333333
1.28333333333333
1.26666666666667
1.26666666666667
1.28333333333333
1.28333333333333
1.25
1.28333333333333
1.25
1.28333333333333
1.31666666666667
1.3
1.48333333333333
1.26666666666667
1.25
1.28333333333333
1.28333333333333
1.31666666666667
1.26666666666667
1.28333333333333
1.3
1.28333333333333
1.31666666666667
1.28333333333333
1.43333333333333
1.38333333333333
1.23333333333333
1.28333333333333
1.3
1.31666666666667
1.3
1.3
1.25
1.3
1.36666666666667
1.35
1.45
1.28333333333333
1.26666666666667
1.28333333333333
1.3
1.4
1.46666666666667
1.51666666666667
1.38333333333333
1.5
1.53333333333333
1.46666666666667
1.6
1.48333333333333
1.38333333333333
1.46666666666667
1.51666666666667
