1.76666666666667
1.83333333333333
1.93333333333333
1.86666666666667
1.8
1.83333333333333
1.76666666666667
1.78333333333333
1.8
1.8
1.8
1.8
1.8
1.81666666666667
1.93333333333333
1.86666666666667
1.81666666666667
1.85
1.8
1.81666666666667
1.8
1.8
1.8
1.85
1.98333333333333
2.03333333333333
2.21666666666667
1.98333333333333
1.98333333333333
1.96666666666667
1.9
1.93333333333333
1.95
1.96666666666667
2
1.93333333333333
2.01666666666667
1.93333333333333
2.05
2.05
1.96666666666667
2.05
1.96666666666667
1.98333333333333
1.9
1.93333333333333
1.91666666666667
2
1.9
1.9
2.13333333333333
2
1.93333333333333
2.05
2.05
1.96666666666667
1.96666666666667
2
1.98333333333333
1.98333333333333
2
2.08333333333333
2.06666666666667
2.03333333333333
1.98333333333333
2
1.96666666666667
2.11666666666667
2.03333333333333
2
1.98333333333333
2.01666666666667
1.96666666666667
1.93333333333333
2.08333333333333
1.96666666666667
1.98333333333333
2
2
1.98333333333333
2
1.95
1.96666666666667
2.06666666666667
2.01666666666667
2.03333333333333
2.11666666666667
2.03333333333333
2
1.98333333333333
1.93333333333333
1.96666666666667
1.95
1.96666666666667
1.98333333333333
2.03333333333333
2.05
2
2.1
2.03333333333333
1.88333333333333
1.81666666666667
1.66666666666667
1.61666666666667
1.65
1.71666666666667
1.66666666666667
1.75
1.7
1.75
1.9
1.76666666666667
1.68333333333333
1.78333333333333
1.78333333333333
1.8
1.71666666666667
1.73333333333333
1.7
1.73333333333333
1.66666666666667
1.73333333333333
1.78333333333333
1.8
1.73333333333333
1.8
1.66666666666667
1.76666666666667
1.75
1.65
1.7
1.75
1.65
1.68333333333333
1.93333333333333
1.75
1.75
1.75
1.61666666666667
1.66666666666667
1.7
1.73333333333333
1.73333333333333
1.7
1.68333333333333
1.7
1.86666666666667
1.76666666666667
2.95
2.28333333333333
1.63333333333333
1.76666666666667
2.01666666666667
1.75
1.73333333333333
1.71666666666667
1.73333333333333
1.7
1.86666666666667
1.71666666666667
1.68333333333333
1.81666666666667
1.6
1.73333333333333
1.63333333333333
1.7
1.7
1.7
1.71666666666667
1.75
1.86666666666667
1.71666666666667
1.65
1.71666666666667
1.66666666666667
1.71666666666667
1.66666666666667
1.76666666666667
1.75
1.71666666666667
1.66666666666667
1.75
1.88333333333333
1.7
1.68333333333333
1.76666666666667
1.75
1.66666666666667
1.68333333333333
1.7
1.71666666666667
1.68333333333333
1.66666666666667
1.68333333333333
1.85
1.73333333333333
1.66666666666667
1.71666666666667
1.63333333333333
1.61666666666667
1.61666666666667
1.78333333333333
1.68333333333333
1.73333333333333
1.65
1.8
1.93333333333333
1.76666666666667
1.75
1.8
1.71666666666667
1.73333333333333
1.68333333333333
1.78333333333333
1.73333333333333
1.66666666666667
1.63333333333333
1.75
1.91666666666667
1.7
1.73333333333333
1.7
1.71666666666667
1.65
1.75
1.76666666666667
1.71666666666667
1.71666666666667
1.71666666666667
1.7
1.91666666666667
1.71666666666667
1.71666666666667
1.71666666666667
1.68333333333333
1.73333333333333
1.75
1.76666666666667
1.73333333333333
1.71666666666667
1.68333333333333
1.71666666666667
1.91666666666667
1.7
1.65
1.83333333333333
1.65
1.68333333333333
1.71666666666667
1.76666666666667
1.75
1.75
1.63333333333333
1.75
1.85
1.7
1.75
1.75
1.63333333333333
1.7
1.68333333333333
1.73333333333333
1.63333333333333
1.7
1.73333333333333
1.71666666666667
1.9
1.73333333333333
1.75
1.86666666666667
1.71666666666667
1.7
1.75
1.68333333333333
1.75
1.61666666666667
1.78333333333333
1.78333333333333
2.05
1.9
1.93333333333333
2.03333333333333
1.96666666666667
2
1.95
1.95
1.95
1.91666666666667
