4.21666666666667
7.15
4.3
3.93333333333333
7.78333333333333
4.83333333333333
4.1
3.91666666666667
4.11666666666667
3.86666666666667
3.95
6.43333333333333
6.88333333333333
4.56666666666667
5.56666666666667
4.03333333333333
5.75
4.31666666666667
4.03333333333333
4.03333333333333
4.15
4
4.01666666666667
4.06666666666667
4.2
4.21666666666667
3.98333333333333
3.96666666666667
3.86666666666667
4.28333333333333
3.93333333333333
4.03333333333333
4.2
3.95
3.96666666666667
4.01666666666667
3.91666666666667
4.03333333333333
4.01666666666667
4
4.01666666666667
4.21666666666667
3.88333333333333
3.93333333333333
4.23333333333333
3.98333333333333
3.95
3.98333333333333
3.98333333333333
3.96666666666667
4
3.93333333333333
3.91666666666667
4.23333333333333
3.9
3.98333333333333
4.2
3.93333333333333
4.05
3.95
3.9
3.91666666666667
4
3.9
3.96666666666667
4.25
3.93333333333333
4
4.16666666666667
3.93333333333333
3.96666666666667
3.96666666666667
4.01666666666667
3.88333333333333
3.96666666666667
3.9
3.95
4.2
3.95
3.96666666666667
4.15
3.98333333333333
3.95
3.98333333333333
3.93333333333333
3.98333333333333
3.98333333333333
3.9
3.91666666666667
4.18333333333333
3.95
3.86666666666667
4.08333333333333
3.93333333333333
3.86666666666667
3.9
3.93333333333333
3.88333333333333
3.93333333333333
3.93333333333333
3.43333333333333
3.25
3.05
3.01666666666667
3.23333333333333
3
3.03333333333333
3
3.05
3
3.05
3
3.05
3.25
3.03333333333333
3.08333333333333
3.15
3.05
3
3.01666666666667
3
3
3.05
3.05
3
3.3
3
3.05
3.21666666666667
3.05
3
3
3.05
3.05
3.03333333333333
3.01666666666667
3.06666666666667
3.23333333333333
3.06666666666667
3.05
3.2
3
3
3.01666666666667
3.01666666666667
3.05
3.01666666666667
3
3.05
3.2
3.1
3.36666666666667
3.21666666666667
3
3.05
3.11666666666667
3.01666666666667
3.05
2.98333333333333
2.96666666666667
3
3.1
3.16666666666667
2.96666666666667
3.23333333333333
2.98333333333333
3.03333333333333
2.96666666666667
3.05
3.01666666666667
3.05
3
3.05
3.13333333333333
3.16666666666667
3.01666666666667
3.23333333333333
3
3.01666666666667
3.03333333333333
3
3.03333333333333
3.03333333333333
3.05
3.05
3.05
3.18333333333333
3.01666666666667
3.21666666666667
3
3.03333333333333
3.05
3.03333333333333
3.05
3.03333333333333
3.03333333333333
3.03333333333333
3.13333333333333
3.18333333333333
3.05
3.25
3.05
3.05
3.05
3.03333333333333
3.03333333333333
3.03333333333333
3.03333333333333
3.06666666666667
3.15
3.2
3.05
3.25
2.91666666666667
2.98333333333333
3.01666666666667
3.18333333333333
8.91666666666667
3.1
3.08333333333333
3.15
3.15
3.31666666666667
2.98333333333333
3.23333333333333
3
3
2.96666666666667
3
3
3.05
3.06666666666667
3.05
3.28333333333333
3.26666666666667
3.08333333333333
3.35
3.06666666666667
3.46666666666667
7.96666666666667
4.95
3
6.36666666666667
3.25
3.11666666666667
3.05
3.16666666666667
3.03333333333333
3.16666666666667
3.05
3.08333333333333
3.06666666666667
3.18333333333333
6.11666666666667
5.03333333333333
3.35
3.36666666666667
3.41666666666667
3.45
3.08333333333333
3.25
3.33333333333333
3.26666666666667
3.3
3.38333333333333
3.35
3.65
3.1
3.2
3.33333333333333
3.81666666666667
3.6
3.48333333333333
3.1
3.05
3.1
5.71666666666667
3.91666666666667
3.91666666666667
3.86666666666667
3.86666666666667
4.13333333333333
3.98333333333333
3.78333333333333
4.53333333333333
4.18333333333333
4.06666666666667
4.35
