1.75
1.85
1.8
1.86666666666667
1.9
1.83333333333333
1.8
1.8
1.86666666666667
1.81666666666667
1.78333333333333
2
9.6
1.8
1.8
2.1
9.16666666666667
1.85
1.85
1.81666666666667
1.9
1.81666666666667
1.78333333333333
1.96666666666667
1.8
9.15
1.86666666666667
1.73333333333333
1.71666666666667
1.73333333333333
1.81666666666667
1.73333333333333
1.71666666666667
1.8
1.68333333333333
1.81666666666667
1.71666666666667
1.71666666666667
1.76666666666667
1.73333333333333
1.71666666666667
1.73333333333333
1.71666666666667
1.78333333333333
1.75
1.73333333333333
1.68333333333333
1.85
1.76666666666667
1.76666666666667
1.73333333333333
1.73333333333333
1.73333333333333
1.73333333333333
1.7
1.73333333333333
1.7
1.75
1.75
1.91666666666667
1.73333333333333
1.73333333333333
1.73333333333333
1.73333333333333
1.68333333333333
1.75
1.75
1.78333333333333
1.7
1.76666666666667
1.75
1.91666666666667
1.71666666666667
1.73333333333333
1.71666666666667
1.75
1.76666666666667
1.71666666666667
1.7
1.73333333333333
1.73333333333333
1.66666666666667
1.68333333333333
1.86666666666667
1.71666666666667
1.75
1.75
1.8
1.75
1.73333333333333
1.71666666666667
1.75
1.75
1.8
1.75
1.86666666666667
1.76666666666667
1.76666666666667
1.75
1.75
1.61666666666667
1.53333333333333
1.5
1.55
1.5
1.55
1.5
1.71666666666667
1.5
1.55
1.5
1.55
1.5
1.55
1.5
1.53333333333333
1.5
1.55
1.5
1.7
1.5
1.55
1.5
1.5
1.5
1.55
1.5
1.53333333333333
1.5
1.55
1.5
1.7
1.5
1.51666666666667
1.53333333333333
1.55
1.51666666666667
1.75
1.55
1.55
1.53333333333333
1.55
1.5
1.71666666666667
1.5
1.55
1.51666666666667
1.55
1.53333333333333
1.55
1.51666666666667
1.9
1.55
1.55
1.55
1.75
1.55
1.53333333333333
1.55
1.55
1.55
1.55
1.55
1.55
1.55
1.55
1.5
1.75
1.55
1.55
1.53333333333333
1.55
1.6
1.55
1.55
1.55
1.56666666666667
1.55
1.71666666666667
1.51666666666667
1.55
1.53333333333333
1.53333333333333
1.53333333333333
1.56666666666667
1.53333333333333
1.55
1.55
1.55
1.53333333333333
1.75
1.55
1.55
1.53333333333333
1.53333333333333
1.55
1.51666666666667
1.53333333333333
1.55
1.53333333333333
1.55
1.55
1.75
1.55
1.51666666666667
1.51666666666667
1.53333333333333
1.55
1.55
1.55
1.55
1.55
1.55
1.55
1.7
1.55
1.55
1.51666666666667
1.51666666666667
1.53333333333333
1.55
1.51666666666667
1.53333333333333
1.55
1.5
1.55
1.66666666666667
1.56666666666667
1.51666666666667
1.55
1.51666666666667
1.55
1.51666666666667
1.55
1.5
1.55
1.53333333333333
1.55
1.7
1.5
1.51666666666667
1.55
1.5
1.55
1.56666666666667
1.53333333333333
1.51666666666667
1.55
1.56666666666667
1.55
1.7
1.55
1.53333333333333
1.55
1.55
1.86666666666667
8.71666666666667
1.56666666666667
1.55
1.55
1.73333333333333
1.56666666666667
1.75
1.55
1.55
1.6
1.55
1.55
1.6
1.55
8.31666666666667
1.55
1.6
1.6
1.75
1.86666666666667
1.8
1.8
1.85
1.8
1.8
1.8
1.8
6.88333333333333
3.5
1.8
2
1.75
