1.26666666666667
1.25
1.25
1.25
1.25
1.3
1.25
1.25
1.25
1.28333333333333
1.25
1.45
7.45
1.25
1.25
1.3
7.71666666666667
1.3
1.3
1.26666666666667
1.35
1.28333333333333
1.25
1.45
1.25
7.58333333333333
1.25
1.25
1.25
1.26666666666667
1.31666666666667
1.25
1.25
1.28333333333333
1.25
1.46666666666667
1.3
1.25
1.25
1.25
1.25
1.28333333333333
1.26666666666667
1.25
1.25
1.26666666666667
1.25
1.45
1.25
1.25
1.25
1.25
1.25
1.28333333333333
1.31666666666667
1.26666666666667
1.3
1.26666666666667
1.25
1.45
1.25
1.25
1.25
1.25
1.25
1.28333333333333
1.25
1.25
1.25
1.28333333333333
1.25
1.45
1.25
1.25
1.3
1.25
1.28333333333333
1.25
1.28333333333333
1.25
1.25
1.3
1.25
1.45
1.25
1.25
1.25
1.25
1.25
1.3
1.28333333333333
1.25
1.25
1.31666666666667
1.25
1.45
1.25
1.25
1.25
1.25
1.16666666666667
1.13333333333333
1.01666666666667
1.05
1.01666666666667
1.06666666666667
1
1.25
1.05
1.05
1
1.01666666666667
1.05
1.1
1.03333333333333
1.05
1.06666666666667
1.06666666666667
1
1.2
1.05
1.05
1.01666666666667
1.05
1
1.11666666666667
1.08333333333333
1
1
1.11666666666667
1
1.21666666666667
1.01666666666667
1.05
1.01666666666667
1.06666666666667
1.03333333333333
1.13333333333333
1.03333333333333
1.01666666666667
1.05
1.05
1.03333333333333
1.21666666666667
1.05
1.06666666666667
1.08333333333333
1.01666666666667
1
1.15
1.48333333333333
1.05
1.08333333333333
1.15
1.05
1.23333333333333
1.06666666666667
1
1.11666666666667
1
1.06666666666667
1.1
1.11666666666667
1.05
1.05
1.11666666666667
1.05
1.3
1.1
1.05
1.06666666666667
1.2
1.05
1.08333333333333
1.1
1.05
1.05
1.06666666666667
1
1.3
1.13333333333333
1.03333333333333
1.05
1.05
1.05
1.08333333333333
1.1
1.08333333333333
1.03333333333333
1.08333333333333
1.01666666666667
1.23333333333333
1.06666666666667
1.03333333333333
1.03333333333333
1.05
1.05
1.11666666666667
1.13333333333333
1.05
1.05
1.11666666666667
1.03333333333333
1.28333333333333
1.11666666666667
1.01666666666667
1
1.06666666666667
1.05
1.1
1.06666666666667
1.05
1.03333333333333
1.13333333333333
1.06666666666667
1.23333333333333
1.1
1.05
1.23333333333333
1.05
1.05
1.2
1.06666666666667
1
1.03333333333333
1.11666666666667
1.08333333333333
1.2
1.05
1.03333333333333
1
1.05
1
1.05
1.06666666666667
1.05
1.01666666666667
1.08333333333333
1.06666666666667
1.26666666666667
1.06666666666667
1.05
1
1.11666666666667
1
1.1
1.06666666666667
1.08333333333333
1
1.1
1.05
1.25
1.06666666666667
1.08333333333333
1.05
1.06666666666667
1.13333333333333
4.8
1.08333333333333
1.05
1.05
1.18333333333333
1.05
1.28333333333333
1.15
1.05
1.06666666666667
1.21666666666667
1.01666666666667
1.06666666666667
1.13333333333333
6.46666666666667
1.06666666666667
1.13333333333333
1.01666666666667
1.21666666666667
1.31666666666667
1.25
1.48333333333333
1.48333333333333
1.31666666666667
1.3
1.25
1.25
5.45
2.45
1.25
1.45
