1.83333333333333
1.6
1.5
1.6
1.73333333333333
1.5
1.5
1.5
1.6
1.7
1.5
1.5
1.53333333333333
1.53333333333333
1.5
1.5
1.5
1.5
1.56666666666667
1.5
1.5
1.5
1.5
1.73333333333333
1.83333333333333
1.9
2
1.93333333333333
1.96666666666667
1.93333333333333
1.96666666666667
2.06666666666667
2
2
1.9
1.8
1.86666666666667
2
1.86666666666667
1.73333333333333
1.6
1.8
2
1.9
1.86666666666667
1.6
1.8
1.96666666666667
1.9
2.03333333333333
4.16666666666667
1.83333333333333
1.63333333333333
1.86666666666667
1.96666666666667
1.56666666666667
1.8
1.6
1.66666666666667
1.56666666666667
1.83333333333333
1.66666666666667
1.9
1.9
1.63333333333333
1.5
1.66666666666667
1.5
1.83333333333333
1.53333333333333
1.66666666666667
1.6
2
1.8
2
1.76666666666667
2
1.8
1.93333333333333
1.9
2
2
2
2.03333333333333
2.03333333333333
1.66666666666667
2
1.6
1.86666666666667
1.73333333333333
1.86666666666667
1.76666666666667
2
1.76666666666667
1.96666666666667
2
2.06666666666667
1.96666666666667
1.93333333333333
2
1.93333333333333
2
2
1.96666666666667
2.06666666666667
2
2
2
2
2
1.86666666666667
1.83333333333333
1.76666666666667
1.53333333333333
1.8
1.53333333333333
1.53333333333333
1.73333333333333
1.56666666666667
1.96666666666667
1.96666666666667
1.9
2
2
2
2
2.33333333333333
2
1.66666666666667
1.5
1.73333333333333
1.76666666666667
1.56666666666667
1.7
1.53333333333333
1.6
1.63333333333333
1.5
1.76666666666667
1.86666666666667
1.63333333333333
1.83333333333333
1.7
1.86666666666667
1.7
1.73333333333333
1.56666666666667
1.5
1.5
1.5
1.6
1.63333333333333
1.6
1.56666666666667
1.93333333333333
1.76666666666667
1.7
2
2.4
1.53333333333333
1.5
1.83333333333333
1.53333333333333
1.6
1.56666666666667
1.5
1.5
1.5
1.73333333333333
1.6
1.5
1.5
1.5
1.56666666666667
1.5
1.5
1.76666666666667
1.6
1.53333333333333
1.56666666666667
1.6
1.6
1.5
1.5
1.7
1.53333333333333
1.56666666666667
1.6
1.5
1.76666666666667
1.5
1.63333333333333
1.8
2.2
2.56666666666667
2.03333333333333
1.76666666666667
1.5
1.6
1.5
1.83333333333333
1.7
1.56666666666667
1.5
1.83333333333333
1.9
1.86666666666667
1.5
1.86666666666667
1.6
1.86666666666667
2
2
2.13333333333333
2
2
2
2.06666666666667
2
2.2
2
2.13333333333333
2
2.03333333333333
2.16666666666667
2
2.3
2
2.4
2
2.16666666666667
2.03333333333333
2.16666666666667
2.2
2
2
2.2
2
2.16666666666667
2
2.03333333333333
2
2.1
2.26666666666667
2
2
2
2.06666666666667
2.16666666666667
2
1.86666666666667
1.76666666666667
1.8
1.9
1.86666666666667
2
2
1.93333333333333
1.86666666666667
1.9
2
1.93333333333333
1.73333333333333
1.53333333333333
1.7
1.86666666666667
2.13333333333333
2
2
2
2.03333333333333
1.66666666666667
1.86666666666667
1.7
1.5
1.5
1.5
1.93333333333333
1.63333333333333
1.63333333333333
1.53333333333333
1.56666666666667
1.86666666666667
1.66666666666667
1.9
1.73333333333333
1.73333333333333
1.8
