2.75
2.75
2.73333333333333
2.8
2.85
2.96666666666667
2.91666666666667
2.76666666666667
3.9
2.76666666666667
2.71666666666667
2.8
2.75
2.78333333333333
2.66666666666667
2.75
2.83333333333333
3.85
2.91666666666667
2.73333333333333
2.63333333333333
2.78333333333333
2.75
2.8
3.01666666666667
2.7
2.65
2.78333333333333
2.83333333333333
3
2.95
2.71666666666667
2.65
2.76666666666667
2.73333333333333
2.78333333333333
2.8
2.83333333333333
2.7
2.8
2.86666666666667
3.05
2.96666666666667
2.78333333333333
2.66666666666667
3.43333333333333
2.73333333333333
2.8
6.4
3.2
11.4166666666667
19.7833333333333
20.2666666666667
11.4
2.96666666666667
2.78333333333333
2.7
2.76666666666667
2.61666666666667
2.76666666666667
2.73333333333333
2.8
2.7
2.7
2.75
2.95
2.95
2.76666666666667
2.68333333333333
2.71666666666667
2.63333333333333
2.76666666666667
2.73333333333333
2.78333333333333
2.7
2.75
2.73333333333333
2.95
2.9
2.75
2.71666666666667
2.73333333333333
2.71666666666667
2.76666666666667
2.76666666666667
2.76666666666667
2.73333333333333
2.76666666666667
2.76666666666667
2.91666666666667
2.91666666666667
2.8
2.73333333333333
2.75
2.78333333333333
2.83333333333333
2.81666666666667
2.8
2.76666666666667
2.75
2.8
2.86666666666667
2.91666666666667
2.85
2.75
2.75
2.76666666666667
2.91666666666667
2.91666666666667
3.26666666666667
2.73333333333333
2.93333333333333
2.83333333333333
3.83333333333333
3
2.8
2.68333333333333
2.76666666666667
2.66666666666667
2.7
2.75
2.78333333333333
2.71666666666667
2.78333333333333
2.9
2.86666666666667
2.96666666666667
2.76666666666667
2.75
2.76666666666667
2.78333333333333
2.93333333333333
3.23333333333333
3.1
2.93333333333333
3.16666666666667
2.81666666666667
2.9
3.1
3.03333333333333
3.1
2.88333333333333
5.3
3.61666666666667
3.46666666666667
2.91666666666667
3.08333333333333
2.8
2.96666666666667
2.9
2.88333333333333
2.9
2.78333333333333
2.93333333333333
2.8
3
3.31666666666667
3.16666666666667
2.81666666666667
2.78333333333333
3.03333333333333
2.86666666666667
2.78333333333333
2.8
2.8
2.8
2.96666666666667
3.1
3.2
2.81666666666667
2.76666666666667
2.8
3.3
3.05
2.81666666666667
2.81666666666667
7.53333333333333
2.85
2.81666666666667
2.91666666666667
3.1
3.01666666666667
3.35
3.15
3.06666666666667
3.28333333333333
2.95
2.85
8.76666666666667
2.93333333333333
2.93333333333333
3.95
3.76666666666667
3.28333333333333
3.31666666666667
3.4
3.58333333333333
3.46666666666667
3.08333333333333
3.18333333333333
3.36666666666667
2.91666666666667
2.75
2.8
4.7
13.9333333333333
2.96666666666667
2.98333333333333
3.01666666666667
4.11666666666667
3.08333333333333
3.18333333333333
3.96666666666667
3.13333333333333
2.95
3.13333333333333
3.01666666666667
11.45
29.75
26.5
3.3
6.33333333333333
23.1833333333333
15.4833333333333
16.5833333333333
20.2833333333333
15.9333333333333
15.7333333333333
15.4
16.9
15.2
13.6166666666667
8.38333333333333
32.4333333333333
32.3666666666667
33.5666666666667
33.7
21.95
28.8666666666667
31.2333333333333
33.35
30.5
30.7166666666667
7.78333333333333
2.7
2.38333333333333
2.31666666666667
2.31666666666667
2.36666666666667
2.31666666666667
2.33333333333333
2.3
2.41666666666667
2.35
2.68333333333333
2.38333333333333
2.7
2.4
2.36666666666667
2.36666666666667
2.3
2.25
2.3
2.3
2.36666666666667
2.3
2.3
2.3
2.66666666666667
2.41666666666667
2.33333333333333
2.3
2.33333333333333
2.36666666666667
2.28333333333333
2.3
2.35
2.33333333333333
2.3
2.3
2.75
2.4
2.25
2.35
2.35
2.31666666666667
2.31666666666667
2.31666666666667
