1.3
1.35
1.43333333333333
1.56666666666667
1.35
1.4
1.36666666666667
1.28333333333333
1.35
1.36666666666667
1.43333333333333
1.3
1.41666666666667
1.4
1.4
1.56666666666667
1.43333333333333
1.41666666666667
1.43333333333333
1.31666666666667
1.36666666666667
1.25
1.36666666666667
1.31666666666667
1.38333333333333
1.35
1.41666666666667
1.61666666666667
1.35
1.31666666666667
1.4
1.35
1.38333333333333
1.3
1.36666666666667
1.33333333333333
1.35
1.33333333333333
1.46666666666667
1.6
1.4
1.43333333333333
1.43333333333333
1.38333333333333
1.45
1.35
1.36666666666667
1.35
1.36666666666667
1.3
1.4
1.56666666666667
1.38333333333333
1.33333333333333
1.36666666666667
1.33333333333333
1.41666666666667
1.3
1.33333333333333
1.33333333333333
1.36666666666667
1.35
1.41666666666667
1.56666666666667
1.4
1.38333333333333
1.35
1.3
1.5
1.33333333333333
1.35
1.36666666666667
1.36666666666667
1.4
1.36666666666667
1.56666666666667
1.38333333333333
1.48333333333333
1.5
1.3
1.36666666666667
1.35
1.35
1.33333333333333
1.36666666666667
1.33333333333333
1.38333333333333
1.55
1.35
1.35
1.36666666666667
1.31666666666667
1.4
1.33333333333333
1.36666666666667
1.36666666666667
1.36666666666667
1.36666666666667
1.4
1.61666666666667
1.33333333333333
1.25
1.25
1.25
1.25
1.25
1.26666666666667
1.25
1.25
1.25
1.3
1.46666666666667
1.25
1.25
1.3
1.3
1.25
1.25
1.25
1.25
1.25
1.25
1.28333333333333
1.5
1.25
1.26666666666667
1.25
1.25
1.28333333333333
1.26666666666667
1.26666666666667
1.26666666666667
1.25
1.26666666666667
1.25
1.5
1.25
1.25
1.25
1.25
1.25
1.25
1.25
1.25
1.28333333333333
1.25
1.25
1.5
1.26666666666667
1.41666666666667
1.25
1.26666666666667
1.25
1.51666666666667
1.26666666666667
1.28333333333333
1.25
1.25
1.25
1.51666666666667
1.25
1.28333333333333
1.26666666666667
1.28333333333333
1.26666666666667
1.28333333333333
1.28333333333333
1.28333333333333
1.28333333333333
1.28333333333333
1.26666666666667
1.53333333333333
1.25
1.26666666666667
1.25
1.25
1.26666666666667
1.28333333333333
1.25
1.25
1.25
1.28333333333333
1.25
1.48333333333333
1.25
1.3
1.3
1.3
1.25
1.3
1.25
1.26666666666667
1.25
1.26666666666667
1.25
1.5
1.25
1.3
1.25
1.3
1.25
1.28333333333333
1.25
1.3
1.25
1.3
1.25
1.5
1.26666666666667
1.33333333333333
1.25
1.3
1.25
1.28333333333333
1.25
1.28333333333333
1.25
1.28333333333333
1.25
1.48333333333333
1.25
1.31666666666667
1.25
1.28333333333333
1.25
1.3
1.25
1.3
1.25
1.3
1.25
1.5
1.25
1.3
1.25
1.26666666666667
1.25
1.26666666666667
1.25
1.25
1.25
1.26666666666667
1.25
1.51666666666667
1.25
1.36666666666667
1.25
1.28333333333333
1.25
1.25
1.25
1.25
1.25
1.25
1.25
1.48333333333333
1.25
1.36666666666667
1.25
1.25
1.25
1.26666666666667
1.25
1.3
1.25
1.25
1.25
1.51666666666667
1.25
1.26666666666667
1.25
1.3
1.25
1.25
1.25
1.25
1.33333333333333
1.4
1.5
1.75
1.35
1.43333333333333
1.4
1.36666666666667
1.5
1.45
1.35
1.41666666666667
