3.18125
3.28125
3.22291666666667
3.2
3.2125
3.23541666666667
3.23958333333333
3.21875
3.23541666666667
3.2125
3.23958333333333
3.20625
3.20833333333333
3.2625
3.20625
3.21458333333333
3.25208333333333
3.20833333333333
3.20625
3.23125
3.20833333333333
3.21875
3.23125
3.2
3.19166666666667
3.275
3.2125
3.21458333333333
3.23958333333333
3.20416666666667
3.20208333333333
3.22083333333333
3.21041666666667
3.19791666666667
3.22708333333333
3.20416666666667
3.2
3.27083333333333
3.23125
3.20208333333333
3.22291666666667
3.18958333333333
3.19791666666667
3.21458333333333
3.22916666666667
3.19375
3.25625
3.2125
3.19791666666667
3.27083333333333
3.23125
3.2125
3.25625
3.23125
3.21041666666667
3.23958333333333
3.22083333333333
3.2
3.21875
3.21666666666667
3.21458333333333
3.24583333333333
3.22291666666667
3.22083333333333
3.22708333333333
3.24166666666667
3.18541666666667
3.2375
3.22083333333333
3.20833333333333
3.24791666666667
3.22916666666667
3.2125
3.25416666666667
3.2375
3.23125
3.24791666666667
3.25833333333333
3.225
3.26041666666667
3.21875
3.23541666666667
3.22291666666667
3.27083333333333
3.22291666666667
3.29583333333333
3.20833333333333
3.26666666666667
3.22916666666667
3.2625
3.22291666666667
3.24166666666667
3.23541666666667
3.24791666666667
3.27708333333333
3.27708333333333
3.19583333333333
3.29791666666667
3.225
3.23958333333333
3.26458333333333
3.21458333333333
3.18125
3.18541666666667
3.19583333333333
3.17083333333333
3.18333333333333
3.17916666666667
3.18333333333333
3.22291666666667
3.17916666666667
3.16875
3.22083333333333
3.10208333333333
3.07708333333333
3.27916666666667
3.07916666666667
3.14375
3.1875
3.18958333333333
3.17708333333333
3.21875
3.19375
3.18333333333333
3.19583333333333
3.17291666666667
3.15625
3.19166666666667
3.21041666666667
3.21666666666667
3.26458333333333
3.24166666666667
3.19375
3.26875
3.22291666666667
3.2375
3.3125
3.275
3.26875
3.29166666666667
3.26458333333333
3.24166666666667
3.31458333333333
3.27916666666667
3.27083333333333
3.34791666666667
3.29166666666667
3.225
3.47291666666667
3.37291666666667
3.18541666666667
3.28541666666667
3.21666666666667
3.18958333333333
3.20833333333333
3.2
3.2
3.2375
3.18541666666667
3.17083333333333
3.20833333333333
3.18125
3.17916666666667
3.21458333333333
3.19583333333333
3.15625
3.20625
3.1875
3.19583333333333
3.23958333333333
3.19583333333333
3.15208333333333
3.18541666666667
3.13541666666667
3.15
3.2
3.20625
3.17708333333333
3.19791666666667
3.17083333333333
3.17083333333333
3.21666666666667
3.21458333333333
3.15625
3.2125
3.18541666666667
3.17916666666667
3.20833333333333
3.18541666666667
3.18541666666667
3.19583333333333
3.20625
3.175
3.2375
3.1875
3.175
3.20416666666667
3.21458333333333
3.18333333333333
3.1875
3.19166666666667
3.21458333333333
3.22916666666667
3.16875
3.17708333333333
3.24166666666667
3.18125
3.17916666666667
3.2125
3.21458333333333
3.19166666666667
3.19583333333333
3.19375
3.18541666666667
3.20208333333333
3.20833333333333
3.18125
3.225
3.20625
3.21666666666667
3.22708333333333
3.20416666666667
3.19166666666667
3.2125
3.22291666666667
3.21041666666667
3.21666666666667
3.18958333333333
3.17291666666667
3.21875
3.19791666666667
3.1875
3.22291666666667
3.20416666666667
3.19791666666667
3.24166666666667
3.19583333333333
3.22708333333333
3.20833333333333
3.18333333333333
3.17083333333333
3.24166666666667
3.19375
3.1875
3.20416666666667
3.20416666666667
3.18541666666667
3.20208333333333
3.20416666666667
3.17291666666667
3.20208333333333
3.2
3.18541666666667
3.24166666666667
3.19166666666667
3.16875
3.18333333333333
3.1875
3.18125
3.20625
3.20625
3.175
3.2
3.19166666666667
3.19166666666667
3.21875
3.22708333333333
3.21041666666667
3.18958333333333
3.18958333333333
3.18333333333333
3.20208333333333
3.2
3.17291666666667
3.20416666666667
3.18541666666667
3.28541666666667
3.2875
3.28958333333333
3.19583333333333
3.26875
3.225
3.24791666666667
3.23125
3.25625
3.19375
3.23541666666667
3.25208333333333
