1.75
1.75
1.73333333333333
1.75
1.75
1.75
2.05
1.73333333333333
2.31666666666667
1.85
1.73333333333333
1.75
1.73333333333333
1.75
1.73333333333333
1.75
1.73333333333333
1.8
1.98333333333333
1.73333333333333
1.73333333333333
1.75
1.75
1.75
1.75
1.75
1.75
1.78333333333333
1.73333333333333
1.75
2.05
1.73333333333333
1.71666666666667
1.73333333333333
1.75
1.75
1.78333333333333
1.75
1.75
1.73333333333333
1.75
1.75
2.1
1.75
1.75
1.8
1.73333333333333
1.75
3.53333333333333
2.08333333333333
1.75
1.75
1.73333333333333
1.75
2
1.75
1.75
1.75
1.9
1.75
1.73333333333333
1.75
1.75
1.75
1.75
1.73333333333333
2
1.75
1.73333333333333
1.75
1.75
1.73333333333333
1.75
1.75
1.75
1.75
1.75
1.75
2
1.75
1.73333333333333
1.76666666666667
1.75
1.73333333333333
1.75
1.75
1.75
1.73333333333333
1.73333333333333
1.73333333333333
2
1.75
1.75
1.75
1.75
1.73333333333333
1.9
1.75
1.73333333333333
1.75
1.75
1.75
2
1.75
1.71666666666667
1.75
1.75
1.73333333333333
1.75
1.7
1.63333333333333
1.68333333333333
1.66666666666667
1.63333333333333
1.96666666666667
1.73333333333333
1.71666666666667
1.75
1.75
1.73333333333333
1.76666666666667
1.73333333333333
1.75
1.71666666666667
1.71666666666667
1.7
2.05
1.76666666666667
1.75
1.75
1.8
1.76666666666667
1.81666666666667
1.73333333333333
1.78333333333333
1.76666666666667
1.75
1.75
2.05
1.73333333333333
1.73333333333333
1.71666666666667
1.73333333333333
1.71666666666667
1.73333333333333
1.73333333333333
1.75
1.75
1.75
1.71666666666667
2.05
1.8
1.8
1.8
1.81666666666667
1.81666666666667
1.88333333333333
1.8
1.8
1.8
1.8
1.83333333333333
2.13333333333333
1.8
1.83333333333333
1.8
1.81666666666667
1.78333333333333
1.83333333333333
1.8
1.8
1.8
5.1
1.81666666666667
2.16666666666667
1.8
1.76666666666667
1.8
1.8
1.8
1.85
1.8
1.8
1.76666666666667
1.81666666666667
1.78333333333333
2.13333333333333
1.8
1.8
1.8
1.76666666666667
1.81666666666667
1.9
1.81666666666667
1.81666666666667
1.8
1.8
1.81666666666667
2.16666666666667
1.76666666666667
1.8
1.81666666666667
1.86666666666667
1.81666666666667
1.85
1.76666666666667
1.78333333333333
1.8
1.8
1.8
2.15
1.8
1.8
1.76666666666667
1.78333333333333
1.8
1.86666666666667
1.83333333333333
1.8
1.8
1.8
1.75
2.11666666666667
1.8
1.8
1.8
1.83333333333333
1.78333333333333
1.86666666666667
1.83333333333333
1.8
1.8
1.8
1.8
2.15
1.75
1.78333333333333
1.8
1.8
1.8
1.88333333333333
1.78333333333333
1.76666666666667
1.8
1.8
1.8
2.13333333333333
1.8
1.8
1.76666666666667
1.8
1.91666666666667
1.95
1.8
1.8
1.8
1.8
1.78333333333333
2.1
1.8
1.8
1.8
1.86666666666667
1.8
1.85
1.91666666666667
1.83333333333333
1.8
1.8
1.78333333333333
2.11666666666667
1.8
1.8
1.8
1.88333333333333
1.86666666666667
1.86666666666667
1.76666666666667
1.78333333333333
1.8
1.8
1.8
2.13333333333333
1.8
1.78333333333333
1.78333333333333
1.83333333333333
1.88333333333333
