3.2
3.2
3
3.2
3
3.2
3
3.2
3
3.2
3
3.2
3.2
3.2
3
3.2
3
3.2
3
3.2
3
3.2
3
3.2
3.2
3.2
3
3.2
3
3.2
3
3.2
3
3.2
3
3.2
3.2
3.2
3
3.2
3
3.2
3
3.2
3
4.26666666666667
3
3.2
3.2
3.2
3
3.2
3
3.2
3
3.2
3
3.2
3
3.2
3.2
3.2
3
3.2
3
3.2
3
3.2
3
3.2
3
3.2
3.2
3.2
3
3.2
3
3.2
3
3.13333333333333
3.06666666666667
3.13333333333333
3.06666666666667
3.13333333333333
3.26666666666667
3.13333333333333
3.06666666666667
3.13333333333333
3.06666666666667
3.13333333333333
3.06666666666667
3.13333333333333
3.06666666666667
3.13333333333333
3.06666666666667
3.13333333333333
3.26666666666667
3.13333333333333
3.06666666666667
3.13333333333333
3.06666666666667
3.13333333333333
3.06666666666667
3.13333333333333
3.06666666666667
3.13333333333333
3.06666666666667
3.13333333333333
3.26666666666667
3.13333333333333
3.06666666666667
3.13333333333333
3.06666666666667
3.13333333333333
3.06666666666667
3.13333333333333
3.06666666666667
3.13333333333333
3.06666666666667
3.13333333333333
3.26666666666667
3.13333333333333
3.06666666666667
3.13333333333333
3.06666666666667
3.13333333333333
3.06666666666667
3.13333333333333
3.06666666666667
3.13333333333333
3.06666666666667
3.13333333333333
3.26666666666667
3.13333333333333
3.06666666666667
3.13333333333333
3.06666666666667
3.13333333333333
3.06666666666667
3.13333333333333
3.06666666666667
3.13333333333333
3.06666666666667
3.13333333333333
3.26666666666667
3.13333333333333
3.06666666666667
3.13333333333333
3.06666666666667
3.13333333333333
3.06666666666667
3.13333333333333
3.06666666666667
3.13333333333333
3.06666666666667
3.13333333333333
3.26666666666667
3.13333333333333
3.06666666666667
3.13333333333333
3.06666666666667
3.13333333333333
3.06666666666667
3.13333333333333
3.06666666666667
3.13333333333333
3.06666666666667
3.13333333333333
3.26666666666667
3.13333333333333
3.06666666666667
3.13333333333333
3.06666666666667
3.2
3.06666666666667
3.13333333333333
3.06666666666667
3.13333333333333
3.06666666666667
3.13333333333333
3.26666666666667
3.13333333333333
3.06666666666667
3.13333333333333
3.06666666666667
3.13333333333333
3.06666666666667
3.13333333333333
3.06666666666667
3.13333333333333
3.06666666666667
3.06666666666667
3.33333333333333
3.06666666666667
3.13333333333333
3.06666666666667
3.13333333333333
3.06666666666667
3.13333333333333
3.06666666666667
3.13333333333333
3.06666666666667
3.13333333333333
3.06666666666667
3.33333333333333
3.06666666666667
3.13333333333333
3.06666666666667
3.13333333333333
3.06666666666667
3.13333333333333
3.06666666666667
3.13333333333333
3.06666666666667
3.13333333333333
3.06666666666667
3.33333333333333
3.06666666666667
3.13333333333333
3.06666666666667
3.13333333333333
3.06666666666667
3.13333333333333
3.06666666666667
3.13333333333333
3.06666666666667
3.13333333333333
3.06666666666667
3.33333333333333
3.06666666666667
3.13333333333333
3.06666666666667
3.13333333333333
3.06666666666667
3.13333333333333
3.06666666666667
3.13333333333333
3.06666666666667
3.13333333333333
3.06666666666667
3.33333333333333
3.06666666666667
3.2
3.06666666666667
3.13333333333333
3.06666666666667
3.13333333333333
3.06666666666667
3.2
3.06666666666667
3.13333333333333
3.06666666666667
3.33333333333333
3.06666666666667
3.13333333333333
3.06666666666667
3.13333333333333
3.06666666666667
3.13333333333333
3.06666666666667
3.2
3
3.2
3
3.4
3
3.2
3
3.2
3
3.2
3
3.2
3
3.2
3
3.8
3
3.2
3
3.2
3
3.2
3
3.2
3
3.2
3
