24.2333333333333
21.6666666666667
21.5
23.6666666666667
20.4333333333333
19.0333333333333
20.6666666666667
19.2666666666667
18.2
21.7666666666667
22.3666666666667
17.1333333333333
17.7666666666667
24.7666666666667
16.7666666666667
13.4666666666667
14.8333333333333
20.3666666666667
3.83333333333333
1.83333333333333
1.76666666666667
1.73333333333333
1.66666666666667
1.66666666666667
7.1
4.96666666666667
10.5333333333333
8.9
26.8666666666667
23.6
24.5333333333333
24.9666666666667
25.6333333333333
25.8
25.2666666666667
25.2333333333333
25.1333333333333
24.2
21.4333333333333
18.5
16.0333333333333
14.8666666666667
13.7333333333333
24.4333333333333
24.0333333333333
21.2
10.1333333333333
6.4
14.6666666666667
19.9
16.3
16.1666666666667
16.4666666666667
18.6
18
15.6333333333333
16.0666666666667
16.2666666666667
16.3333333333333
17.3
19.2666666666667
19.5
18.8333333333333
17.7666666666667
5.86666666666667
1.5
1.76666666666667
1.96666666666667
1.93333333333333
2.03333333333333
1.7
1.8
2.16666666666667
1.66666666666667
1.73333333333333
1.6
1.66666666666667
1.76666666666667
1.66666666666667
1.63333333333333
1.5
1.5
1.66666666666667
1.66666666666667
1.93333333333333
1.9
1.9
1.83333333333333
1.6
1.56666666666667
1.7
1.83333333333333
1.7
1.6
1.8
1.63333333333333
2.2
3.06666666666667
1.6
1.86666666666667
1.73333333333333
1.6
1.56666666666667
1.93333333333333
1.73333333333333
1.56666666666667
2.3
1.56666666666667
2.36666666666667
1.76666666666667
1.6
1.6
1.76666666666667
1.6
1.6
1.73333333333333
1.63333333333333
6.53333333333333
1.66666666666667
1.76666666666667
2.33333333333333
1.66666666666667
1.7
1.6
1.63333333333333
1.73333333333333
1.83333333333333
1.76666666666667
1.56666666666667
1.76666666666667
1.66666666666667
1.6
1.66666666666667
1.76666666666667
1.9
1.83333333333333
4.46666666666667
1.86666666666667
2.03333333333333
7.13333333333333
4.36666666666667
2.56666666666667
2
2.06666666666667
2.46666666666667
2
1.9
1.9
2.1
2.06666666666667
2.13333333333333
2.2
2.03333333333333
1.93333333333333
1.96666666666667
2.1
2.03333333333333
2
1.96666666666667
1.8
3.16666666666667
1.5
3.2
2.2
1.96666666666667
1.76666666666667
1.8
1.66666666666667
3.5
1.9
1.83333333333333
1.8
3.23333333333333
1.76666666666667
1.83333333333333
1.7
2.06666666666667
1.76666666666667
1.9
1.7
2.36666666666667
2.06666666666667
1.93333333333333
2.13333333333333
1.9
1.9
1.9
1.96666666666667
1.86666666666667
1.93333333333333
1.86666666666667
1.86666666666667
2.26666666666667
2
1.9
1.83333333333333
1.9
1.93333333333333
1.86666666666667
1.9
1.93333333333333
1.8
1.83333333333333
1.8
1.9
2
1.9
1.9
1.9
1.9
1.9
2.06666666666667
2
1.9
1.86666666666667
1.86666666666667
2.3
1.86666666666667
1.9
1.9
2
1.83333333333333
1.9
1.8
1.9
1.86666666666667
1.9
1.83333333333333
2.86666666666667
2
1.76666666666667
1.86666666666667
1.86666666666667
1.93333333333333
1.86666666666667
1.9
1.86666666666667
1.9
1.86666666666667
1.93333333333333
3.56666666666667
4.66666666666667
13.4333333333333
4.83333333333333
1.8
1.9
1.86666666666667
1.9
1.9
1.96666666666667
1.9
2.03333333333333
1.93333333333333
2
1.9
1.93333333333333
1.9
1.9
2
1.9
1.83333333333333
1.9
1.9
1.9
3
4.5
7.36666666666667
6.03333333333333
10.5333333333333
16.7
16.4
21.1
22.3666666666667
23.1666666666667
22.7666666666667
12.8333333333333
20.3
23.1666666666667
23.7333333333333
14.6333333333333
24.6666666666667
16.1
15.6666666666667
12.4
16.3666666666667
17.2
17.4333333333333
17.2333333333333
