2
2.03333333333333
2.03333333333333
2
2.03333333333333
2
2.1
2
2
2.4
2.06666666666667
2.1
2.06666666666667
2
2.06666666666667
2.03333333333333
1.83333333333333
2.06666666666667
2.13333333333333
2.03333333333333
1.93333333333333
2.13333333333333
1.96666666666667
2.06666666666667
1.96666666666667
1.83333333333333
1.66666666666667
1.93333333333333
1.96666666666667
2
2
1.9
1.83333333333333
2.2
1.8
2
2.06666666666667
1.96666666666667
1.76666666666667
1.9
1.86666666666667
2
2
2
1.83333333333333
2.13333333333333
1.8
1.93333333333333
1.9
2.03333333333333
1.96666666666667
2.06666666666667
2.06666666666667
2.03333333333333
2
1.96666666666667
2
2.13333333333333
1.7
2
2
2
2.03333333333333
2
1.93333333333333
2.16666666666667
2.23333333333333
2.2
1.93333333333333
2.33333333333333
2
2.03333333333333
2
1.93333333333333
1.9
2
2.1
2.06666666666667
2.03333333333333
2
2.03333333333333
2.33333333333333
2.03333333333333
2.03333333333333
1.86666666666667
2.1
2
2
2
2.06666666666667
2.03333333333333
2
2
2.36666666666667
2.1
1.96666666666667
2.13333333333333
2.06666666666667
2.06666666666667
2.1
1.83333333333333
1.66666666666667
1.53333333333333
1.56666666666667
1.53333333333333
1.86666666666667
1.53333333333333
1.56666666666667
1.53333333333333
1.56666666666667
1.53333333333333
1.56666666666667
1.53333333333333
1.66666666666667
1.53333333333333
1.6
1.53333333333333
1.9
1.53333333333333
1.56666666666667
1.53333333333333
1.56666666666667
1.53333333333333
1.56666666666667
1.53333333333333
1.56666666666667
1.53333333333333
1.56666666666667
1.53333333333333
1.86666666666667
1.5
1.56666666666667
1.5
1.6
1.53333333333333
1.6
1.5
1.66666666666667
1.6
1.6
1.53333333333333
1.96666666666667
1.6
1.6
1.5
1.6
1.56666666666667
1.56666666666667
2.66666666666667
3.06666666666667
1.53333333333333
1.6
1.56666666666667
2.43333333333333
1.6
1.6
1.5
1.6
1.6
1.5
1.5
1.96666666666667
1.56666666666667
1.6
1.56666666666667
1.86666666666667
1.5
1.5
1.5
1.6
1.56666666666667
1.53333333333333
1.5
1.66666666666667
1.6
1.66666666666667
1.56666666666667
1.9
1.5
1.6
1.5
1.56666666666667
1.5
1.5
1.5
1.66666666666667
1.5
1.56666666666667
1.56666666666667
2
1.5
1.53333333333333
1.5
1.73333333333333
1.6
1.7
1.6
1.7
1.53333333333333
1.7
1.6
1.9
1.5
1.6
1.6
1.7
1.5
1.5
1.5
1.63333333333333
1.6
1.7
1.6
2
1.5
1.6
1.5
1.63333333333333
1.6
1.6
1.6
1.7
1.5
1.63333333333333
1.53333333333333
1.8
1.56666666666667
1.53333333333333
1.5
1.66666666666667
1.6
1.6
1.56666666666667
1.6
1.53333333333333
1.63333333333333
1.6
1.9
1.5
1.6
1.6
1.66666666666667
1.6
1.66666666666667
1.5
1.6
1.6
1.6
1.6
2
1.53333333333333
1.6
1.6
1.6
1.6
1.6
1.5
1.7
1.6
1.6
1.6
1.96666666666667
1.5
1.56666666666667
1.56666666666667
1.56666666666667
1.5
1.56666666666667
1.5
1.63333333333333
2.21428571428571
1.4
1.33333333333333
1.6
1.3
1.46666666666667
1.63333333333333
1.66666666666667
1.6
1.7
1.66666666666667
1.73333333333333
1.6
1.73333333333333
1.6
2.03333333333333
1.5
1.63333333333333
