1.96666666666667
1.9
1.9
1.76666666666667
2.06666666666667
1.9
2.1
1.83333333333333
1.5
1.73333333333333
4.43333333333333
1.66666666666667
1.6
7.06666666666667
7.96666666666667
3.36666666666667
2.63333333333333
2.03333333333333
1.96666666666667
1.9
1.8
1.8
4.66666666666667
1.9
1.73333333333333
9.33333333333333
13.3333333333333
3
2.56666666666667
1.9
1.7
1.86666666666667
1.66666666666667
1.63333333333333
4.56666666666667
1.73333333333333
1.6
1.6
1.63333333333333
1.83333333333333
2.2
1.8
1.5
1.9
1.9
1.76666666666667
4.56666666666667
1.7
1.7
1.7
1.63333333333333
1.7
2.16666666666667
1.8
1.63333333333333
1.66666666666667
1.9
1.66666666666667
4.46666666666667
1.53333333333333
1.73333333333333
1.86666666666667
1.66666666666667
1.7
2.13333333333333
1.76666666666667
1.7
1.66666666666667
1.73333333333333
1.63333333333333
4.46666666666667
1.53333333333333
1.73333333333333
1.66666666666667
1.66666666666667
1.5
2.03333333333333
1.9
1.83333333333333
1.66666666666667
1.5
1.7
4.63333333333333
1.7
1.63333333333333
1.9
1.76666666666667
1.7
2
1.76666666666667
1.63333333333333
2.56666666666667
4.36666666666667
1.76666666666667
4.56666666666667
1.76666666666667
1.63333333333333
1.46666666666667
1.8
1.76666666666667
2.3
2
1.9
2
1.6
1.6
4.46666666666667
1.73333333333333
1.76666666666667
1.8
1.8
1.73333333333333
2.5
1.9
1.6
1.93333333333333
1.9
1.76666666666667
4.5
1.86666666666667
1.7
1.6
1.56666666666667
1.8
2.3
2.03333333333333
1.73333333333333
1.73333333333333
1.73333333333333
1.9
3.86666666666667
2.3
1.6
2
1.73333333333333
1.66666666666667
2.23333333333333
1.86666666666667
1.7
1.7
1.86666666666667
1.83333333333333
3.16666666666667
3.06666666666667
1.66666666666667
1.7
1.56666666666667
1.5
2.06666666666667
2.06666666666667
1.93333333333333
1.76666666666667
1.63333333333333
1.53333333333333
2.66666666666667
3.66666666666667
1.56666666666667
2
1.73333333333333
1.9
2.1
1.9
1.83333333333333
1.8
1.66666666666667
1.7
1.76666666666667
4.7
1.7
1.53333333333333
1.53333333333333
1.66666666666667
2.03333333333333
1.8
1.8
1.9
1.6
1.56666666666667
1.6
4.6
1.8
1.76666666666667
1.8
1.83333333333333
2.23333333333333
1.96666666666667
1.53333333333333
1.96666666666667
1.8
1.8
1.8
4.83333333333333
1.8
1.8
1.76666666666667
1.76666666666667
2.2
1.93333333333333
1.63333333333333
1.73333333333333
1.86666666666667
1.8
1.76666666666667
4.63333333333333
1.93333333333333
1.8
1.66666666666667
1.8
2.46666666666667
2.1
1.9
1.73333333333333
1.73333333333333
1.76666666666667
1.9
3.93333333333333
1.86666666666667
1.8
1.86666666666667
1.56666666666667
2.13333333333333
2.16666666666667
1.86666666666667
1.9
1.8
2
1.9
4.7
1.8
1.8
1.66666666666667
1.56666666666667
2.2
2.1
2.06666666666667
2.1
1.76666666666667
1.8
2
4.9
1.8
1.9
2
1.96666666666667
2.33333333333333
2.06666666666667
2
2.03333333333333
1.96666666666667
1.8
2
4.93333333333333
2.06666666666667
2.06666666666667
1.9
2.13333333333333
2.4
1.96666666666667
2
2
1.93333333333333
1.86666666666667
1.8
5
1.9
1.8
1.8
1.86666666666667
2.4
2.1
1.9
2
2.06666666666667
2.03333333333333
2
5.06666666666667
1.96666666666667
2.1
1.93333333333333
2.16666666666667
2.5
2
1.86666666666667
1.9
2.1
1.86666666666667
1.96666666666667
4.7
