1.4
1.26666666666667
1.26666666666667
1.4
1.33333333333333
1.4
1.46666666666667
1.33333333333333
1.33333333333333
1.4
1.33333333333333
1.46666666666667
1.33333333333333
1.4
1.4
1.4
1.2
1.53333333333333
1.2
1.4
1.53333333333333
1.46666666666667
1.33333333333333
1.53333333333333
1.26666666666667
1.4
1.33333333333333
1.46666666666667
1.33333333333333
1.4
1.26666666666667
1.4
1.46666666666667
1.26666666666667
1.33333333333333
1.46666666666667
1.4
1.4
1.26666666666667
1.33333333333333
1.4
1.46666666666667
1.26666666666667
1.46666666666667
1.26666666666667
1.33333333333333
1.4
1.33333333333333
1.46666666666667
1.33333333333333
1.33333333333333
1.26666666666667
1.46666666666667
1.46666666666667
1.46666666666667
1.4
1.4
1.4
1.4
1.46666666666667
1.46666666666667
2.6
1.33333333333333
1.26666666666667
1.4
1.4
1.53333333333333
1.26666666666667
1.53333333333333
1.26666666666667
1.46666666666667
1.26666666666667
1.33333333333333
1.4
1.46666666666667
1.46666666666667
1.4
1.26666666666667
1.33333333333333
1.4
1.46666666666667
1.26666666666667
1.46666666666667
1.33333333333333
1.46666666666667
1.26666666666667
1.42857142857143
1.33333333333333
1.4
1.33333333333333
1.4
1.26666666666667
1.46666666666667
1.4
1.4
1.4
1.4
1.26666666666667
1.4
1.4
1.4
1.33333333333333
1.33333333333333
1.33333333333333
1.26666666666667
1.46666666666667
1.53333333333333
1.33333333333333
1.26666666666667
1.46666666666667
1.4
1.46666666666667
1.33333333333333
1.33333333333333
1.26666666666667
1.33333333333333
1.26666666666667
1.26666666666667
1.33333333333333
1.46666666666667
1.26666666666667
1.4
1.13333333333333
1.53333333333333
1.33333333333333
1.46666666666667
1.26666666666667
1.26666666666667
1.33333333333333
1.6
1.33333333333333
1.4
1.26666666666667
1.33333333333333
1.33333333333333
1.53333333333333
1.33333333333333
1.4
1.26666666666667
1.46666666666667
1.33333333333333
1.53333333333333
1.4
1.46666666666667
1.26666666666667
1.4
1.4
1.26666666666667
1.46666666666667
1.33333333333333
1.33333333333333
1.26666666666667
1.46666666666667
1.4
1.4
1.4
1.26666666666667
1.4
1.46666666666667
1.4
1.26666666666667
1.33333333333333
1.26666666666667
1.33333333333333
1.46666666666667
1.33333333333333
1.53333333333333
1.4
1.33333333333333
1.26666666666667
1.33333333333333
1.4
1.4
1.33333333333333
1.4
1.33333333333333
1.46666666666667
1.4
1.33333333333333
1.33333333333333
1.33333333333333
1.33333333333333
1.4
1.26666666666667
1.4
1.33333333333333
1.33333333333333
1.33333333333333
1.53333333333333
1.33333333333333
1.46666666666667
1.26666666666667
1.46666666666667
1.33333333333333
1.46666666666667
1.26666666666667
1.46666666666667
1.26666666666667
1.4
1.26666666666667
1.33333333333333
1.33333333333333
1.46666666666667
1.46666666666667
1.4
1.4
1.33333333333333
1.33333333333333
1.4
1.33333333333333
1.4
1.26666666666667
1.46666666666667
1.46666666666667
1.26666666666667
1.4
1.33333333333333
1.33333333333333
1.4
1.53333333333333
1.33333333333333
1.4
1.33333333333333
2.73333333333333
1.46666666666667
1.4
1.26666666666667
1.46666666666667
1.26666666666667
1.33333333333333
1.33333333333333
1.33333333333333
1.4
1.46666666666667
1.26666666666667
1.4
1.33333333333333
1.33333333333333
1.33333333333333
1.33333333333333
1.26666666666667
1.46666666666667
1.33333333333333
1.46666666666667
1.26666666666667
1.4
1.4
1.46666666666667
1.4
1.4
1.4
1.4
1.26666666666667
1.46666666666667
1.33333333333333
1.46666666666667
1.4
1.4
1.33333333333333
1.46666666666667
1.4
1.4
1.33333333333333
1.4
1.26666666666667
1.33333333333333
1.33333333333333
1.33333333333333
1.4
1.2
1.4
1.33333333333333
1.46666666666667
1.4
1.4
1.33333333333333
1.4
1.4
1.53333333333333
1.4
1.4
1.33333333333333
1.46666666666667
1.26666666666667
1.46666666666667
1.33333333333333
1.46666666666667
1.33333333333333
