2.06666666666667
2.1
2.1
2.1
2.06666666666667
2.06666666666667
2.1
2
2.36666666666667
2.06666666666667
2.06666666666667
2.1
2.1
2.06666666666667
2.1
2
2.03333333333333
2.1
2.1
2.1
2.36666666666667
2.03333333333333
2
2.03333333333333
2.06666666666667
2.03333333333333
2.1
2.06666666666667
2.1
2
2
2
2.3
2
2.1
2.13333333333333
2.1
2.06666666666667
2.06666666666667
2
2
2.1
2.03333333333333
2.1
2.43333333333333
2.06666666666667
2.06666666666667
1.96666666666667
2
2
2.06666666666667
2.06666666666667
2.06666666666667
2.06666666666667
2.1
2.06666666666667
2.3
2.03333333333333
2.03333333333333
2.06666666666667
2.1
2.03333333333333
2.1
2.06666666666667
1.96666666666667
2
2.06666666666667
2.1
2.46666666666667
2.1
2
2.1
2.06666666666667
2
2
2
2.03333333333333
2.1
2
2
2.4
2.03333333333333
1.96666666666667
2.06666666666667
2
2.03333333333333
2.1
2.1
2.03333333333333
2.03333333333333
2
2
2.3
2
2.06666666666667
2.06666666666667
2.06666666666667
2.1
2.1
2.06666666666667
1.86666666666667
1.6
1.5
1.6
1.8
1.6
1.5
1.56666666666667
2.66666666666667
1.6
1.5
1.56666666666667
1.5
1.63333333333333
1.5
1.6
1.86666666666667
1.53333333333333
1.5
1.6
1.5
1.6
1.5
1.5
1.63333333333333
3.03333333333333
10.6
1.6
1.8
1.8
1.5
1.6
1.6
1.56666666666667
1.56666666666667
1.6
1.6
1.6
1.6
1.6
1.9
1.6
1.56666666666667
1.6
1.6
1.53333333333333
1.56666666666667
1.6
2.96666666666667
2.86666666666667
1.6
1.53333333333333
2.5
1.6
1.5
1.56666666666667
1.6
1.56666666666667
1.53333333333333
1.6
1.6
1.63333333333333
1.6
1.53333333333333
1.86666666666667
1.56666666666667
1.53333333333333
1.6
1.6
1.5
1.6
1.6
1.53333333333333
1.56666666666667
1.56666666666667
1.6
1.9
1.53333333333333
1.53333333333333
1.53333333333333
1.53333333333333
1.56666666666667
1.56666666666667
1.56666666666667
1.6
1.66666666666667
1.53333333333333
1.56666666666667
1.86666666666667
1.53333333333333
1.6
1.53333333333333
1.53333333333333
1.6
1.5
1.6
1.6
1.6
1.53333333333333
1.6
1.9
1.53333333333333
1.6
1.6
1.5
1.6
1.56666666666667
1.5
1.6
1.6
1.5
1.6
1.9
1.53333333333333
1.6
1.6
1.6
1.6
1.53333333333333
1.53333333333333
1.6
1.66666666666667
1.53333333333333
1.6
1.9
1.53333333333333
1.56666666666667
1.6
1.53333333333333
1.6
1.6
1.56666666666667
1.6
1.6
1.5
1.6
1.96666666666667
1.6
1.6
1.6
1.53333333333333
1.6
1.6
1.6
1.6
1.66666666666667
1.6
1.53333333333333
1.86666666666667
1.5
1.6
1.6
1.5
1.6
1.53333333333333
1.5
1.6
1.83333333333333
1.6
1.6
2
1.6
1.6
1.53333333333333
1.5
1.6
1.6
1.6
1.6
1.63333333333333
1.6
1.6
1.86666666666667
1.6
1.6
1.6
2
2.03333333333333
2.06666666666667
2.06666666666667
2
2.13333333333333
2.1
2.03333333333333
2.36666666666667
2.1
2.06666666666667
2.06666666666667
