1.93333333333333
1.76666666666667
1.8
1.75
1.75
1.81666666666667
1.76666666666667
1.73333333333333
1.75
1.8
1.75
1.8
9.68333333333333
1.75
1.75
1.75
8.51666666666667
1.88333333333333
1.81666666666667
1.81666666666667
1.88333333333333
1.76666666666667
1.75
1.78333333333333
1.93333333333333
5.6
1.8
1.78333333333333
1.75
1.81666666666667
1.88333333333333
1.76666666666667
1.78333333333333
1.78333333333333
1.76666666666667
1.76666666666667
1.95
1.75
1.76666666666667
1.76666666666667
1.78333333333333
1.76666666666667
1.75
1.73333333333333
1.75
1.75
1.73333333333333
1.78333333333333
1.96666666666667
1.76666666666667
1.75
1.76666666666667
1.76666666666667
1.73333333333333
1.75
1.73333333333333
1.73333333333333
1.76666666666667
1.75
1.75
1.9
1.76666666666667
1.76666666666667
1.75
1.73333333333333
1.83333333333333
1.76666666666667
1.76666666666667
1.78333333333333
1.73333333333333
1.76666666666667
1.75
1.93333333333333
1.8
1.76666666666667
1.75
1.78333333333333
1.73333333333333
1.73333333333333
1.76666666666667
1.7
1.7
1.75
1.75
1.9
1.7
1.71666666666667
1.68333333333333
1.66666666666667
1.75
1.71666666666667
1.73333333333333
1.7
1.75
1.75
1.73333333333333
1.93333333333333
1.76666666666667
1.75
1.73333333333333
1.65
1.6
1.5
1.55
1.5
1.5
1.5
1.55
1.7
1.5
1.5
1.55
1.5
1.53333333333333
1.5
1.58333333333333
1.5
1.5
1.5
1.55
1.66666666666667
1.5
1.5
1.55
1.5
1.71666666666667
1.5
1.55
1.5
1.51666666666667
1.5
1.55
1.66666666666667
1.5
1.53333333333333
1.5
1.55
1.55
1.55
1.5
1.55
1.51666666666667
1.55
1.5
1.7
1.55
1.55
1.5
1.53333333333333
1.56666666666667
1.55
1.53333333333333
1.55
1.83333333333333
1.55
1.53333333333333
1.78333333333333
1.56666666666667
1.55
1.51666666666667
1.53333333333333
1.58333333333333
1.55
1.53333333333333
1.55
1.5
1.53333333333333
1.55
1.75
1.51666666666667
1.55
1.55
1.53333333333333
1.58333333333333
1.55
1.55
1.55
1.53333333333333
1.55
1.53333333333333
1.7
1.55
1.55
1.53333333333333
1.53333333333333
1.56666666666667
1.53333333333333
1.55
1.55
1.55
1.55
1.55
1.75
1.55
1.55
1.55
1.55
1.56666666666667
1.55
1.55
1.55
1.53333333333333
1.55
1.55
1.75
1.53333333333333
1.55
1.55
1.51666666666667
1.6
1.51666666666667
1.55
1.55
1.55
1.55
1.55
1.73333333333333
1.78333333333333
1.55
1.55
1.53333333333333
1.6
1.55
1.53333333333333
1.55
1.55
1.55
1.5
1.73333333333333
1.51666666666667
1.55
1.55
1.51666666666667
1.6
1.5
1.55
1.55
1.55
1.55
1.55
1.7
1.55
1.55
1.5
1.51666666666667
1.6
1.55
1.53333333333333
1.55
1.53333333333333
1.55
1.61666666666667
1.73333333333333
1.55
1.55
1.55
1.55
5.91666666666667
1.55
1.55
1.55
1.65
1.55
1.55
1.73333333333333
1.55
1.55
1.55
1.55
1.58333333333333
1.53333333333333
5.3
1.55
1.55
1.55
1.53333333333333
2
1.73333333333333
1.8
1.78333333333333
1.76666666666667
1.66666666666667
1.7
1.71666666666667
4.53333333333333
5.15
1.55
1.53333333333333
