3
3
3
3
3
3
3
3
3
3
3
3
3
3
3
3
3
3
5.4
3
3
3
3
3.75
3
3
3
3
3
3
3
3
3.8
3.93333333333333
3.75
3
3
3
3
3
4
3.66666666666667
3.53333333333333
3.66666666666667
3.86666666666667
3.93333333333333
3.46666666666667
3
3
3
3
3
3
3
3
3
3
3
3
3.75
3.5
3
3
3
3
4
3.13333333333333
3
3
3
3
3
3
4
3.13333333333333
3
3
3
3.66666666666667
3
3
3.8
3.46666666666667
4.06666666666667
4.26666666666667
3.75
3
3
3
3
3
3
3
3
3
3
3
3
3
3
3
3
3
3
3
3
3
3
3
3
3
3
3
3
3
3
3.4
3.8
3
3
3
3
3
3
3
3
3
3
3
3
3
3
3
3
3
3
3
4
3
3.75
3
3
3
3
3
3
3.13333333333333
3.06666666666667
3
3
3
3
3
3
3
3
3
3
3
3
3
3
3
3
3
3
3
3
3
3
3
3
3
3
3
3.75
3
3
3
3
3
3
3
4
3.13333333333333
3
3
3.5
2.8
3.33333333333333
3
3
3
3
3
3.25
3
3
3
3
3
3
3
3
3
3
3
3
3
3
3
3
3
3
3
3
3
3
3
3
3
3
3
3
3.13333333333333
3
3
3
3
3
3
3
3
3
3
3.25
3
3
3
3
3
4
3
3
3
3
3
3
3
3
3
3
3
3
3
3
3
3
3
3.2
3
4.46666666666667
4
3.4
3.66666666666667
3.53333333333333
3
3.46666666666667
3.4
3
3
3.6
3
3
3
3
3
3
3
3
3
3
3
3
3
3
3
3
