2.6
2.2
2.06666666666667
2.73333333333333
2.4
3.53333333333333
2.73333333333333
2
2.06666666666667
2.4
2
2.06666666666667
2.26666666666667
2
2.86666666666667
3.06666666666667
2.26666666666667
3.6
2.73333333333333
2
2
2.33333333333333
2.06666666666667
2
2.4
3
2.2
2.66666666666667
2
3.86666666666667
3
2
2
2
2
2
2.26666666666667
2
2
2.6
2.06666666666667
3.4
2.73333333333333
2
2
2
2.06666666666667
2
2
2
2.2
2.6
2
3.33333333333333
2.73333333333333
2
2
2
2
2
2
2
2
2.8
2.06666666666667
3.6
2.86666666666667
2
2
2
2
2
2
2
2
2.8
2
3.53333333333333
2.8
2
2
2
2
2
2
2
2
2.8
2
4.13333333333333
3.06666666666667
2
2
2
2
2
2.13333333333333
2
2.13333333333333
2.8
1.73333333333333
3
2.06666666666667
1
1.2
1
1.2
1
1.2
1
1.2
1.8
1.2
2.86666666666667
2.06666666666667
1
1.2
1
1.2
1
1.2
1
1.2
1.8
1.2
2.66666666666667
2.06666666666667
1.13333333333333
1.2
1
1.2
1.13333333333333
1.2
1.13333333333333
1.2
1.8
1.2
2.93333333333333
2.2
1.13333333333333
1.2
1
1.2
1
1.4
1
1.2
1.8
1.26666666666667
2.66666666666667
3.26666666666667
1
1.4
1
1.2
1
1.26666666666667
1
2
1.8
1.4
2.66666666666667
2
1.06666666666667
1.33333333333333
1
1.26666666666667
1.13333333333333
1.6
1.2
1.33333333333333
1.8
1.4
2.93333333333333
2.06666666666667
1
1.2
1
1.4
1.13333333333333
1.2
1
1.2
1.8
1.2
2.66666666666667
2.13333333333333
1
1.2
1
1.2
1
1.2
1
1.2
1.86666666666667
1.2
2.66666666666667
2.13333333333333
1.33333333333333
1.26666666666667
1.2
1.2
1.06666666666667
1.33333333333333
1
1.46666666666667
1.8
1.2
2.93333333333333
3.06666666666667
1
1.26666666666667
1.46666666666667
1.2
1
1.53333333333333
1.8
1.73333333333333
2
1.86666666666667
3.13333333333333
2
1
1.2
1
1.2
1.6
1.46666666666667
1.13333333333333
1.33333333333333
1.8
1.2
3.4
2.2
1.6
1.66666666666667
2.46666666666667
1.46666666666667
1
1.4
2
1.53333333333333
1.93333333333333
1.2
2.8
2
1
1.2
1.33333333333333
1.2
1.6
1.2
1
1.46666666666667
1.86666666666667
1.2
3
2.26666666666667
1.4
1.33333333333333
1.2
1.53333333333333
1.2
1.4
1.2
1.46666666666667
2.26666666666667
1.53333333333333
2.86666666666667
2.2
1.53333333333333
1.26666666666667
1.13333333333333
1.73333333333333
1.46666666666667
1.93333333333333
2
2.2
2.8
2.2
3.8
2.93333333333333
2
2.4
2.73333333333333
2.26666666666667
2.4
