1.13333333333333
1.13333333333333
1.13333333333333
1.13333333333333
1.2
1.8
1.2
1.2
1.2
1.4
1.2
1.2
1.2
1.2
1.13333333333333
1.2
1.2
1.8
1.2
1.2
1.13333333333333
1.4
1.2
1.2
1.13333333333333
1.2
1.2
2.66666666666667
1.26666666666667
1.8
1.2
1.2
1.2
1.4
1.2
1.2
1.2
1.13333333333333
1.2
1.13333333333333
1.2
1.8
1.2
1.13333333333333
1.2
1.4
1.2
1.2
1.13333333333333
1.2
1.13333333333333
1.13333333333333
1.13333333333333
1.73333333333333
1.2
1.2
1.2
1.33333333333333
1.2
1.13333333333333
1.13333333333333
1.13333333333333
1.2
1.2
1.2
1.8
1.2
1.13333333333333
1.2
1.33333333333333
1.13333333333333
1.13333333333333
1.2
1.13333333333333
1.2
1.13333333333333
1.2
1.8
1.06666666666667
1.2
1.13333333333333
1.4
1.2
1.2
1.2
1.2
1.2
1.2
1.13333333333333
1.73333333333333
1.2
1.2
1.2
1.4
1.2
1.2
1.13333333333333
1.13333333333333
1.13333333333333
1.2
1.2
1.8
1.13333333333333
1.2
1.2
1.4
1.2
1.13333333333333
1.2
1.2
1.2
1.2
1.13333333333333
1.73333333333333
1.13333333333333
1.2
1.13333333333333
1.4
1.13333333333333
1.2
1.2
1.13333333333333
1.13333333333333
1.13333333333333
1.13333333333333
1.73333333333333
1.2
1.2
1.2
1.4
1.2
1.13333333333333
1.06666666666667
1.2
1.13333333333333
1.13333333333333
1.2
1.8
1.2
3.53333333333333
1.2
1.53333333333333
1.2
1.2
1.13333333333333
1.2
1.2
1.2
1.2
1.73333333333333
1
1.2
1.13333333333333
1.33333333333333
1.2
1.2
1.13333333333333
1.2
1.06666666666667
1.13333333333333
1.13333333333333
1.73333333333333
1.13333333333333
1.13333333333333
1.2
1.4
1.2
1.13333333333333
1.2
1.2
1.13333333333333
1.13333333333333
1.2
1.73333333333333
1.2
1.2
1.06666666666667
1.4
1.06666666666667
1.2
1.13333333333333
1.2
1.2
1.2
1.06666666666667
1.66666666666667
1.06666666666667
1.06666666666667
1.06666666666667
1.4
1.13333333333333
1.13333333333333
1.13333333333333
1.2
1.13333333333333
1.06666666666667
1.13333333333333
1.73333333333333
1.13333333333333
1.06666666666667
1.13333333333333
1.4
1.13333333333333
1.2
1.13333333333333
1.13333333333333
1.13333333333333
1.2
1.2
1.8
1.2
1.2
1.13333333333333
1.26666666666667
1.13333333333333
1.13333333333333
1.06666666666667
1.13333333333333
1.13333333333333
1.2
1.2
1.8
1.06666666666667
1.06666666666667
1.06666666666667
1.26666666666667
1.13333333333333
1.2
1.2
1.2
1.2
1.13333333333333
1.13333333333333
1.8
1.06666666666667
1.13333333333333
1.13333333333333
1.4
1.2
1.13333333333333
1.06666666666667
1.13333333333333
1.06666666666667
1.13333333333333
1.13333333333333
1.8
1.13333333333333
1.2
1.13333333333333
1.33333333333333
1.2
1.13333333333333
1.13333333333333
1.13333333333333
1.2
1.13333333333333
1.2
1.8
1.2
1.2
1.13333333333333
1.26666666666667
1.13333333333333
1.13333333333333
1.2
1.2
1.2
1.13333333333333
1.2
1.8
1.13333333333333
1.2
1.2
1.4
1.2
1.2
1.2
1.2
1.13333333333333
1.13333333333333
1.13333333333333
1.73333333333333
1.2
1.2
1.13333333333333
1.4
1.2
1.13333333333333
