4.25416666666667
6.49166666666667
6.96458333333333
6.825
6.72083333333333
6.875
6.76875
6.90208333333333
6.77708333333333
6.73125
6.73541666666667
6.79583333333333
6.88125
6.58541666666667
6.79791666666667
6.71041666666667
6.41666666666667
6.49791666666667
4.0125
3.48333333333333
3.50833333333333
3.55416666666667
3.50416666666667
3.48333333333333
3.47291666666667
3.34166666666667
3.23333333333333
3.21875
3.20208333333333
3.20208333333333
3.23125
3.24166666666667
3.26875
3.24583333333333
3.18958333333333
3.2125
3.33333333333333
3.23541666666667
3.20625
3.24375
3.22291666666667
3.2875
3.82083333333333
5.375
5.37083333333333
5.1125
5.0125
3.4375
3.69791666666667
3.22291666666667
3.23333333333333
3.2375
3.20416666666667
3.2
3.275
3.2125
3.24166666666667
3.27916666666667
3.21041666666667
3.2
3.23541666666667
3.17083333333333
3.22708333333333
3.23958333333333
3.20416666666667
3.22083333333333
3.24166666666667
3.2125
3.24583333333333
3.26041666666667
3.2125
3.21458333333333
3.23333333333333
3.16458333333333
3.19375
3.24375
3.20416666666667
3.20416666666667
3.225
3.27916666666667
3.38541666666667
3.31041666666667
3.20416666666667
3.2125
3.23125
3.27708333333333
3.20833333333333
3.2375
3.2125
3.19791666666667
3.26666666666667
3.20625
3.25
3.24375
3.21875
3.20208333333333
3.24791666666667
3.21666666666667
3.2375
3.23333333333333
3.21875
3.22291666666667
3.24166666666667
3.2125
3.23333333333333
3.24375
3.2125
3.21666666666667
3.25
3.19791666666667
3.225
3.21875
3.21041666666667
3.21875
3.21875
3.23541666666667
3.26041666666667
3.23125
3.20416666666667
3.18333333333333
3.25416666666667
3.19791666666667
3.25625
3.30833333333333
3.22916666666667
3.28958333333333
3.23541666666667
3.27291666666667
3.25208333333333
3.325
3.19583333333333
3.25625
3.26458333333333
3.23541666666667
3.35208333333333
3.23125
3.2625
3.21875
3.27916666666667
3.23541666666667
3.31666666666667
3.27291666666667
3.26458333333333
3.23333333333333
3.27708333333333
3.23333333333333
3.28333333333333
3.2875
3.2625
3.2375
3.30625
3.23541666666667
3.29791666666667
3.24166666666667
3.26875
3.26041666666667
3.31041666666667
3.24583333333333
3.27708333333333
3.26875
3.20416666666667
3.27708333333333
3.26041666666667
3.27291666666667
3.28125
3.32083333333333
3.23958333333333
3.29583333333333
3.42916666666667
3.42291666666667
3.34791666666667
3.57291666666667
3.63125
3.64583333333333
3.55416666666667
3.50625
3.42916666666667
3.30833333333333
3.77291666666667
3.27708333333333
3.25208333333333
3.25833333333333
3.2625
3.24583333333333
3.26458333333333
3.24583333333333
3.31458333333333
3.20208333333333
3.29375
3.275
3.25416666666667
3.2375
3.30208333333333
3.21458333333333
3.3125
3.25833333333333
3.25625
3.24166666666667
3.29375
3.22083333333333
3.28541666666667
3.27083333333333
3.25416666666667
3.25416666666667
3.28125
3.23958333333333
3.22708333333333
3.29375
3.21875
3.25833333333333
3.24375
3.25416666666667
3.2625
3.3
3.25
3.2875
3.25625
3.24791666666667
3.26875
3.27083333333333
3.26458333333333
3.21458333333333
3.29791666666667
3.22291666666667
3.27083333333333
3.25
3.26875
3.225
3.28333333333333
3.25208333333333
3.275
3.27083333333333
3.24583333333333
3.225
3.29166666666667
3.21458333333333
3.23125
3.2875
3.19791666666667
3.26458333333333
3.22291666666667
3.23958333333333
3.2375
3.27916666666667
3.2125
3.26041666666667
3.25208333333333
3.275
3.25
3.29791666666667
3.2
3.25833333333333
3.25
3.23333333333333
3.25416666666667
3.24583333333333
3.26041666666667
3.23125
3.28958333333333
3.18958333333333
3.28333333333333
3.2625
3.29166666666667
3.22916666666667
3.31666666666667
3.21458333333333
3.29791666666667
3.24583333333333
3.21666666666667
3.275
3.23958333333333
3.26041666666667
3.2625
3.31041666666667
3.21041666666667
3.28333333333333
3.22083333333333
3.24791666666667
3.23958333333333
3.29375
3.21666666666667
3.26458333333333
3.25416666666667
3.21041666666667
3.28541666666667
3.2625
3.25
3.2125
