1.93333333333333
2.1
2.63333333333333
1.93333333333333
2.1
2.03333333333333
2.76666666666667
2.16666666666667
2.1
2.03333333333333
2.4
2.06666666666667
1.86666666666667
2.13333333333333
2
2.43333333333333
2.3
2.03333333333333
1.96666666666667
2.06666666666667
2
1.93333333333333
2.23333333333333
2.03333333333333
1.93333333333333
2.73333333333333
2
2.03333333333333
2.13333333333333
2
1.93333333333333
2.06666666666667
2.03333333333333
2
2.4
2.4
1.93333333333333
2.06666666666667
2
1.96666666666667
2.13333333333333
2.03333333333333
1.93333333333333
2.13333333333333
2.76666666666667
1.96666666666667
2.2
2
2
2.1
1.96666666666667
2
2.06666666666667
2.23333333333333
2.43333333333333
2.16666666666667
1.96666666666667
2
2.16666666666667
2
2
2.1
2
2.73333333333333
2.06666666666667
2
1.93333333333333
2.06666666666667
1.96666666666667
2.03333333333333
2.16666666666667
2
2.1
2.7
2
1.96666666666667
2.06666666666667
2
2
2.06666666666667
2
1.93333333333333
2.9
2.2
2
2.06666666666667
2
2
2.03333333333333
2.06666666666667
2.03333333333333
2.06666666666667
2.76666666666667
2
2.16666666666667
2
2
2.1
2
1.93333333333333
2.1
2.56666666666667
2.06666666666667
2.1
2
2
2.2
1.96666666666667
2
2.16666666666667
2.03333333333333
2.8
2.56666666666667
7.16666666666667
2
2.06666666666667
1.96666666666667
2
2.26666666666667
2.06666666666667
2.53333333333333
2.23333333333333
2.03333333333333
2
2.06666666666667
2.13333333333333
1.93333333333333
2.06666666666667
2
2.1
2.7
2
1.93333333333333
2.06666666666667
2.06666666666667
1.93333333333333
2.16666666666667
2
2
3.63333333333333
2.9
2
2.16666666666667
2
2
1.96666666666667
2.03333333333333
1.93333333333333
2.06666666666667
2.8
2
2
2.06666666666667
1.93333333333333
2.16666666666667
2.03333333333333
2
2.06666666666667
3.26666666666667
2.5
2.03333333333333
2.06666666666667
1.93333333333333
2.06666666666667
1.96666666666667
1.93333333333333
2.1
2.03333333333333
2.56666666666667
2.1
2
1.93333333333333
2.03333333333333
2.06666666666667
1.93333333333333
2.1
2.03333333333333
2.06666666666667
2.7
2
1.9
2.03333333333333
2.03333333333333
1.86666666666667
2.06666666666667
2.06666666666667
1.93333333333333
2.66666666666667
2.03333333333333
1.93333333333333
2.2
2.03333333333333
1.96666666666667
2.13333333333333
1.96666666666667
1.96666666666667
2.13333333333333
2.5
1.93333333333333
2.06666666666667
2.03333333333333
1.93333333333333
2.13333333333333
1.96666666666667
2
2.1
2.66666666666667
2.03333333333333
2.13333333333333
1.93333333333333
1.96666666666667
2.13333333333333
2.16666666666667
2
2.26666666666667
2.53333333333333
2.7
2.1
2.1
2.13333333333333
2.26666666666667
2.1
2.13333333333333
2.46666666666667
2.23333333333333
2.56666666666667
2.3
2
1.93333333333333
2.1
2
2
2.36666666666667
2.03333333333333
2.1
2.9
2
1.96666666666667
2.23333333333333
2
1.96666666666667
2.03333333333333
1.96666666666667
2
2.6
2.1
2
2.06666666666667
2
2
2.2
2.1
2
2.06666666666667
2.7
2.03333333333333
2.13333333333333
2.03333333333333
2
2.03333333333333
2.06666666666667
2.03333333333333
2.16666666666667
2.46666666666667
2.13333333333333
2.03333333333333
2
1.96666666666667
2.06666666666667
2.06666666666667
2
2.06666666666667
2
2.63333333333333
2.2
2.16666666666667
2
2.1
2.03333333333333
1.93333333333333
2.06666666666667
2.03333333333333
2.36666666666667
2.4
2.03333333333333
1.93333333333333
2.13333333333333
2.03333333333333
