2.01666666666667
1.8
1.83333333333333
1.8
1.8
1.86666666666667
1.83333333333333
1.78333333333333
1.78333333333333
1.9
1.81666666666667
1.83333333333333
10.6833333333333
1.88333333333333
1.85
1.95
9.65
1.91666666666667
1.91666666666667
1.8
1.93333333333333
1.83333333333333
1.8
1.86666666666667
2.06666666666667
10.05
1.85
1.83333333333333
1.86666666666667
1.86666666666667
1.9
1.83333333333333
1.81666666666667
1.78333333333333
1.9
1.88333333333333
2
1.81666666666667
1.85
1.8
1.81666666666667
1.88333333333333
1.88333333333333
1.85
1.86666666666667
1.8
1.81666666666667
1.86666666666667
2.05
1.8
1.81666666666667
1.88333333333333
1.93333333333333
1.91666666666667
1.88333333333333
1.81666666666667
1.85
1.8
1.78333333333333
1.81666666666667
2.03333333333333
1.81666666666667
1.8
1.8
1.85
1.85
1.83333333333333
1.85
1.88333333333333
1.85
1.8
1.86666666666667
2
1.81666666666667
1.81666666666667
1.78333333333333
1.83333333333333
1.93333333333333
1.85
1.81666666666667
1.81666666666667
1.9
1.85
1.83333333333333
2.03333333333333
1.81666666666667
1.8
1.83333333333333
1.8
1.9
1.9
1.8
1.8
1.86666666666667
1.81666666666667
1.85
2.06666666666667
1.81666666666667
1.81666666666667
1.85
1.86666666666667
1.71666666666667
1.73333333333333
1.73333333333333
1.6
1.58333333333333
1.66666666666667
1.68333333333333
1.85
1.68333333333333
1.61666666666667
1.58333333333333
1.63333333333333
1.68333333333333
1.65
1.66666666666667
1.66666666666667
1.6
1.61666666666667
1.65
1.86666666666667
1.6
1.63333333333333
1.61666666666667
1.68333333333333
1.86666666666667
1.65
1.73333333333333
1.68333333333333
1.65
1.63333333333333
1.68333333333333
1.88333333333333
1.61666666666667
1.65
1.63333333333333
1.66666666666667
1.76666666666667
1.65
1.66666666666667
1.68333333333333
1.66666666666667
1.65
1.73333333333333
1.86666666666667
1.68333333333333
1.63333333333333
1.63333333333333
1.68333333333333
1.8
1.76666666666667
1.68333333333333
2.01666666666667
1.65
1.65
1.75
1.81666666666667
1.68333333333333
1.7
1.66666666666667
1.66666666666667
1.75
1.7
1.7
1.68333333333333
1.63333333333333
1.66666666666667
1.71666666666667
1.9
1.7
1.7
1.71666666666667
1.68333333333333
1.75
1.71666666666667
1.71666666666667
1.61666666666667
1.61666666666667
1.71666666666667
1.68333333333333
1.91666666666667
1.8
1.65
1.73333333333333
1.63333333333333
1.73333333333333
1.7
1.68333333333333
1.71666666666667
1.63333333333333
1.6
1.71666666666667
1.83333333333333
1.68333333333333
1.66666666666667
1.7
1.66666666666667
1.73333333333333
1.68333333333333
1.68333333333333
1.66666666666667
1.63333333333333
1.66666666666667
1.65
1.86666666666667
1.66666666666667
1.6
1.68333333333333
1.65
1.68333333333333
1.65
1.65
1.66666666666667
1.63333333333333
1.66666666666667
1.7
1.9
1.75
1.63333333333333
1.61666666666667
1.66666666666667
1.75
1.66666666666667
1.63333333333333
1.65
1.66666666666667
1.65
1.73333333333333
1.8
1.65
1.68333333333333
1.63333333333333
1.66666666666667
1.76666666666667
1.71666666666667
1.63333333333333
1.63333333333333
1.68333333333333
1.66666666666667
1.68333333333333
1.9
1.6
1.58333333333333
1.73333333333333
1.63333333333333
1.68333333333333
1.71666666666667
1.65
1.66666666666667
1.65
1.63333333333333
1.73333333333333
1.86666666666667
1.7
1.65
1.75
1.81666666666667
8.83333333333333
1.71666666666667
1.75
1.7
1.8
1.68333333333333
1.76666666666667
1.88333333333333
1.7
1.73333333333333
1.68333333333333
1.61666666666667
1.73333333333333
1.66666666666667
10.0333333333333
1.75
1.66666666666667
1.66666666666667
1.71666666666667
2.11666666666667
1.81666666666667
1.9
1.88333333333333
1.9
1.86666666666667
1.85
1.81666666666667
6.76666666666667
3.65
1.88333333333333
1.86666666666667
