1.93333333333333
1.8
2.06666666666667
1.86666666666667
1.93333333333333
2.33333333333333
1.93333333333333
1.73333333333333
1.93333333333333
2
1.93333333333333
1.93333333333333
1.86666666666667
1.86666666666667
2.13333333333333
1.93333333333333
2
2.2
2.13333333333333
1.73333333333333
1.73333333333333
1.93333333333333
1.8
1.73333333333333
1.93333333333333
1.8
2
1.86666666666667
1.93333333333333
2.33333333333333
1.93333333333333
2
1.93333333333333
2
2
2.06666666666667
2
2
2.13333333333333
2
2.06666666666667
2.4
2
1.93333333333333
1.53333333333333
1.73333333333333
1.73333333333333
1.8
1.86666666666667
1.73333333333333
1.8
1.86666666666667
1.66666666666667
2.4
1.86666666666667
1.73333333333333
1.8
1.93333333333333
1.86666666666667
2
2.06666666666667
1.8
2.13333333333333
1.8
1.86666666666667
2.33333333333333
1.86666666666667
1.86666666666667
1.73333333333333
2.06666666666667
1.86666666666667
2
3.33333333333333
1.8
2.13333333333333
1.86666666666667
1.93333333333333
2.46666666666667
2.5
2.06666666666667
2.2
2.06666666666667
2.13333333333333
2.13333333333333
2.06666666666667
2.13333333333333
2.33333333333333
2
2
2.46666666666667
2
2.06666666666667
1.93333333333333
2.2
1.93333333333333
2
2.13333333333333
2
4
2.26666666666667
1.93333333333333
2.46666666666667
2
3
2.46666666666667
2.46666666666667
2.2
2.53333333333333
2.46666666666667
2.2
2.73333333333333
2.4
2.26666666666667
3
2.26666666666667
2.46666666666667
2.33333333333333
2.46666666666667
2.33333333333333
2.4
2.26666666666667
2.46666666666667
2.46666666666667
2.33333333333333
2.33333333333333
3
2.4
2.53333333333333
2.4
2.46666666666667
2.4
2.4
2.4
2.26666666666667
2.6
2.4
2.33333333333333
2.93333333333333
2.26666666666667
2.4
2.33333333333333
2.26666666666667
2.4
2.33333333333333
2.33333333333333
2.33333333333333
2.53333333333333
2.33333333333333
2.4
4.53333333333333
2.53333333333333
2.2
2.26666666666667
2.66666666666667
2.4
2.46666666666667
2.46666666666667
3.14285714285714
4.2
3.46666666666667
4
5.33333333333333
2.8
2
4.26666666666667
2.6
2.8
2.93333333333333
2.06666666666667
2
3.33333333333333
4.2
2.93333333333333
1.86666666666667
1.93333333333333
2.2
1.6
1.46666666666667
1.66666666666667
1.86666666666667
1.73333333333333
4
1.93333333333333
1.93333333333333
2.4
1.86666666666667
1.73333333333333
1.8
2
1.93333333333333
1.93333333333333
2
1.93333333333333
2.33333333333333
1.73333333333333
2.06666666666667
2.26666666666667
2.06666666666667
1.86666666666667
2.06666666666667
2
1.93333333333333
1.93333333333333
2.13333333333333
1.93333333333333
2.13333333333333
2
1.86666666666667
2.46666666666667
2
1.86666666666667
1.8
1.8
1.86666666666667
1.93333333333333
1.93333333333333
1.8
2.26666666666667
1.8
2.06666666666667
2.33333333333333
2.06666666666667
2.06666666666667
2
2.13333333333333
1.86666666666667
1.93333333333333
2
2
2.13333333333333
2.13333333333333
1.93333333333333
2.33333333333333
2.06666666666667
2
2.06666666666667
1.86666666666667
2
1.93333333333333
2
2
2.2
1.93333333333333
2
2.4
2
2.06666666666667
1.93333333333333
2.06666666666667
1.93333333333333
1.93333333333333
2.06666666666667
2
2.2
2
2.06666666666667
2.33333333333333
2.06666666666667
1.86666666666667
2.06666666666667
1.93333333333333
2
2.06666666666667
1.93333333333333
2.13333333333333
2.2
2
1.93333333333333
2.6
2
2.06666666666667
1.86666666666667
2.13333333333333
2
2
1.73333333333333
1.8
2.26666666666667
1.8
1.86666666666667
2.26666666666667
1.86666666666667
1.86666666666667
1.8
1.93333333333333
1.93333333333333
2.06666666666667
1.86666666666667
