1.55
1.55
1.55
1.55
1.55
1.58333333333333
1.51666666666667
1.55
1.56666666666667
1.55
1.55
1.75
9.5
1.55
1.5
1.6
8.58333333333333
1.58333333333333
1.55
1.56666666666667
1.65
1.55
1.53333333333333
1.71666666666667
1.55
8.65
1.55
1.55
1.55
1.58333333333333
1.63333333333333
1.5
1.55
1.55
1.55
1.75
1.55
1.55
1.55
1.53333333333333
1.51666666666667
1.55
1.55
1.55
1.55
1.55
1.55
1.75
1.51666666666667
1.53333333333333
1.53333333333333
1.53333333333333
1.55
1.58928571428571
1.55
1.55
1.55
1.5
1.53333333333333
1.75
1.55
1.55
1.55
1.55
1.51666666666667
1.56666666666667
1.55
1.55
1.55
1.55
1.55
1.73333333333333
1.55
1.56666666666667
1.51666666666667
1.51666666666667
1.55357142857143
1.58333333333333
1.55
1.53333333333333
1.55
1.53571428571429
1.55
1.73333333333333
1.56666666666667
1.55
1.55
1.55
1.55
1.58333333333333
1.55
1.51785714285714
1.53333333333333
1.55
1.55
1.73333333333333
1.55
1.55
1.55
1.55
1.46666666666667
1.38333333333333
1.25
1.35
1.25
1.31666666666667
1.25
1.55
1.26666666666667
1.38333333333333
1.26666666666667
1.3
1.25
1.38333333333333
1.31666666666667
1.36666666666667
1.28333333333333
1.3
1.3
1.5
1.33333333333333
1.35
1.3
1.3
1.3
1.38333333333333
1.31666666666667
1.36666666666667
1.26666666666667
1.3
1.26666666666667
1.53333333333333
1.28333333333333
1.36666666666667
1.31666666666667
1.35
1.3
1.41666666666667
1.3
1.35
1.3
1.31666666666667
1.3
1.5
1.3
1.35
1.3
1.3
1.31666666666667
1.45
1.68333333333333
1.3
1.33333333333333
1.31666666666667
1.36666666666667
1.5
1.3
1.3
1.38333333333333
1.31666666666667
1.33333333333333
1.36666666666667
1.3
1.33333333333333
1.3
1.3
1.3
1.51666666666667
1.3
1.31666666666667
1.3
1.35
1.28571428571429
1.36666666666667
1.3
1.38333333333333
1.3
1.28333333333333
1.3
1.5
1.3
1.35
1.3
1.35
1.3
1.36666666666667
1.3
1.33333333333333
1.3
1.31666666666667
1.35
1.5
1.38333333333333
1.31666666666667
1.36666666666667
1.3
1.33333333333333
1.35
1.33333333333333
1.35
1.33333333333333
1.3
1.375
1.53571428571429
1.33333333333333
1.36666666666667
1.31666666666667
1.31666666666667
1.3
1.36666666666667
1.3
1.36666666666667
1.3
1.3
1.3
1.53333333333333
1.3
1.35
1.3
1.35
1.36666666666667
1.38333333333333
1.33333333333333
1.32142857142857
1.36666666666667
1.3
1.38333333333333
1.5
1.33333333333333
1.33333333333333
1.35
1.3
1.33333333333333
1.36666666666667
1.33333333333333
1.35
1.35
1.3
1.33333333333333
1.51785714285714
1.31666666666667
1.36666666666667
1.3
1.33333333333333
1.3
1.41666666666667
1.3
1.33928571428571
1.31666666666667
1.35
1.31666666666667
1.5
1.3
1.33333333333333
1.3
1.3
1.36666666666667
8.71666666666667
1.33333333333333
1.32142857142857
1.33333333333333
1.43333333333333
1.35
1.51666666666667
1.39285714285714
1.3
1.36666666666667
1.3
1.4
1.36666666666667
1.38333333333333
8.64285714285714
1.35
1.3
1.3
1.5
1.66666666666667
1.53333333333333
1.55
1.55
1.56666666666667
1.61666666666667
1.55
1.55
8.13333333333333
2.73333333333333
1.55
1.76785714285714
