2
2.13333333333333
2.46666666666667
2.4
2.4
2.46666666666667
3.33333333333333
3.2
2.06666666666667
2
2.06666666666667
2.06666666666667
2
2.06666666666667
2.06666666666667
2
2.6
3.13333333333333
2.2
2.13333333333333
2.13333333333333
2
2.13333333333333
2.06666666666667
2
2.13333333333333
3.66666666666667
2
2
2.33333333333333
2
2.13333333333333
2.06666666666667
2
2.13333333333333
2.46666666666667
3
2.13333333333333
2.06666666666667
2
2.13333333333333
2.26666666666667
2
2.13333333333333
2.06666666666667
3.6
2.13333333333333
2.06666666666667
2
2.06666666666667
2.06666666666667
2
2
2.4
2.26666666666667
3.06666666666667
2.06666666666667
2
2
2
2
2.13333333333333
2.06666666666667
2
3.4
2.33333333333333
2
2.13333333333333
2.06666666666667
2
2.13333333333333
2
2
2.2
3.26666666666667
2
2
2.33333333333333
2
2.13333333333333
2.06666666666667
2
2.13333333333333
3.4
2.06666666666667
2.13333333333333
2.06666666666667
2
2
2.33333333333333
2
2.2
2.2
3.53333333333333
2
2
2
2.13333333333333
2.06666666666667
2
2
2.53333333333333
3.13333333333333
2.33333333333333
2.06666666666667
2
2
2
2
2.13333333333333
2.06666666666667
2
5.26666666666667
36.8
28.6666666666667
3.46666666666667
2.4
6.93333333333333
6.6
7.4
7.06666666666667
8.2
7.2
2
1.93333333333333
2.6
4.2
2
2.06666666666667
2
2.13333333333333
3.4
2
2
2.06666666666667
2
2
2.26666666666667
2
2.13333333333333
2.86666666666667
2.73333333333333
2.13333333333333
2.06666666666667
2
2
2
2
2
2.4
3
2
2.06666666666667
2
2
2.06666666666667
2
2.13333333333333
2.06666666666667
2.46666666666667
3.13333333333333
2.33333333333333
2
2.13333333333333
2.06666666666667
2
2
2.06666666666667
2
3.66666666666667
2.06666666666667
2
2.06666666666667
2.33333333333333
2
2.13333333333333
2.06666666666667
2
2.4
3.2
2
2
2.2
2
2.06666666666667
2.33333333333333
2
2.13333333333333
3.53333333333333
2
2.06666666666667
2.06666666666667
2
3.33333333333333
2.06666666666667
2
2
2.46666666666667
2.86666666666667
2.13333333333333
2.06666666666667
2
2.13333333333333
2.06666666666667
2
7.73333333333333
7
3.46666666666667
2.06666666666667
2.4
2
2.33333333333333
3.26666666666667
3.46666666666667
2.06666666666667
3.06666666666667
4.06666666666667
2.93333333333333
2.06666666666667
2
2
2.4
2
2.13333333333333
2.06666666666667
2
4.93333333333333
2.6
3.2
2.2
2.06666666666667
2
2.2
3.26666666666667
2.4
3.53333333333333
2.93333333333333
2
3.26666666666667
2.06666666666667
2
2.26666666666667
2.06666666666667
2.33333333333333
3.46666666666667
3.06666666666667
5.73333333333333
12.7333333333333
3.6
2.46666666666667
3.53333333333333
14.4
9.2
2.86666666666667
6.4
9.26666666666667
6
2.46666666666667
2.33333333333333
2.6
2.93333333333333
13.0666666666667
6.53333333333333
4.13333333333333
2.46666666666667
2.6
2.06666666666667
2
2.06666666666667
2.4
2
3.66666666666667
2.06666666666667
3
4.26666666666667
20
6
5.46666666666667
3.86666666666667
7.06666666666667
10.3333333333333
5.86666666666667
4.73333333333333
2.6
3.33333333333333
2.66666666666667
2.93333333333333
2.06666666666667
