2.06666666666667
2.1
2.1
2.1
2.06666666666667
2.4
2.1
2
2.06666666666667
2.13333333333333
2.13333333333333
2.1
2.13333333333333
2.1
2.1
2.03333333333333
2.06666666666667
2.4
2.3
2.13333333333333
2.06666666666667
2.06666666666667
2.03333333333333
2.03333333333333
2.13333333333333
2.13333333333333
2.1
2.06666666666667
2.06666666666667
2.3
2
2.1
2.06666666666667
2.1
2.13333333333333
2.06666666666667
2.03333333333333
2.06666666666667
2.03333333333333
2.03333333333333
2.1
2.5
2.1
2.06666666666667
2.03333333333333
2
2
2.03333333333333
2.03333333333333
2.06666666666667
2.06666666666667
2.1
2.06666666666667
2.4
2.03333333333333
2.06666666666667
2
2.03333333333333
2.03333333333333
2.1
2.1
2.06666666666667
2.1
2.03333333333333
2
2.46666666666667
2.2
2.5
2.1
2.1
2.03333333333333
2.06666666666667
2.03333333333333
2.03333333333333
2.03333333333333
2.1
2.06666666666667
2.43333333333333
2.06666666666667
2.1
2.1
2.06666666666667
2
2.06666666666667
2
2.06666666666667
2
2.03333333333333
2.06666666666667
2.5
2.06666666666667
2.1
2.06666666666667
2.1
2.03333333333333
2.06666666666667
2.1
2.06666666666667
2.06666666666667
2.1
1.9
1.9
1.53333333333333
1.5
1.63333333333333
1.5
1.6
1.5
1.6
1.56666666666667
1.56666666666667
1.53333333333333
1.6
1.86666666666667
1.7
1.6
1.53333333333333
1.53333333333333
1.6
1.56666666666667
1.53333333333333
1.56666666666667
1.6
1.5
1.6
2
1.56666666666667
1.6
1.56666666666667
1.6
1.6
1.53333333333333
1.53333333333333
1.7
1.6
1.66666666666667
1.6
2.03333333333333
1.6
1.66666666666667
1.6
1.66666666666667
1.6
1.63333333333333
1.6
1.63333333333333
1.56666666666667
1.63333333333333
2.83333333333333
4
1.66666666666667
1.63333333333333
1.6
1.6
1.6
1.6
1.6
1.6
1.6
1.6
1.6
2.4
1.6
1.63333333333333
1.53333333333333
1.63333333333333
1.56666666666667
1.63333333333333
1.6
1.66666666666667
1.6
1.63333333333333
1.6
2
1.6
1.66666666666667
1.6
1.7
1.6
1.66666666666667
1.6
1.63333333333333
1.6
1.63333333333333
1.56666666666667
1.96666666666667
1.6
1.63333333333333
1.56666666666667
1.6
1.56666666666667
1.63333333333333
1.6
1.7
1.6
1.7
1.6
2.06666666666667
1.6
1.63333333333333
1.56666666666667
1.7
1.6
1.7
1.6
1.66666666666667
1.6
1.66666666666667
1.6
1.96666666666667
1.6
1.7
1.56666666666667
1.7
1.6
1.6
1.6
1.63333333333333
1.6
1.6
1.6
2
1.6
1.7
1.6
1.7
1.56666666666667
1.6
1.6
1.63333333333333
1.56666666666667
1.7
1.53333333333333
1.96666666666667
1.6
1.6
1.6
1.7
1.5
1.66666666666667
1.6
1.7
1.6
1.7
1.6
2
1.6
1.6
1.6
1.66666666666667
1.6
1.66666666666667
1.6
1.63333333333333
1.6
1.7
1.6
2
1.56666666666667
1.66666666666667
1.6
1.63333333333333
1.6
1.63333333333333
1.6
1.7
1.6
1.7
1.56666666666667
2.1
1.56666666666667
1.6
1.6
1.66666666666667
1.6
1.66666666666667
1.96666666666667
2.1
2.1
2.1
2.1
2.5
2.03333333333333
2.1
2.1
2.2
2.03333333333333
2.13333333333333
