1.73333333333333
1.76666666666667
1.75
1.8
1.75
1.86666666666667
1.91666666666667
1.75
2.2
1.78333333333333
1.73333333333333
1.76666666666667
1.75
1.8
1.73333333333333
1.86666666666667
1.78333333333333
1.86666666666667
1.93333333333333
1.78333333333333
1.75
1.81666666666667
1.75
1.78333333333333
1.81666666666667
1.85
1.73333333333333
1.8
1.8
1.9
1.91666666666667
1.78333333333333
1.73333333333333
1.81666666666667
1.76666666666667
1.75
1.8
1.78333333333333
1.75
1.76666666666667
1.75
1.86666666666667
1.98333333333333
1.8
1.8
1.75
1.71666666666667
1.76666666666667
3.51666666666667
1.78333333333333
1.75
2.08333333333333
1.76666666666667
1.86666666666667
1.91666666666667
1.8
2.28333333333333
2.01666666666667
6.25
1.76666666666667
1.76666666666667
1.78333333333333
1.75
1.78333333333333
1.75
1.86666666666667
1.93333333333333
1.76666666666667
1.76666666666667
1.8
1.71666666666667
1.75
1.75
1.76666666666667
1.75
1.78333333333333
1.75
1.86666666666667
1.93333333333333
1.75
1.75
1.8
1.75
1.75
1.75
1.76666666666667
1.71666666666667
1.76666666666667
1.73333333333333
1.86666666666667
1.93333333333333
1.76666666666667
1.75
1.78333333333333
1.73333333333333
1.8
1.78333333333333
1.76666666666667
1.81666666666667
1.86666666666667
1.75
1.86666666666667
1.93333333333333
1.76666666666667
1.75
1.8
1.73333333333333
1.76666666666667
1.93333333333333
1.76666666666667
1.71666666666667
1.75
1.73333333333333
1.88333333333333
1.91666666666667
1.78333333333333
1.73333333333333
1.78333333333333
1.73333333333333
1.78333333333333
1.8
1.78333333333333
1.75
1.78333333333333
1.78333333333333
1.95
1.85
1.75
1.75
1.78333333333333
1.8
1.8
1.81666666666667
1.76666666666667
1.76666666666667
1.8
1.73333333333333
1.85
1.93333333333333
1.75
1.75
1.8
1.78333333333333
1.73333333333333
1.76666666666667
1.76666666666667
1.78333333333333
1.76666666666667
1.75
1.85
1.86666666666667
1.76666666666667
1.76666666666667
1.76666666666667
1.78333333333333
1.76666666666667
1.76666666666667
1.76666666666667
1.78333333333333
1.8
1.86666666666667
1.95
1.85
1.8
1.8
1.8
1.78333333333333
1.78333333333333
1.76666666666667
1.76666666666667
1.76666666666667
1.76666666666667
2.08333333333333
1.91666666666667
1.91666666666667
1.76666666666667
1.76666666666667
1.76666666666667
4.66666666666667
1.78333333333333
1.8
1.75
1.75
1.8
1.76666666666667
1.86666666666667
1.96666666666667
1.78333333333333
1.8
1.83333333333333
1.81666666666667
1.8
1.81666666666667
1.76666666666667
1.75
1.78333333333333
1.78333333333333
1.95
1.86666666666667
1.78333333333333
1.8
1.8
1.76666666666667
1.8
1.81666666666667
1.78333333333333
1.8
1.78333333333333
1.8
1.86666666666667
1.91666666666667
1.73333333333333
1.76666666666667
1.8
1.83333333333333
1.8
1.81666666666667
1.8
1.76666666666667
1.8
1.76666666666667
1.86666666666667
1.96666666666667
1.75
1.78333333333333
1.76666666666667
1.78333333333333
1.81666666666667
1.81666666666667
1.8
1.78333333333333
1.75
1.76666666666667
1.91666666666667
1.86666666666667
1.75
1.75
1.76666666666667
1.76666666666667
1.75
1.78333333333333
1.78333333333333
1.75
1.76666666666667
1.76666666666667
1.95
1.81666666666667
1.8
1.8
1.8
1.93333333333333
1.88333333333333
1.86666666666667
1.73333333333333
1.76666666666667
1.78333333333333
1.8
1.96666666666667
1.88333333333333
1.78333333333333
1.73333333333333
1.83333333333333
1.78333333333333
1.76666666666667
1.85
1.76666666666667
1.76666666666667
1.78333333333333
1.73333333333333
1.93333333333333
1.86666666666667
1.78333333333333
1.78333333333333
1.81666666666667
1.76666666666667
1.78333333333333
1.8
1.76666666666667
1.76666666666667
1.8
1.75
1.95
1.86666666666667
1.78333333333333
1.78333333333333
1.81666666666667
1.78333333333333
1.8
