1.46666666666667
1.31666666666667
1.33333333333333
1.3
1.3
1.36666666666667
1.31666666666667
1.3
1.4
1.31666666666667
1.3
1.38333333333333
8.66666666666667
1.5
1.26666666666667
1.38333333333333
10.3666666666667
1.46666666666667
1.35
1.3
1.4
1.25
1.3
1.38333333333333
1.41666666666667
8.53333333333333
1.45
1.28333333333333
1.26666666666667
1.4
1.53333333333333
1.3
1.31666666666667
1.3
1.3
1.38333333333333
1.38333333333333
1.28333333333333
1.4
1.3
1.3
1.38333333333333
1.3
1.28333333333333
1.26666666666667
1.3
1.31666666666667
1.4
1.41666666666667
1.3
1.33333333333333
1.33333333333333
1.28333333333333
1.35
1.3
1.35
1.3
1.3
1.3
1.45
1.4
1.3
1.3
1.36666666666667
1.3
1.4
1.3
1.3
1.31666666666667
1.26666666666667
1.35
1.38333333333333
1.43333333333333
1.3
1.33333333333333
1.3
1.33333333333333
1.33333333333333
1.3
1.3
1.35
1.3
1.3
1.4
1.4
1.3
1.36666666666667
1.3
1.3
1.38333333333333
1.28333333333333
1.28333333333333
1.33333333333333
1.35
1.3
1.4
1.4
1.35
1.3
1.3
1.26666666666667
1.25
1.2
1.21666666666667
1.21666666666667
1.2
1.23333333333333
1.28333333333333
1.23333333333333
1.13333333333333
1.16666666666667
1.21666666666667
1.25
1.25
1.25
1.21666666666667
1.16666666666667
1.23333333333333
1.23333333333333
1.33333333333333
1.31666666666667
1.25
1.21666666666667
1.25
1.25
1.23333333333333
1.11666666666667
1.23333333333333
1.2
1.21666666666667
1.2
1.35
1.3
1.2
1.25
1.28333333333333
1.2
1.2
1.18333333333333
1.13333333333333
1.25
1.2
1.21666666666667
1.33333333333333
1.28333333333333
1.18333333333333
1.16666666666667
1.18333333333333
1.21666666666667
1.6
1.3
1.23333333333333
1.23333333333333
1.16666666666667
1.18333333333333
1.33333333333333
1.26666666666667
1.25
1.2
1.25
1.21666666666667
1.28333333333333
1.11666666666667
1.21666666666667
1.16666666666667
1.23333333333333
1.16666666666667
1.33333333333333
1.26666666666667
1.23333333333333
1.13333333333333
1.21666666666667
1.11666666666667
1.28333333333333
1.23333333333333
1.18333333333333
1.21666666666667
1.23333333333333
1.23333333333333
1.33333333333333
1.18333333333333
1.21666666666667
1.26666666666667
1.23333333333333
1.2
1.23333333333333
1.2
1.16666666666667
1.11666666666667
1.18333333333333
1.25
1.3
1.23333333333333
1.21666666666667
1.25
1.21666666666667
1.18333333333333
1.25
1.16666666666667
1.23333333333333
1.21666666666667
1.16666666666667
1.21666666666667
1.35
1.21666666666667
1.25
1.21666666666667
1.25
1.2
1.23333333333333
1.18333333333333
1.25
1.26666666666667
1.21666666666667
1.25
1.35
1.3
1.25
1.2
1.18333333333333
1.25
1.25
1.2
1.25
1.25
1.25
1.25
1.33333333333333
1.33333333333333
1.25
1.3
1.21666666666667
1.21666666666667
1.25
1.25
1.23333333333333
1.25
1.25
1.25
1.36666666666667
1.3
1.23214285714286
1.21666666666667
1.25
1.2
1.25
1.21666666666667
1.25
1.18333333333333
1.25
1.25
1.33333333333333
1.3
1.25
1.25
1.25
1.36666666666667
7.78333333333333
1.38333333333333
1.3
1.35
1.4
1.4
1.63333333333333
1.35
1.3
1.38333333333333
1.3
1.33333333333333
1.36666666666667
1.35
9.16666666666667
1.35
1.31666666666667
1.31666666666667
1.5
1.66666666666667
1.61666666666667
1.6
1.55
1.56666666666667
1.6
1.55
1.55
5.76666666666667
4.05
1.55
1.68333333333333
