1.5
1.5
1.5
1.5
1.5
1.5
1.5
1.5
1.5
1.5
1.5
1.5
1.5
1.5
1.5
1.5
1.5
1.5
1.5
1.5
1.5
1.5
1.5
1.5
1.5
1.5
1.5
1.5
1.5
1.5
1.5
1.5
1.5
1.5
1.5
1.5
1.5
1.5
1.5
1.5
1.5
1.5
1.5
1.5
1.5
1.5
1.5
1.5
1.7
1.5
1.5
1.5
1.5
1.5
1.5
1.5
1.5
1.5
1.5
1.5
1.5
1.5
1.5
1.5
1.5
1.5
1.5
1.5
1.5
1.5
1.5
1.5
1.5
1.5
1.5
1.5
1.5
1.5
1.5
1.5
1.5
1.5
1.5
1.5
1.5
1.5
1.5
1.5
1.5
1.5
1.5
1.5
1.5
1.5
1.5
1.5
1.5
1.5
1.5
1.5
1.5
1.5
1.5
1.5
1.5
1.5
1.5
1.5
1.5
1.5
1.5
1.5
1.5
1.5
1.5
1.5
1.5
1.5
1.5
1.5
1.5
1.5
1.5
1.5
1.5
1.5
1.5
1.5
1.5
1.5
1.5
1.5
1.5
1.5
1.5
1.5
1.5
1.5
1.36666666666667
1.23333333333333
1.33333333333333
1.43333333333333
1.26666666666667
1.4
1.16666666666667
1.46666666666667
1.5
1.5
1.36666666666667
1.23333333333333
1.3
1.26666666666667
1.36666666666667
1.23333333333333
1.5
1.5
1.5
1.46666666666667
1.36666666666667
1.26666666666667
1.16666666666667
1.26666666666667
1.3
1.43333333333333
1.5
1.5
1.4
1.33333333333333
1.4
1.46666666666667
1.36666666666667
1.33333333333333
1.2
1.4
1.5
1.46666666666667
1.13333333333333
1.1
1.3
1.46666666666667
1.3
1.4
1.5
1.5
1.5
1.4
1.36666666666667
1.33333333333333
1.46666666666667
1.5
1.5
1.5
1.5
1.5
1.5
1.5
1.5
1.5
1.5
1.5
1.5
1.5
1.5
1.5
1.5
1.5
1.5
1.5
1.5
1.5
1.5
1.5
1.4
1.5
1.5
1.43333333333333
1.5
1.5
1.46666666666667
1.2
1.33333333333333
1.23333333333333
1.33333333333333
1.46666666666667
1.2
1.33333333333333
1.2
1.26666666666667
1.5
1.5
1.4
1.33333333333333
1.2
1.13333333333333
1.3
1.26666666666667
1.36666666666667
1.13333333333333
1.33333333333333
1.36666666666667
1.5
1.5
1.4
1.3
1.23333333333333
1.16666666666667
1.36666666666667
1.13333333333333
1.33333333333333
1.3
1.43333333333333
1.5
1.5
1.46666666666667
1.26666666666667
1.13333333333333
1.1
1.43333333333333
1.4
1.2
1.43333333333333
1.33333333333333
1.36666666666667
1.5
1.5
1.36666666666667
1.16666666666667
1.3
1.36666666666667
1.3
1.26666666666667
1.23333333333333
1.23333333333333
1.3
1.5
1.5
1.4
1.13333333333333
1.3
1.23333333333333
1.3
1.23333333333333
1.3
1.33333333333333
1.16666666666667
1.5
1.5
1.5
