3.71666666666667
3.81666666666667
3.75
3.53333333333333
4.11666666666667
4.75
3.73333333333333
3.63333333333333
3.7
3.85
3.91666666666667
4.06666666666667
7.83333333333333
3.78333333333333
3.81666666666667
3.91666666666667
4.05
3.83333333333333
3.63333333333333
3.75
3.73333333333333
3.75
3.98333333333333
3.56666666666667
3.63333333333333
3.51666666666667
3.75
3.55
3.5
3.63333333333333
3.86666666666667
3.66666666666667
3.85
3.55
3.6
3.7
3.8
3.71666666666667
3.73333333333333
3.56666666666667
3.68333333333333
4.18333333333333
3.63333333333333
3.56666666666667
3.65
3.4
3.53333333333333
3.43333333333333
3.73333333333333
3.53333333333333
3.56666666666667
3.58333333333333
3.51666666666667
3.56666666666667
3.58333333333333
3.58333333333333
3.45
3.5
3.53333333333333
3.66666666666667
7.58333333333333
3.58333333333333
3.96666666666667
3.81666666666667
3.73333333333333
3.95
3.9
3.9
4.11666666666667
3.9
3.9
3.63333333333333
3.85
3.7
3.78333333333333
3.68333333333333
3.76666666666667
3.55
3.8
3.56666666666667
3.76666666666667
3.38333333333333
3.9
3.51666666666667
3.78333333333333
3.63333333333333
3.91666666666667
3.75
3.96666666666667
3.83333333333333
3.81666666666667
3.91666666666667
3.68333333333333
3.75
4.06666666666667
3.63333333333333
3.63333333333333
3.75
3.95
3.98333333333333
3.85
3.76666666666667
3.93333333333333
3.66666666666667
3.91666666666667
3.68333333333333
3.8
3.91666666666667
7.48333333333333
3.68333333333333
3.96666666666667
3.58333333333333
3.65
3.73333333333333
3.76666666666667
3.51666666666667
3.6
3.38333333333333
3.73333333333333
3.6
3.71666666666667
3.6
3.61666666666667
3.53333333333333
3.71666666666667
3.63333333333333
3.56666666666667
3.43333333333333
3.6
3.48333333333333
3.66666666666667
3.63333333333333
3.95
3.65
3.78333333333333
3.73333333333333
3.85
3.53333333333333
3.83333333333333
3.6
3.68333333333333
3.58333333333333
3.66666666666667
3.58333333333333
3.85
3.86666666666667
3.78333333333333
3.6
3.76666666666667
11.3833333333333
3.63333333333333
3.68333333333333
4.31666666666667
3.6
3.73333333333333
3.96666666666667
7.88333333333333
3.56666666666667
3.58333333333333
3.46666666666667
3.6
3.4
3.58333333333333
3.63333333333333
3.61666666666667
3.35
3.58333333333333
3.33333333333333
3.53333333333333
3.41666666666667
3.51666666666667
3.46666666666667
3.51666666666667
3.75
3.98333333333333
3.8
3.8
3.63333333333333
4.01666666666667
3.56666666666667
4.3
3.96666666666667
3.88333333333333
3.71666666666667
3.7
3.61666666666667
3.76666666666667
3.55
3.81666666666667
3.61666666666667
3.68333333333333
3.65
3.78333333333333
3.5
3.65
3.58333333333333
3.9
3.73333333333333
3.88333333333333
3.8
3.86666666666667
3.68333333333333
3.85
3.85
7.8
3.65
3.88333333333333
3.61666666666667
3.91666666666667
3.83333333333333
3.7
3.51666666666667
3.86666666666667
3.51666666666667
3.55
3.5
3.8
3.75
3.6
3.51666666666667
3.5
6.31666666666667
3.75
3.88333333333333
3.81666666666667
3.45
3.58333333333333
3.31666666666667
3.41666666666667
3.45
3.46666666666667
3.45
3.61666666666667
3.36666666666667
3.46666666666667
3.5
3.46666666666667
3.31666666666667
3.4
3.4
3.5
3.61666666666667
3.55
3.36666666666667
3.51666666666667
3.35
3.51666666666667
3.35
3.46666666666667
3.4
3.6
3.61666666666667
4.81666666666667
3.28333333333333
3.6
3.3
3.51666666666667
14.85
3.8
3.45
3.55
3.38333333333333
3.41666666666667
3.26666666666667
3.56666666666667
3.36666666666667
3.58333333333333
3.43333333333333
3.56666666666667
3.56666666666667
3.66666666666667
3.41666666666667
3.55
3.61666666666667
4.28333333333333
3.43333333333333
4.06666666666667
3.38333333333333
3.48333333333333
3.38333333333333
3.53333333333333
3.45
3.51666666666667
3.66666666666667
3.35
3.3
3.41666666666667
3.3
