4.26666666666667
4.6
4.86666666666667
4.2
5.2
6.13333333333333
4.8
4.53333333333333
4.26666666666667
4.73333333333333
4.06666666666667
5
4
4.6
4.53333333333333
4.26666666666667
4.73333333333333
6
5.13333333333333
4.06666666666667
4.53333333333333
4.13333333333333
4.13333333333333
4.6
3.8
5
4
4.53333333333333
4.33333333333333
6.53333333333333
4.66666666666667
3.93333333333333
5.06666666666667
3.93333333333333
4.66666666666667
4.26666666666667
4.13333333333333
4.53333333333333
3.86666666666667
5.06666666666667
3.86666666666667
6.8
4.33333333333333
4.33333333333333
4.8
3.73333333333333
5
3.73333333333333
6.06666666666667
4.2
4.2
4.66666666666667
4.13333333333333
7.2
3.93333333333333
4.93333333333333
4.06666666666667
4.4
4.46666666666667
3.86666666666667
4.86666666666667
3.8
4.6
4.2
4.33333333333333
6.86666666666667
4.06666666666667
5.2
3.86666666666667
4.33333333333333
4.2
4.13333333333333
4.4
4.06666666666667
5.2
3.93333333333333
4.53333333333333
6.6
4.2
4.73333333333333
3.8
4.86666666666667
3.86666666666667
4.6
4.33333333333333
4.13333333333333
4.73333333333333
3.66666666666667
5
5.93333333333333
4.6
4.26666666666667
4.13333333333333
4.73333333333333
3.86666666666667
4.93333333333333
3.86666666666667
4.73333333333333
4.33333333333333
4.06666666666667
4.8
6
4.93333333333333
3.93333333333333
4.73333333333333
4
4.46666666666667
6.46666666666667
4.66666666666667
5.2
3.86666666666667
4.4
4.13333333333333
6.46666666666667
4.66666666666667
4
4.93333333333333
3.73333333333333
4.46666666666667
4.13333333333333
4.2
4.4
3.86666666666667
4.8
3.8
6.73333333333333
4.66666666666667
4.46666666666667
4.93333333333333
4.06666666666667
5.46666666666667
4.53333333333333
5.26666666666667
4.66666666666667
4.6
4.86666666666667
4.53333333333333
7.73333333333333
4.4
5.4
4.8
4.8
5.06666666666667
4.33333333333333
5.33333333333333
4.26666666666667
4.86666666666667
4.66666666666667
9.8
10.6
4.06666666666667
5.53333333333333
4
4.86666666666667
4.33333333333333
4.4
4.66666666666667
3.86666666666667
5.26666666666667
3.86666666666667
4.8
6.2
4.46666666666667
4.73333333333333
3.93333333333333
5.2
3.93333333333333
4.66666666666667
4.06666666666667
4.46666666666667
4.66666666666667
3.86666666666667
4.86666666666667
6.13333333333333
4.53333333333333
4.4
4.2
4.26666666666667
3.8
4.8
3.86666666666667
4.4
4.13333333333333
4.2
4.6
6.13333333333333
4.93333333333333
4
4.46666666666667
4.2
4.06666666666667
4.6
3.8
4.93333333333333
4
4.53333333333333
4.2
6.26666666666667
4.73333333333333
4
5.06666666666667
3.73333333333333
4.53333333333333
4.13333333333333
4.33333333333333
4.53333333333333
3.93333333333333
5.06666666666667
3.8
6.86666666666667
4.33333333333333
4.46666666666667
4.53333333333333
3.8
4.93333333333333
3.6
4.66666666666667
4.13333333333333
4.33333333333333
4.66666666666667
4.2
6.86666666666667
5.4
4.66666666666667
4.06666666666667
4.26666666666667
4.6
4.26666666666667
4.66666666666667
3.8
4.53333333333333
4.2
4.06666666666667
6.66666666666667
4.33333333333333
4.66666666666667
3.93333333333333
4.6
4.2
4.26666666666667
4.6
3.93333333333333
4.53333333333333
3.93333333333333
4.66666666666667
6.4
4.33333333333333
4.46666666666667
4
4.6
4
4.73333333333333
3.66666666666667
4.73333333333333
4.6
4.4
4.8
6.4
5.33333333333333
4.2
4.86666666666667
4.46666666666667
4.46666666666667
4.73333333333333
4.26666666666667
5.26666666666667
4.53333333333333
4.66666666666667
4.46666666666667
6.6
4.6
4.13333333333333
5.13333333333333
4.2
5
4.4
4.53333333333333
4.8
4.2
5.33333333333333
4
7
4.4
4.66666666666667
5.13333333333333
4.2
5.26666666666667
4.06666666666667
