1.33333333333333
1.3
1.25
1.31666666666667
1.25
1.3
1.55
1.3
1.6
1.71666666666667
1.4
1.3
1.3
1.3
1.25
1.3
1.26666666666667
1.28333333333333
1.56666666666667
1.3
1.25
1.31666666666667
1.28333333333333
1.3
1.3
1.3
1.25
1.3
1.26666666666667
1.46666666666667
1.55
1.3
1.26666666666667
1.31666666666667
1.3
1.31666666666667
1.35
1.3
1.28333333333333
1.43333333333333
1.25
1.3
1.8
1.31666666666667
1.3
1.28333333333333
1.35
1.25
3.15
1.55
1.3
1.3
1.3
1.26666666666667
1.6
1.25
1.31666666666667
1.35
1.95
1.48333333333333
5.85
1.25
1.3
1.25
1.3
1.25
1.58333333333333
1.25
1.3
1.25
1.35
1.25
1.38333333333333
1.25
1.33333333333333
1.25
1.3
1.25
1.61666666666667
1.25
1.3
1.25
1.35
1.25
1.5
1.25
1.3
1.25
1.3
1.25
1.58333333333333
1.25
1.3
1.25
1.35
1.25
1.36666666666667
1.25
1.3
1.26666666666667
1.3
1.25
1.6
1.25
1.3
1.25
1.35
1.25
1.4
1.28333333333333
1.3
1.25
1.43333333333333
1.28333333333333
1.6
1.26666666666667
1.3
1.25
1.36666666666667
1.25
1.36666666666667
1.25
1.3
1.31666666666667
1.3
1.31666666666667
1.6
1.28333333333333
1.26666666666667
1.3
1.35
1.31666666666667
1.38333333333333
1.3
1.3
1.3
1.26666666666667
1.28333333333333
1.6
1.3
1.3
1.3
1.33333333333333
1.3
1.35
1.26666666666667
1.28333333333333
1.31666666666667
1.3
1.3
1.58333333333333
1.35
1.3
1.3
1.3
1.3
1.4
1.3
1.3
1.3
1.3
1.26666666666667
1.58333333333333
1.31666666666667
1.31666666666667
1.3
1.35
1.3
1.35
1.28333333333333
1.26666666666667
1.3
1.6
1.4
1.73333333333333
4.15
1.3
1.3
1.35
1.3
1.36666666666667
1.28333333333333
1.3
1.3
1.3
1.3
1.6
1.3
1.26666666666667
1.28333333333333
1.31666666666667
1.3
1.38333333333333
1.3
1.3
1.3
1.28333333333333
1.28333333333333
1.56666666666667
1.3
1.3
1.3
1.35
1.3
1.35
1.25
1.3
1.3
1.3
1.3
1.6
1.3
1.3
1.26666666666667
1.3
1.3
1.38333333333333
1.3
1.3
1.3
1.3
1.25
1.55
1.3
1.3
1.3
1.35
1.28333333333333
1.33333333333333
1.3
1.3
1.3
1.3
1.3
1.6
1.25
1.3
1.3
1.35
1.3
1.35
1.26666666666667
1.28333333333333
1.31666666666667
1.3
1.3
1.61666666666667
1.3
1.3
1.25
1.3
1.31666666666667
1.35
1.35
1.3
1.3
1.3
1.3
1.6
1.26666666666667
1.3
1.3
1.36666666666667
1.31666666666667
1.48333333333333
1.28333333333333
1.26666666666667
1.3
1.3
1.3
1.6
1.3
1.3
1.25
1.3
1.3
1.35
1.35
1.43333333333333
1.3
1.26666666666667
1.28333333333333
1.6
1.3
1.3
1.3
1.35
1.3
