91.83673
70.22809
77.07083
84.27371
84.27371
86.19448
87.39496
88.59544
88.59544
89.55582
90.63625
91.11645
91.11645
91.71669
91.71669
91.95678
92.19688
92.31693
92.43697
92.55702
92.79712
93.03721
93.27731
93.51741
93.9976
94.47779
94.59784
94.95798
95.43818
95.43818
95.79832
95.79832
96.03842
96.27851
96.51861
96.87875
96.87875
97.59904
97.83914
97.83914
97.83914
97.95918
98.31933
98.43938
98.43938
98.43938
98.55942
98.55942
98.79952
98.91957
99.03962
99.15966
99.27971
99.27971
99.39976
99.51981
99.51981
99.63986
99.7599
99.87995
100
62.63383
68.73662
75.1606
75.1606
76.87366
77.94433
79.01499
79.01499
79.87152
80.83512
81.26338
81.26338
81.79872
81.79872
82.01285
82.22698
82.33405
82.44111
82.54818
82.76231
82.97645
83.19058
83.40471
83.83298
84.26124
84.36831
84.68951
85.11777
85.11777
85.43897
85.43897
85.6531
85.86724
86.08137
86.40257
86.40257
87.04497
87.2591
87.2591
87.2591
87.36617
87.68737
87.79443
87.79443
87.79443
87.9015
87.9015
88.11563
88.2227
88.32976
88.43683
88.5439
88.5439
88.65096
88.75803
88.75803
88.8651
88.97216
89.07923
89.1863
89.29336
89.40043
89.40043
89.50749
89.61456
89.72163
89.82869
89.82869
89.82869
89.93576
89.93576
90.04283
90.04283
90.14989
90.25696
90.25696
90.36403
90.36403
90.47109
90.57816
90.68522
90.68522
90.68522
90.68522
90.89936
90.89936
90.89936
91.00642
91.00642
91.00642
91.11349
91.22056
91.22056
91.22056
91.22056
91.32762
91.43469
91.43469
91.43469
91.54176
91.54176
91.54176
91.64882
91.64882
91.86296
91.86296
91.97002
92.07709
92.07709
92.07709
92.07709
92.18415
92.29122
92.29122
92.29122
92.29122
92.39829
92.39829
92.39829
92.39829
92.39829
92.39829
92.50535
92.50535
92.50535
92.61242
92.71949
92.71949
92.71949
92.71949
92.82655
92.93362
92.93362
93.04069
93.04069
93.04069
93.04069
93.04069
93.04069
93.04069
93.25482
93.25482
93.25482
93.36188
93.46895
93.46895
93.57602
93.57602
93.57602
93.68308
93.68308
93.68308
93.68308
93.79015
93.89722
93.89722
93.89722
94.00428
94.00428
94.00428
94.00428
94.11135
94.11135
94.11135
94.11135
94.11135
94.11135
94.11135
94.11135
94.11135
94.21842
94.21842
94.21842
94.21842
94.32548
94.32548
94.32548
94.32548
94.32548
94.43255
94.43255
94.53961
94.75375
94.75375
94.75375
94.75375
94.75375
94.86081
94.86081
94.86081
94.86081
94.96788
95.07495
95.07495
95.07495
95.07495
95.18201
95.18201
95.18201
95.18201
95.18201
95.39615
95.50321
95.61028
95.61028
95.61028
95.61028
95.61028
95.61028
95.61028
95.71734
95.71734
95.71734
95.71734
95.82441
95.82441
95.82441
95.82441
95.93148
95.93148
95.93148
95.93148
96.03854
96.03854
96.03854
96.14561
96.14561
