65.50633
67.40506
67.72152
68.03797
69.3038
69.3038
69.93671
70.25316
70.88608
71.20253
71.51899
71.83544
73.41772
75
75
75.31646
76.26582
76.26582
76.58228
76.89873
76.89873
77.21519
77.53165
77.53165
77.8481
78.48101
78.48101
78.79747
79.43038
79.43038
79.74684
80.06329
80.06329
80.6962
81.01266
81.32911
81.64557
82.59494
82.91139
83.22785
83.22785
83.22785
83.22785
83.22785
84.49367
84.81013
84.81013
84.81013
85.12658
85.44304
85.75949
85.75949
86.07595
86.07595
86.07595
86.70886
86.70886
86.70886
87.02532
87.65823
87.65823
88.29114
88.60759
88.60759
88.60759
89.24051
89.55696
90.18987
90.18987
90.18987
90.50633
91.13924
91.4557
91.4557
92.08861
92.08861
92.40506
92.40506
92.72152
92.72152
92.72152
92.72152
93.03797
93.03797
93.35443
93.67089
93.98734
94.62025
94.62025
94.62025
95.56962
95.56962
95.88608
95.88608
95.88608
95.88608
96.83544
97.1519
97.46835
97.78481
97.78481
97.78481
97.78481
97.78481
99.05063
99.68354
100
57.18232
58.83978
59.11602
59.39227
60.49724
60.49724
61.04972
61.32597
61.87845
62.1547
62.43094
62.70718
64.0884
65.46961
65.46961
65.74586
66.57459
66.57459
66.85083
67.12707
67.12707
67.40331
67.67956
67.67956
67.9558
68.50829
68.50829
68.78453
69.33702
69.33702
69.61326
69.8895
69.8895
70.44199
70.71823
70.99448
71.27072
72.09945
72.37569
72.65193
72.65193
72.65193
72.65193
72.65193
73.75691
74.03315
74.03315
74.03315
74.30939
74.58564
74.86188
74.86188
75.13812
75.13812
75.13812
75.69061
75.69061
75.69061
75.96685
76.51934
76.51934
77.07182
77.34807
77.34807
77.34807
77.90055
78.1768
78.72928
78.72928
78.72928
79.00552
79.55801
79.83425
79.83425
80.38674
80.38674
80.66298
80.66298
80.93923
80.93923
80.93923
80.93923
81.21547
81.21547
81.49171
81.76796
82.0442
82.59669
82.59669
82.59669
83.42541
83.42541
83.70166
83.70166
83.70166
83.70166
84.53039
84.80663
85.08287
85.35912
85.35912
85.35912
85.35912
85.35912
86.46409
87.01657
87.29282
87.56906
87.8453
88.39779
88.39779
89.22652
89.22652
89.50276
89.50276
90.05525
90.05525
90.33149
90.33149
91.16022
91.43646
91.43646
91.71271
91.71271
94.1989
94.47514
95.85635
96.1326
96.1326
96.96133
98.61878
99.17127
99.44751
100
53.76623
55.32468
55.58442
55.84416
56.88312
56.88312
57.4026
57.66234
58.18182
58.44156
58.7013
58.96104
60.25974
61.55844
61.55844
61.81818
62.5974
62.5974
62.85714
63.11688
63.11688
63.37662
63.63636
63.63636
63.8961
64.41558
64.41558
64.67532
65.19481
65.19481
65.45455
65.71429
65.71429
66.23377
66.49351
66.75325
67.01299
67.79221
68.05195
68.31169
68.31169
68.31169
68.31169
68.31169
69.35065
69.61039
69.61039
