96.10706
96.59367
96.83698
96.83698
96.83698
97.08029
97.08029
97.3236
97.56691
97.56691
97.56691
97.56691
97.81022
98.05353
98.05353
98.05353
98.29684
98.29684
98.29684
98.54015
98.54015
98.78345
98.78345
98.78345
99.02676
99.27007
99.27007
99.27007
99.27007
99.51338
99.51338
99.75669
99.75669
99.75669
78.52883
78.92644
79.12525
79.12525
79.12525
79.32406
79.32406
79.52286
79.72167
79.72167
79.72167
79.72167
79.92048
80.11928
80.11928
80.11928
80.31809
80.31809
80.31809
80.5169
80.5169
80.71571
80.71571
80.71571
80.91451
81.11332
81.11332
81.11332
81.11332
81.31213
81.31213
81.51093
81.51093
81.51093
81.90855
81.90855
81.90855
81.90855
81.90855
82.10736
82.10736
82.10736
82.30616
82.30616
82.30616
82.30616
82.30616
82.50497
82.50497
82.50497
82.70378
82.70378
82.90258
82.90258
82.90258
82.90258
82.90258
82.90258
83.3002
83.69781
83.69781
83.69781
83.69781
83.89662
83.89662
83.89662
83.89662
83.89662
84.09543
84.09543
84.09543
84.29423
84.49304
84.49304
84.49304
84.49304
84.49304
84.69185
84.69185
84.89066
84.89066
85.08946
85.08946
85.08946
85.08946
85.28827
85.28827
85.28827
85.28827
85.28827
85.28827
85.48708
85.48708
85.48708
85.68588
85.88469
85.88469
85.88469
85.88469
85.88469
85.88469
85.88469
85.88469
85.88469
86.0835
86.0835
86.48111
86.48111
86.87873
87.07753
87.27634
87.27634
87.27634
87.47515
87.87276
87.87276
87.87276
87.87276
87.87276
88.07157
88.27038
88.27038
88.66799
88.8668
89.06561
89.26441
89.66203
89.66203
90.45726
93.43936
94.63221
99.20477
99.20477
76.40232
76.78917
76.98259
76.98259
76.98259
77.17602
77.17602
77.36944
77.56286
77.56286
77.56286
77.56286
77.75629
77.94971
77.94971
77.94971
78.14313
78.14313
78.14313
78.33656
78.33656
78.52998
78.52998
78.52998
78.7234
78.91683
78.91683
78.91683
78.91683
79.11025
79.11025
79.30368
79.30368
79.30368
79.69052
79.69052
79.69052
79.69052
79.69052
79.88395
79.88395
79.88395
80.07737
80.07737
80.07737
80.07737
80.07737
80.27079
80.27079
80.27079
80.46422
80.46422
80.65764
80.65764
80.65764
80.65764
80.65764
80.65764
81.04449
81.43133
81.43133
81.43133
81.43133
81.62476
81.62476
81.62476
81.62476
81.62476
81.81818
81.81818
81.81818
82.01161
82.20503
82.20503
82.20503
82.20503
82.20503
82.39845
82.39845
82.59188
82.59188
82.7853
82.7853
82.7853
82.7853
82.97872
82.97872
82.97872
82.97872
82.97872
82.97872
83.17215
83.17215
83.17215
83.36557
83.55899
83.55899
83.55899
83.55899
83.55899
83.55899
83.55899
83.55899
83.55899
83.75242
83.75242
84.13926
84.13926
84.52611
84.71954
84.91296
84.91296
84.91296
85.10638
85.49323
85.49323
85.49323
85.49323
85.49323
85.68665
85.88008
