50.40184
62.68657
66.93456
67.27899
67.85304
67.85304
69.69001
69.91963
70.6085
70.6085
70.95293
71.18255
71.52698
71.64179
71.87141
71.98622
72.10103
72.10103
72.21584
72.44546
72.44546
72.56028
73.70838
73.938
74.05281
74.28243
74.51206
75.08611
75.43054
75.54535
75.66016
75.88978
75.88978
75.88978
75.88978
76.1194
76.23421
76.23421
76.23421
76.34902
76.34902
76.34902
76.46383
76.46383
76.80827
77.03789
77.1527
77.1527
77.1527
77.1527
77.38232
77.38232
77.49713
77.49713
77.61194
77.84156
78.18599
78.3008
78.3008
78.76005
78.87486
78.98967
78.98967
78.98967
79.10448
79.10448
79.21929
79.21929
79.21929
79.21929
79.21929
79.3341
79.44891
79.56372
79.67853
79.79334
79.79334
79.90815
79.90815
80.02296
80.02296
80.13777
80.13777
80.13777
80.25258
80.25258
80.36739
80.4822
80.71183
80.71183
80.82664
80.82664
81.05626
81.17107
81.17107
81.17107
81.17107
81.17107
81.40069
81.40069
81.5155
81.5155
81.5155
81.63031
81.63031
81.63031
81.74512
81.74512
81.74512
81.74512
81.85993
81.85993
81.85993
81.97474
81.97474
82.08955
82.20436
82.20436
82.20436
82.31917
82.31917
82.43398
82.43398
82.43398
82.43398
82.54879
82.54879
82.54879
82.54879
82.66361
82.66361
82.77842
82.77842
82.77842
82.77842
82.77842
82.77842
82.89323
82.89323
82.89323
83.00804
83.00804
83.00804
83.00804
83.12285
83.12285
83.23766
83.23766
83.23766
83.23766
83.23766
83.23766
83.23766
83.23766
83.23766
83.35247
83.35247
83.46728
83.46728
83.46728
83.46728
83.58209
83.58209
83.58209
83.58209
83.6969
83.6969
83.6969
83.6969
83.81171
83.81171
83.81171
83.81171
83.92652
83.92652
84.04133
84.04133
84.04133
84.15614
84.27095
84.27095
84.27095
84.27095
84.38576
84.38576
84.50057
84.50057
84.50057
84.50057
84.50057
84.50057
84.61538
84.61538
84.61538
84.61538
84.61538
84.61538
84.7302
84.7302
84.7302
84.7302
84.84501
84.84501
84.84501
84.84501
84.84501
84.84501
84.84501
84.95982
84.95982
84.95982
84.95982
85.07463
85.07463
85.07463
85.18944
85.18944
85.18944
85.18944
85.30425
85.30425
85.30425
85.30425
85.41906
85.53387
85.53387
85.53387
85.53387
85.64868
85.64868
85.76349
85.76349
85.76349
85.8783
85.8783
85.8783
85.8783
85.8783
85.8783
85.8783
85.99311
85.99311
85.99311
85.99311
85.99311
85.99311
85.99311
86.10792
86.10792
86.10792
86.10792
86.10792
86.22273
86.22273
86.22273
86.22273
86.22273
86.22273
86.33754
86.33754
86.33754
86.33754
86.45235
86.45235
86.56716
86.68197
86.68197
86.68197
86.79679
86.79679
86.79679
86.79679
86.79679
86.79679
86.79679
86.9116
87.02641
87.02641
87.02641
87.02641
87.02641
87.14122
87.14122
87.14122
87.14122
87.25603
87.25603
87.25603
