58.5443
67.72152
70.56962
71.20253
72.46835
72.78481
72.78481
73.41772
74.68354
74.68354
75
75.31646
75.63291
75.94937
76.26582
76.26582
76.58228
76.58228
76.58228
76.89873
76.89873
77.21519
77.21519
77.21519
77.53165
77.53165
77.53165
77.53165
77.8481
77.8481
77.8481
78.16456
78.48101
78.48101
78.79747
78.79747
79.11392
79.11392
79.11392
79.11392
79.43038
79.74684
79.74684
80.06329
80.06329
80.37975
80.37975
80.6962
80.6962
80.6962
81.01266
81.01266
81.01266
81.01266
81.32911
81.32911
81.32911
81.32911
81.64557
81.64557
81.64557
81.64557
81.96203
81.96203
81.96203
81.96203
81.96203
81.96203
82.59494
82.59494
82.59494
82.91139
82.91139
82.91139
82.91139
82.91139
83.22785
83.22785
83.22785
83.22785
83.22785
83.5443
83.5443
83.5443
83.5443
83.5443
83.86076
83.86076
83.86076
83.86076
83.86076
83.86076
84.17722
84.17722
84.49367
84.49367
84.49367
84.49367
84.81013
84.81013
84.81013
84.81013
85.12658
85.12658
85.12658
85.12658
85.44304
85.44304
85.44304
85.44304
85.75949
85.75949
86.07595
86.07595
86.07595
86.07595
86.07595
86.07595
86.07595
86.39241
86.39241
86.39241
86.70886
86.70886
86.70886
86.70886
86.70886
86.70886
87.02532
87.02532
87.02532
87.02532
87.02532
87.02532
87.02532
87.02532
87.34177
87.34177
87.34177
87.34177
87.34177
87.65823
87.97468
87.97468
87.97468
87.97468
87.97468
87.97468
87.97468
88.29114
88.29114
88.29114
88.29114
88.60759
88.60759
88.60759
88.60759
88.92405
88.92405
88.92405
88.92405
88.92405
88.92405
88.92405
88.92405
88.92405
89.24051
89.24051
89.24051
89.24051
89.55696
89.55696
89.87342
89.87342
89.87342
89.87342
89.87342
89.87342
89.87342
90.18987
90.18987
90.18987
90.18987
90.18987
90.50633
90.50633
90.50633
90.50633
90.50633
90.50633
90.82278
90.82278
90.82278
90.82278
90.82278
91.13924
91.13924
91.13924
91.13924
91.4557
91.4557
91.4557
91.4557
91.77215
91.77215
92.08861
92.08861
92.08861
92.40506
92.40506
92.40506
92.40506
92.40506
92.72152
92.72152
92.72152
92.72152
92.72152
92.72152
93.03797
93.03797
93.03797
93.03797
93.03797
93.03797
93.03797
93.03797
93.03797
93.35443
93.35443
93.35443
93.35443
93.67089
93.67089
93.67089
93.67089
93.67089
93.67089
93.67089
93.98734
93.98734
93.98734
93.98734
94.3038
94.3038
94.3038
94.3038
94.62025
94.62025
94.62025
94.62025
94.93671
94.93671
94.93671
94.93671
94.93671
95.25316
95.56962
95.56962
95.56962
95.56962
95.88608
95.88608
96.20253
96.20253
96.20253
96.20253
96.20253
96.20253
96.20253
96.51899
96.51899
96.83544
96.83544
96.83544
96.83544
97.46835
97.46835
97.46835
98.10127
98.10127
98.10127
98.10127
98.41772
98.41772
98.73418
98.73418
99.05063
