95.128552097429
94.6164199192463
93.7333333333333
79.0776152980877
85.0393700787402
92.2384701912261
99.437570303712
76.1646803900325
81.9068255687974
88.8407367280607
95.7746478873239
69.1929133858268
74.4094488188976
80.7086614173228
87.007874015748
90.9448818897638
93.996062992126
94.488188976378
96.751968503937
98.6220472440945
98.9173228346457
67.7263969171484
72.8323699421965
78.9980732177264
85.1637764932563
89.0173410404624
92.0038535645472
92.485549132948
94.7013487475915
96.5317919075144
96.8208092485549
100
66.9523809523809
72
78.0952380952381
84.1904761904762
88
90.9523809523809
91.4285714285714
93.6190476190476
95.4285714285714
95.7142857142857
98.8571428571429
100
62.7678571428571
67.5
73.2142857142857
78.9285714285714
82.5
85.2678571428571
85.7142857142857
87.7678571428571
89.4642857142857
89.7321428571429
92.6785714285714
93.75
94.1071428571429
94.2857142857143
94.8214285714286
95.8928571428572
96.25
96.7857142857143
97.1428571428571
97.1428571428571
97.5
97.6785714285714
97.8571428571428
97.8571428571428
97.8571428571428
98.2142857142857
98.2142857142857
98.3928571428571
98.3928571428571
98.75
99.6428571428571
56.969205834684
61.2641815235008
66.45056726094
71.6369529983793
74.8784440842788
77.3905996758509
77.7957860615883
79.6596434359806
81.1993517017828
81.4424635332253
84.1166936790924
85.0891410048622
85.4132901134522
85.5753646677472
86.0615883306321
87.0340356564019
87.3581847649919
87.8444084278768
88.1685575364668
88.1685575364668
88.4927066450567
88.6547811993517
88.8168557536467
88.8168557536467
88.8168557536467
89.1410048622366
89.1410048622366
89.3030794165316
89.3030794165316
89.6272285251216
90.4376012965964
90.9238249594814
91.2479740680713
91.2479740680713
91.2479740680713
91.2479740680713
91.4100486223663
91.5721231766613
91.5721231766613
91.5721231766613
92.2204213938412
92.3824959481361
92.7066450567261
93.6790923824959
93.6790923824959
93.8411669367909
97.5688816855754
55.8823529411765
60.0953895071542
65.1828298887122
70.2702702702703
73.449920508744
75.9141494435612
76.3116057233704
78.1399046104928
79.6502384737679
79.8887122416534
82.5119236883943
83.4658187599364
83.7837837837838
83.9427662957075
84.4197138314785
85.3736089030207
85.691573926868
86.1685214626391
86.4864864864865
86.4864864864865
86.8044515103339
86.9634340222575
87.1224165341812
87.1224165341812
87.1224165341812
87.4403815580286
87.4403815580286
87.5993640699523
87.5993640699523
87.9173290937997
88.7122416534181
89.1891891891892
89.5071542130366
89.5071542130366
89.5071542130366
89.5071542130366
89.6661367249603
89.8251192368839
89.8251192368839
89.8251192368839
90.4610492845787
90.6200317965024
90.9379968203498
91.8918918918919
91.8918918918919
92.0508744038156
95.7074721780604
54.8361934477379
58.9703588143526
63.9625585023401
68.9547581903276
72.0748829953198
74.4929797191888
74.8829953198128
76.6770670826833
78.1591263650546
78.393135725429
80.9672386895476
81.9032761310452
82.2152886115445
82.3712948517941
82.8393135725429
83.7753510140406
84.0873634945398
84.5553822152886
84.8673946957878
84.8673946957878
85.179407176287
85.3354134165367
85.4914196567863
85.4914196567863
85.4914196567863
85.8034321372855
85.8034321372855
85.9594383775351
85.9594383775351
86.2714508580343
87.0514820592824
87.5195007800312
87.8315132605304
87.8315132605304
87.8315132605304
87.8315132605304
87.98751950078
88.1435257410296
88.1435257410296
88.1435257410296
88.7675507020281
88.9235569422777
89.2355694227769
90.1716068642746
90.1716068642746
90.3276131045242
93.9157566302652
52.8571428571429
56.8421052631579
61.6541353383459
66.4661654135338
69.4736842105263
71.8045112781955
72.1804511278195
73.9097744360902
75.3383458646616
75.5639097744361
78.0451127819549
78.9473684210526
79.2481203007519
79.3984962406015
79.8496240601504
80.7518796992481
81.0526315789474
81.5037593984962
81.8045112781955
81.8045112781955
82.1052631578947
82.2556390977444
82.406015037594
82.406015037594
82.406015037594
82.7067669172932
82.7067669172932
82.8571428571429
82.8571428571429
83.1578947368421
83.9097744360902
84.3609022556391
84.6616541353384
84.6616541353384
84.6616541353384
84.6616541353384
84.812030075188
84.9624060150376
84.9624060150376
84.9624060150376
85.5639097744361
85.7142857142857
86.015037593985
86.9172932330827
86.9172932330827
87.0676691729323
90.5263157894737
51.9202363367799
55.834564254062
60.5612998522895
65.288035450517
68.2422451994092
70.5317577548006
70.9010339734121
72.5997045790251
74.0029542097489
74.2245199409158
76.6617429837519
77.5480059084195
77.8434268833087
77.9911373707533
78.4342688330871
79.3205317577548
79.615952732644
80.0590841949778
80.3545051698671
80.3545051698671
80.6499261447563
80.7976366322009
80.9453471196455
80.9453471196455
80.9453471196455
