97.77283
96.80265
84.58574
98.65125
80.69853
94.11765
53.79902
62.7451
79.77941
81.37255
82.10784
83.33333
84.80392
85.17157
85.41667
85.78431
85.90686
86.27451
86.27451
86.76471
86.88725
86.88725
87.13235
87.13235
87.2549
87.5
88.48039
88.60294
88.60294
89.21569
89.70588
89.70588
89.95098
90.19608
90.31863
90.80882
91.05392
91.05392
91.05392
91.17647
91.17647
91.42157
91.78922
91.91176
91.91176
92.03431
92.27941
92.52451
92.52451
92.89216
93.01471
93.13725
93.2598
93.38235
93.62745
93.62745
94.11765
94.2402
94.36275
94.36275
94.48529
94.48529
94.73039
94.85294
94.85294
95.22059
95.22059
95.22059
95.34314
95.34314
95.46569
95.46569
95.46569
95.46569
95.58824
95.71078
95.95588
95.95588
95.95588
96.07843
96.32353
96.32353
96.32353
96.44608
96.44608
96.56863
96.56863
96.56863
96.69118
96.81373
96.81373
96.81373
96.81373
96.93627
96.93627
97.05882
97.18137
97.30392
97.30392
97.42647
97.54902
97.54902
97.67157
97.79412
97.79412
97.79412
97.91667
97.91667
97.91667
97.91667
98.16176
98.28431
98.28431
98.28431
98.28431
98.40686
98.40686
98.40686
98.52941
98.52941
98.52941
98.65196
98.77451
98.77451
98.77451
98.89706
98.89706
98.89706
98.89706
99.01961
99.01961
99.14216
99.14216
99.14216
99.26471
99.26471
99.26471
99.38725
99.5098
99.5098
99.5098
99.63235
99.7549
99.7549
99.87745
99.87745
100
100
100
100
53.66748
62.59169
79.58435
81.17359
81.90709
83.12958
84.59658
84.96333
85.20782
85.57457
85.69682
86.06357
86.06357
86.55257
86.67482
86.67482
86.91932
86.91932
87.04156
87.28606
88.26406
88.38631
88.38631
88.99756
89.48655
89.48655
89.73105
89.97555
90.0978
90.5868
90.8313
90.8313
90.8313
90.95355
90.95355
91.19804
91.56479
91.68704
91.68704
91.80929
92.05379
92.29829
92.29829
92.66504
92.78729
92.90954
93.03178
93.15403
93.39853
93.39853
93.88753
94.00978
94.13203
94.13203
94.25428
94.25428
94.49878
94.62103
94.62103
94.98778
94.98778
94.98778
95.11002
95.11002
95.23227
95.23227
95.23227
95.23227
95.35452
95.47677
95.72127
95.72127
95.72127
95.84352
96.08802
96.08802
96.08802
96.21027
96.21027
96.33252
96.33252
96.33252
96.45477
96.57702
96.57702
96.57702
96.57702
96.69927
96.69927
96.82152
96.94377
97.06601
97.06601
97.18826
97.31051
97.31051
97.43276
97.55501
97.55501
97.55501
97.67726
97.67726
97.67726
97.67726
97.92176
98.04401
98.04401
98.04401
98.04401
98.16626
98.16626
98.16626
98.28851
98.28851
98.28851
98.41076
98.53301
98.53301
98.53301
98.65526
98.65526
98.65526
98.65526
98.77751
98.77751
98.89976
98.89976
98.89976
99.022
99.022
99.022
99.14425
99.2665
99.2665
99.2665
99.38875
99.511
99.511
