57.91139
57.91139
61.39241
61.39241
61.70886
62.02532
62.34177
62.97468
63.29114
63.92405
63.92405
64.24051
64.24051
64.55696
64.87342
64.87342
64.87342
65.18987
65.50633
65.50633
65.50633
65.82278
65.82278
66.13924
66.4557
66.77215
67.08861
67.08861
67.72152
68.03797
68.67089
69.3038
69.3038
69.62025
69.62025
69.93671
69.93671
70.25316
70.25316
70.56962
70.56962
71.20253
71.51899
71.51899
71.83544
72.1519
72.1519
72.1519
72.46835
73.10127
73.41772
73.41772
73.41772
73.73418
74.05063
74.36709
74.68354
74.68354
74.68354
74.68354
74.68354
74.68354
74.68354
75
75.31646
75.31646
75.31646
75.31646
75.63291
75.63291
75.63291
75.63291
75.63291
75.94937
75.94937
76.26582
76.89873
77.21519
77.21519
77.53165
77.53165
77.8481
78.16456
78.16456
78.16456
78.48101
78.48101
78.48101
78.48101
78.79747
78.79747
78.79747
79.43038
79.43038
79.74684
79.74684
80.06329
80.37975
80.6962
81.01266
81.01266
81.32911
81.64557
81.96203
82.91139
82.91139
82.91139
83.22785
83.5443
83.86076
84.17722
84.49367
84.49367
84.81013
85.44304
85.44304
85.44304
85.44304
86.07595
86.70886
86.70886
87.34177
87.65823
87.65823
87.65823
88.60759
88.60759
88.60759
88.92405
89.24051
89.24051
89.55696
89.55696
89.87342
89.87342
90.50633
90.82278
91.77215
92.72152
93.35443
93.35443
93.35443
93.35443
93.35443
93.67089
93.98734
94.62025
94.62025
96.20253
96.83544
97.1519
97.46835
97.46835
98.10127
98.73418
99.68354
50.55249
50.55249
53.59116
53.59116
53.8674
54.14365
54.41989
54.97238
55.24862
55.8011
55.8011
56.07735
56.07735
56.35359
56.62983
56.62983
56.62983
56.90608
57.18232
57.18232
57.18232
57.45856
57.45856
57.73481
58.01105
58.28729
58.56354
58.56354
59.11602
59.39227
59.94475
60.49724
60.49724
60.77348
60.77348
61.04972
61.04972
61.32597
61.32597
61.60221
61.60221
62.1547
62.43094
62.43094
62.70718
62.98343
62.98343
62.98343
63.25967
63.81215
64.0884
64.0884
64.0884
64.36464
64.64088
64.91713
65.19337
65.19337
65.19337
65.19337
65.19337
65.19337
65.19337
65.46961
65.74586
65.74586
65.74586
65.74586
66.0221
66.0221
66.0221
66.0221
66.0221
66.29834
66.29834
66.57459
67.12707
67.40331
67.40331
67.67956
67.67956
67.9558
68.23204
68.23204
68.23204
68.50829
68.50829
68.50829
68.50829
68.78453
68.78453
68.78453
69.33702
69.33702
69.61326
69.61326
69.8895
70.16575
70.44199
70.71823
70.71823
70.99448
71.27072
71.54696
72.37569
72.37569
72.37569
72.65193
72.92818
73.20442
73.48066
73.75691
73.75691
74.03315
74.58564
74.58564
74.58564
74.58564
75.13812
75.69061
75.69061
76.24309
76.51934
76.51934
76.51934
77.34807
77.34807
77.34807
77.62431
77.90055
77.90055
78.1768
