100
100
100
100
100
100
100
100
100
100
100
100
100
100
100
100
100
100
100
99.6875
99.6875
99.6875
99.6875
99.6875
99.6875
99.6875
99.6875
99.6875
99.6875
99.6875
99.37695
99.37695
99.37695
99.37695
99.37695
99.37695
99.37695
99.37695
99.37695
99.37695
99.37695
99.37695
99.37695
99.37695
99.37695
99.37695
99.37695
99.37695
99.37695
99.37695
99.37695
99.37695
99.37695
99.37695
99.06832
99.06832
99.06832
99.06832
99.06832
99.06832
99.06832
99.06832
99.06832
99.06832
99.06832
99.06832
99.06832
99.06832
99.06832
99.06832
99.06832
99.06832
99.06832
99.06832
99.06832
99.06832
99.06832
98.76161
98.76161
98.76161
98.76161
98.76161
98.76161
98.76161
98.76161
98.76161
98.76161
98.76161
98.76161
98.76161
98.76161
98.76161
98.45679
98.45679
98.45679
98.45679
98.45679
98.45679
98.45679
98.45679
98.15385
98.15385
98.15385
98.15385
98.15385
98.15385
98.15385
98.15385
98.15385
98.15385
98.15385
98.15385
98.15385
98.15385
98.15385
98.15385
98.15385
98.15385
98.15385
98.15385
97.85276
97.85276
97.85276
97.85276
97.85276
97.85276
97.85276
97.85276
97.85276
97.85276
97.85276
97.85276
97.85276
97.85276
97.85276
97.85276
97.85276
97.85276
97.85276
97.85276
97.85276
97.85276
97.85276
97.85276
97.85276
97.85276
97.85276
97.55352
97.55352
97.55352
97.55352
97.55352
97.55352
97.55352
97.55352
97.55352
97.55352
97.55352
97.55352
97.55352
97.55352
97.2561
97.2561
97.2561
97.2561
97.2561
97.2561
97.2561
97.2561
97.2561
97.2561
97.2561
97.2561
97.2561
97.2561
97.2561
97.2561
97.2561
97.2561
97.2561
96.96049
96.96049
96.96049
96.96049
96.96049
96.96049
96.96049
96.96049
96.96049
96.96049
96.96049
96.96049
96.96049
96.96049
96.96049
96.96049
96.96049
96.66667
96.66667
96.66667
96.66667
96.66667
96.66667
96.66667
96.66667
96.66667
96.66667
96.66667
96.66667
96.66667
96.37462
96.37462
96.37462
96.37462
96.37462
96.37462
96.37462
96.37462
96.37462
96.37462
96.37462
96.37462
96.37462
96.37462
96.37462
96.37462
96.37462
96.37462
96.37462
96.37462
96.37462
96.37462
96.37462
96.37462
96.37462
96.37462
96.08434
96.08434
96.08434
96.08434
96.08434
96.08434
96.08434
96.08434
96.08434
96.08434
96.08434
96.08434
96.08434
96.08434
96.08434
96.08434
96.08434
96.08434
96.08434
96.08434
96.08434
96.08434
95.7958
95.7958
95.7958
95.7958
95.7958
95.7958
95.7958
95.7958
95.7958
95.7958
95.7958
95.7958
95.7958
95.7958
95.7958
95.7958
95.7958
95.50898
95.50898
95.50898
95.50898
95.50898
95.50898
95.50898
95.50898
95.50898
95.50898
95.50898
95.50898
95.50898
