100
100
98.60465
96.80365
95.4955
95.06726
93.80531
93.80531
93.39207
92.98246
92.17391
91.77489
91.77489
91.37931
90.98712
90.98712
90.98712
90.59829
90.21277
89.83051
89.83051
89.83051
89.83051
89.45148
89.45148
89.45148
89.07563
89.07563
89.07563
88.70293
88.33333
88.33333
87.9668
87.60331
87.60331
87.60331
87.60331
87.60331
87.60331
87.60331
87.60331
87.2428
87.2428
86.88525
86.88525
86.88525
86.53061
86.53061
86.53061
86.53061
86.53061
86.17886
86.17886
86.17886
86.17886
86.17886
86.17886
86.17886
86.17886
85.82996
85.82996
85.82996
85.48387
85.48387
85.48387
85.48387
85.48387
85.48387
85.14056
85.14056
85.14056
85.14056
84.8
84.8
84.8
84.8
84.46215
84.46215
84.46215
84.12698
84.12698
84.12698
84.12698
84.12698
83.79447
83.79447
83.79447
83.79447
83.46457
83.46457
83.46457
83.46457
83.46457
83.46457
83.46457
83.46457
83.13725
83.13725
83.13725
83.13725
83.13725
83.13725
83.13725
82.8125
82.8125
82.8125
82.8125
82.49027
82.49027
82.17054
82.17054
82.17054
82.17054
82.17054
82.17054
82.17054
82.17054
81.85328
81.85328
81.85328
81.85328
81.85328
81.85328
81.53846
81.53846
81.53846
81.53846
81.22605
81.22605
81.22605
80.91603
80.91603
80.91603
80.91603
80.91603
80.91603
80.91603
80.60837
80.60837
80.60837
80.60837
80.60837
80.60837
80.60837
80.60837
80.60837
80.30303
80.30303
80.30303
80.30303
80
80
80
80
80
79.69925
79.69925
79.69925
79.69925
79.69925
79.69925
79.40075
79.40075
79.40075
79.40075
79.40075
79.40075
79.40075
79.40075
79.10448
79.10448
79.10448
79.10448
79.10448
79.10448
78.81041
78.81041
78.81041
78.81041
78.81041
78.81041
78.51852
78.51852
78.51852
78.51852
78.51852
78.22878
78.22878
78.22878
78.22878
78.22878
78.22878
78.22878
78.22878
78.22878
78.22878
78.22878
78.22878
77.94118
77.94118
77.94118
77.94118
77.94118
77.94118
77.94118
77.94118
77.94118
77.94118
77.65568
77.65568
77.65568
77.65568
77.65568
77.65568
77.65568
77.65568
77.37226
77.37226
77.37226
77.37226
77.37226
77.37226
77.37226
77.37226
77.37226
77.09091
77.09091
77.09091
77.09091
77.09091
77.09091
76.81159
76.81159
76.81159
76.81159
76.81159
76.81159
76.81159
76.81159
76.5343
76.5343
76.5343
76.5343
76.5343
76.5343
76.5343
76.25899
76.25899
76.25899
76.25899
75.98566
75.98566
75.98566
75.98566
75.98566
75.98566
75.98566
75.98566
75.98566
75.98566
75.71429
75.71429
75.71429
75.71429
75.71429
75.71429
75.44484
75.44484
75.44484
75.44484
75.44484
75.44484
75.44484
75.1773
75.1773
75.1773
75.1773
75.1773
74.91166
74.91166
74.91166
74.91166
74.91166
74.64789
74.64789
74.64789
74.64789
74.64789
