75.45126
85.55957
85.92058
85.92058
86.6426
86.6426
87.36462
88.44765
89.8917
89.8917
90.25271
90.61372
90.61372
90.61372
90.61372
90.97473
90.97473
91.33574
91.69675
91.69675
91.69675
92.05776
92.05776
92.41877
92.41877
92.41877
92.41877
92.77978
93.14079
93.50181
93.50181
93.86282
94.22383
94.22383
94.22383
94.22383
94.58484
94.58484
94.94585
94.94585
95.30686
95.30686
95.66787
95.66787
95.66787
96.02888
96.02888
96.02888
96.02888
96.02888
96.38989
96.38989
96.38989
96.7509
96.7509
97.11191
97.11191
97.11191
97.11191
97.11191
97.11191
97.47292
97.47292
97.47292
97.47292
97.83394
97.83394
97.83394
97.83394
97.83394
97.83394
97.83394
97.83394
97.83394
97.83394
98.19495
98.19495
98.19495
98.19495
98.19495
98.19495
98.19495
98.19495
98.55596
98.55596
98.55596
98.55596
98.55596
98.55596
98.55596
98.55596
98.55596
98.91697
98.91697
98.91697
98.91697
98.91697
98.91697
98.91697
98.91697
98.91697
99.27798
99.27798
99.27798
99.27798
99.27798
99.27798
99.27798
99.27798
99.27798
99.63899
99.63899
99.63899
99.63899
99.63899
99.63899
100
100
57.73481
65.46961
65.74586
65.74586
66.29834
66.29834
66.85083
67.67956
68.78453
68.78453
69.06077
69.33702
69.33702
69.33702
69.33702
69.61326
69.61326
69.8895
70.16575
70.16575
70.16575
70.44199
70.44199
70.71823
70.71823
70.71823
70.71823
70.99448
71.27072
71.54696
71.54696
71.8232
72.09945
72.09945
72.09945
72.09945
72.37569
72.37569
72.65193
72.65193
72.92818
72.92818
73.20442
73.20442
73.20442
73.48066
73.48066
73.48066
73.48066
73.48066
73.75691
73.75691
73.75691
74.03315
74.03315
74.30939
74.30939
74.30939
74.30939
74.30939
74.30939
74.58564
74.58564
74.58564
74.58564
74.86188
74.86188
74.86188
74.86188
74.86188
74.86188
74.86188
74.86188
74.86188
74.86188
75.13812
75.13812
75.13812
75.13812
75.13812
75.13812
75.13812
75.13812
75.41436
75.41436
75.41436
75.41436
75.41436
75.41436
75.41436
75.41436
75.41436
75.69061
75.69061
75.69061
75.69061
75.69061
75.69061
75.69061
75.69061
75.69061
75.96685
75.96685
75.96685
75.96685
75.96685
75.96685
75.96685
75.96685
75.96685
76.24309
76.24309
76.24309
76.24309
76.24309
76.24309
76.51934
76.51934
76.79558
76.79558
76.79558
76.79558
76.79558
76.79558
76.79558
76.79558
77.07182
77.07182
77.07182
77.07182
77.07182
77.07182
77.07182
77.07182
77.34807
77.34807
77.34807
77.34807
77.62431
77.62431
77.62431
77.62431
77.62431
77.62431
77.62431
77.62431
77.62431
77.90055
77.90055
77.90055
77.90055
77.90055
77.90055
77.90055
77.90055
77.90055
77.90055
78.1768
78.1768
78.1768
78.1768
78.45304
78.45304
78.45304
78.45304
78.45304
78.72928
78.72928
78.72928
78.72928
