86.07595
91.77215
96.51899
99.05063
99.68354
58.11966
61.96581
65.17094
66.88034
67.30769
68.37607
68.58974
68.80342
70.29915
70.7265
71.36752
72.00855
72.22222
72.4359
72.4359
73.07692
73.07692
73.71795
73.71795
73.93162
73.93162
74.1453
74.57265
74.78632
74.78632
74.78632
75
75.42735
75.8547
76.06838
76.06838
76.06838
76.06838
76.49573
76.49573
76.49573
76.49573
76.7094
77.13675
77.35043
77.5641
77.77778
78.20513
78.4188
78.63248
79.05983
79.05983
79.48718
79.91453
80.12821
80.34188
80.55556
80.76923
80.98291
81.19658
81.19658
82.47863
82.47863
82.90598
83.33333
83.54701
83.54701
83.76068
84.18803
84.82906
84.82906
85.25641
85.47009
85.47009
85.89744
86.32479
86.53846
86.75214
86.96581
87.17949
87.60684
87.60684
87.60684
88.03419
88.03419
88.24786
88.24786
88.24786
88.46154
89.10256
89.74359
90.38462
90.81197
91.23932
93.16239
93.80342
94.23077
94.65812
94.87179
97.86325
98.2906
99.35897
99.35897
54.4
58
61
62.6
63
64
64.2
64.4
65.8
66.2
66.8
67.4
67.6
67.8
67.8
68.4
68.4
69
69
69.2
69.2
69.4
69.8
70
70
70
70.2
70.6
71
71.2
71.2
71.2
71.2
71.6
71.6
71.6
71.6
71.8
72.2
72.4
72.6
72.8
73.2
73.4
73.6
74
74
74.4
74.8
75
75.2
75.4
75.6
75.8
76
76
77.2
77.2
77.6
78
78.2
78.2
78.4
78.8
79.4
79.4
79.8
80
80
80.4
80.8
81
81.2
81.4
81.6
82
82
82
82.4
82.4
82.6
82.6
82.6
82.8
83.4
84
84.6
85
85.4
87.2
87.8
88.2
88.6
88.8
91.6
92
93
93
95
95.6
96
96
100
51.9084
55.34351
58.20611
59.73282
60.1145
61.0687
61.25954
61.45038
62.78626
63.16794
63.74046
64.31298
64.50382
64.69466
64.69466
65.26718
65.26718
65.83969
65.83969
66.03053
66.03053
66.22137
66.60305
66.79389
66.79389
66.79389
66.98473
67.36641
67.74809
67.93893
67.93893
67.93893
67.93893
68.32061
68.32061
68.32061
68.32061
68.51145
68.89313
69.08397
69.27481
69.46565
69.84733
70.03817
70.22901
70.61069
70.61069
70.99237
71.37405
71.56489
71.75573
71.94656
72.1374
72.32824
72.51908
72.51908
73.66412
73.66412
74.0458
74.42748
74.61832
74.61832
74.80916
75.19084
75.76336
75.76336
76.14504
76.33588
76.33588
76.71756
77.09924
77.29008
77.48092
77.67176
77.8626
78.24427
78.24427
78.24427
78.62595
78.62595
78.81679
78.81679
