93.22519
57.53828
62.19081
64.19317
67.13781
67.25559
68.31567
68.43345
69.61131
69.72909
70.08245
70.90695
72.43816
72.55595
73.14488
73.38045
74.08716
74.5583
75.97173
75.97173
76.67845
77.26737
77.38516
77.50294
77.73852
78.20966
78.32744
78.6808
78.91637
78.91637
79.15194
79.5053
79.62309
79.62309
79.97644
79.97644
80.3298
80.56537
80.56537
80.80094
80.80094
81.03651
81.27208
81.38987
81.74323
81.86101
81.86101
81.9788
81.9788
82.09658
82.33216
82.44994
82.56773
82.56773
82.68551
82.68551
82.68551
82.8033
82.8033
82.92108
83.03887
83.15665
83.39223
83.39223
83.6278
83.6278
83.6278
83.74558
83.86337
83.86337
83.86337
83.98115
84.21673
84.21673
84.33451
84.33451
84.4523
84.57008
84.80565
84.80565
84.92344
85.15901
85.15901
85.39458
85.39458
85.39458
85.51237
85.51237
85.51237
85.63015
85.74794
85.74794
85.98351
85.98351
85.98351
85.98351
86.1013
86.1013
86.1013
86.1013
86.1013
86.21908
86.33687
86.33687
86.33687
86.33687
86.33687
86.45465
86.45465
86.45465
86.45465
86.45465
86.57244
86.57244
86.69022
86.69022
86.69022
86.69022
86.80801
86.9258
86.9258
86.9258
87.04358
87.04358
87.04358
87.04358
87.16137
87.16137
87.27915
87.51472
87.63251
87.63251
87.63251
87.63251
87.63251
87.75029
87.75029
87.75029
87.86808
87.86808
87.98587
88.10365
88.10365
88.10365
88.22144
88.22144
88.22144
88.33922
88.45701
88.45701
88.57479
88.57479
88.57479
88.69258
88.69258
88.69258
88.69258
88.69258
88.81037
88.81037
88.81037
88.81037
88.92815
88.92815
88.92815
89.04594
89.04594
89.16372
89.28151
89.39929
89.51708
89.51708
89.51708
89.63486
89.75265
89.75265
89.98822
89.98822
89.98822
89.98822
90.10601
90.10601
90.10601
90.10601
90.22379
90.22379
90.22379
90.34158
90.34158
90.45936
90.45936
90.45936
90.45936
90.45936
90.45936
90.69494
90.69494
90.69494
90.69494
90.81272
90.81272
90.81272
90.81272
90.81272
90.81272
90.81272
90.93051
91.04829
91.04829
91.04829
91.04829
91.04829
91.04829
91.04829
91.16608
91.28386
91.28386
91.28386
91.40165
91.40165
91.51943
91.51943
91.51943
91.51943
91.63722
91.63722
91.63722
91.75501
91.87279
91.87279
91.87279
91.87279
91.99058
91.99058
92.10836
92.22615
92.22615
92.22615
92.22615
92.34393
92.46172
92.46172
92.57951
92.57951
92.57951
92.57951
92.57951
92.57951
92.69729
92.69729
92.69729
92.69729
92.69729
92.69729
92.81508
92.81508
92.81508
92.81508
92.81508
92.81508
92.93286
92.93286
93.05065
93.05065
93.05065
93.05065
93.05065
93.16843
93.16843
93.16843
93.16843
93.16843
93.28622
93.404
93.404
93.404
93.404
93.52179
93.52179
93.52179
93.52179
93.63958
93.63958
93.63958
93.63958
93.75736
93.75736
93.75736
