100
100
100
100
100
100
100
100
100
100
100
100
100
100
100
100
99.70845
99.70845
99.70845
99.70845
99.70845
99.70845
99.70845
99.70845
99.70845
99.70845
99.70845
99.70845
99.70845
99.70845
99.4186
99.4186
99.4186
99.4186
99.4186
99.4186
99.4186
99.4186
99.4186
99.4186
99.4186
99.4186
99.13043
99.13043
99.13043
99.13043
99.13043
99.13043
99.13043
99.13043
99.13043
99.13043
99.13043
99.13043
99.13043
99.13043
99.13043
99.13043
99.13043
99.13043
99.13043
99.13043
99.13043
99.13043
99.13043
99.13043
99.13043
99.13043
99.13043
98.84393
98.84393
98.84393
98.84393
98.84393
98.84393
98.84393
98.84393
98.84393
98.84393
98.84393
98.84393
98.84393
98.84393
98.84393
98.84393
98.84393
98.84393
98.84393
98.55908
98.55908
98.55908
98.55908
98.55908
98.55908
98.55908
98.55908
98.55908
98.55908
98.55908
98.55908
98.55908
98.55908
98.55908
98.55908
98.55908
98.55908
98.55908
98.55908
98.55908
98.27586
98.27586
98.27586
98.27586
98.27586
98.27586
98.27586
98.27586
98.27586
98.27586
98.27586
98.27586
98.27586
98.27586
98.27586
98.27586
98.27586
98.27586
98.27586
97.99427
97.99427
97.99427
97.99427
97.99427
97.99427
97.99427
97.99427
97.99427
97.99427
97.99427
97.99427
97.99427
97.99427
97.99427
97.99427
97.99427
97.99427
97.99427
97.99427
97.99427
97.99427
97.99427
97.99427
97.99427
97.99427
97.99427
97.99427
97.99427
97.99427
97.99427
97.99427
97.99427
97.99427
97.99427
97.71429
97.71429
97.71429
97.71429
97.71429
97.71429
97.71429
97.71429
97.71429
97.71429
97.71429
97.71429
97.71429
97.71429
97.71429
97.71429
97.71429
97.71429
97.71429
97.71429
97.71429
97.71429
97.4359
97.4359
97.4359
97.4359
97.4359
97.4359
97.4359
97.4359
97.4359
97.4359
97.4359
97.4359
97.4359
97.4359
97.4359
97.4359
97.4359
97.4359
97.4359
97.4359
97.4359
97.4359
97.15909
97.15909
97.15909
97.15909
97.15909
97.15909
97.15909
97.15909
97.15909
97.15909
97.15909
97.15909
97.15909
97.15909
97.15909
97.15909
97.15909
97.15909
97.15909
97.15909
97.15909
96.88385
96.88385
96.88385
96.88385
96.88385
96.88385
96.88385
96.88385
96.88385
96.88385
96.88385
96.88385
96.88385
96.88385
96.88385
96.88385
96.88385
96.88385
96.88385
96.88385
96.88385
96.88385
96.88385
96.88385
96.88385
96.88385
96.88385
96.61017
96.61017
96.61017
96.61017
96.61017
96.61017
96.61017
96.61017
96.61017
96.61017
96.61017
96.61017
96.61017
96.61017
96.61017
96.61017
96.61017
96.61017
96.61017
96.61017
96.61017
96.61017
96.61017
96.61017
96.33803
96.33803
96.33803
96.33803
96.33803
96.33803
96.33803
96.33803
96.33803
