99.6296296296295
98.7155963302751
92.4398625429552
86.9143780290791
85.6687898089171
85.1265822784809
84.4583987441129
83.8006230529594
81.5151515151514
79.8219584569732
78.7701317715958
75.6680731364275
97.3277074542897
73.2970027247956
94.2779291553134
98.6376021798365
71.5425531914893
92.0212765957447
96.2765957446808
97.7393617021277
69.7795071335927
89.7535667963684
93.9040207522698
95.3307392996109
98.5732814526589
98.9623865110247
68.9743589743589
88.7179487179487
92.8205128205128
94.2307692307693
97.4358974358974
97.8205128205128
98.974358974359
67.334167709637
86.6082603254068
90.613266583229
91.9899874843555
95.1188986232791
95.49436795995
96.6207759699625
66.9987546699875
86.1768368617684
90.1618929016189
91.5317559153176
94.6450809464508
95.0186799501868
96.1394769613948
66.5841584158415
85.6435643564356
89.6039603960396
90.9653465346535
94.059405940594
94.430693069307
95.5445544554455
99.8762376237624
65.4501216545011
84.1849148418491
88.0778588807786
89.4160583941606
92.4574209245742
92.8223844282239
93.9172749391727
98.1751824817519
99.8783454987834
63.6686390532544
81.8934911242604
85.6804733727811
86.9822485207101
89.9408284023669
90.2958579881657
91.3609467455621
95.5029585798817
97.1597633136094
62.3406720741598
80.1853997682503
83.8933951332561
85.1680185399769
88.0648899188876
88.4125144843569
89.4553881807648
93.5110081112399
95.1332560834299
61.3454960091219
78.9053591790194
82.5541619156214
83.8084378563284
86.6590649942987
87.0011402508552
88.0273660205245
92.018244013683
93.6145952109464
98.4036488027366
60.9977324263038
78.4580498866213
82.0861678004535
83.3333333333334
86.1678004535147
86.5079365079365
87.5283446712018
91.4965986394558
93.0839002267574
97.8458049886622
60.381593714927
77.665544332211
81.2570145903479
82.4915824915825
85.297418630752
85.6341189674523
86.6442199775533
90.5723905723906
92.1436588103254
96.8574635241302
99.1021324354658
60.0446428571428
77.2321428571429
80.8035714285714
82.03125
84.8214285714286
85.15625
86.1607142857143
90.0669642857143
91.6294642857143
96.3169642857143
98.5491071428572
99.5535714285714
59.4475138121546
76.4640883977901
80
81.2154696132597
83.9779005524862
84.3093922651934
85.3038674033149
89.1712707182321
90.7182320441989
95.3591160220995
97.5690607734807
98.5635359116022
59.1859185918591
76.1276127612761
79.6479647964797
80.8580858085809
83.6083608360836
83.938393839384
84.9284928492849
88.7788778877888
90.3190319031903
94.939493949395
97.1397139713972
98.1298129812981
99.6699669966996
55.5211558307533
71.4138286893705
74.7162022703818
75.8513931888545
78.4313725490196
78.7409700722394
79.6697626418989
83.2817337461301
84.7265221878225
89.0608875128999
91.124871001032
92.0536635706914
93.4984520123838
94.4272445820434
95.0464396284829
54.9540347293156
70.6843718079673
73.953013278856
75.076608784474
77.6302349336057
77.9366700715016
78.855975485189
82.4310520939735
83.8610827374872
88.1511746680286
90.194075587334
91.1133810010215
92.5434116445352
93.4627170582227
94.0755873340143
53.9618856569709
69.4082246740221
72.6178535606821
73.7211634904714
76.2286860581745
76.5295887662989
77.432296890672
80.9428284854564
82.3470411233701
86.5596790371114
88.5656970912738
89.4684052156469
90.8726178535606
91.7753259779338
92.3771313941825
53.692614770459
69.061876247505
72.2554890219561
73.3532934131737
75.8483033932136
76.1477045908184
77.0459081836327
80.5389221556886
81.936127744511
86.1277445109781
88.12375249501
89.0219560878243
90.4191616766467
91.3173652694611
91.9161676646706
53.4791252485089
68.7872763419483
71.9681908548708
73.0616302186879
75.5467196819085
75.844930417495
76.7395626242545
80.2186878727634
81.610337972167
85.7852882703778
87.7733598409543
88.6679920477137
90.0596421471172
90.9542743538768
91.5506958250497
51.1406844106463
65.7794676806084
68.8212927756654
69.8669201520913
72.2433460076046
72.5285171102662
73.3840304182509
76.7110266159696
78.041825095057
82.0342205323194
83.9353612167301
84.7908745247148
86.1216730038022
86.9771863117871
87.5475285171102
50.8506616257088
65.406427221172
68.4310018903592
69.4706994328923
71.8336483931947
72.117202268431
72.9678638941399
76.2759924385633
77.5992438563327
81.5689981096409
83.4593572778828
84.3100189035917
85.633270321361
86.48393194707
87.0510396975425
50.6591337099811
65.1600753295669
68.1732580037665
69.2090395480226
71.5630885122411
71.8455743879473
72.6930320150659
75.9887005649718
77.3069679849341
81.2617702448211
83.1450094161959
83.9924670433145
85.3107344632768
86.1581920903955
86.7231638418079
50.4690431519699
64.9155722326454
67.9174484052533
68.9493433395873
71.2945590994372
71.5759849906192
72.4202626641651
75.703564727955
77.0168855534709
80.9568480300188
82.8330206378987
83.6772983114446
84.9906191369605
85.8348968105066
86.3977485928705
50.1865671641791
64.5522388059701
67.5373134328358
