80.58076
81.85118
83.30309
83.66606
85.84392
85.84392
86.47913
86.47913
87.20508
87.29583
87.38657
87.38657
88.65699
88.74773
89.20145
90.19964
90.19964
90.47187
90.56261
90.56261
90.7441
91.10708
91.10708
91.10708
91.19782
91.28857
91.37931
91.47005
91.47005
91.74229
91.74229
91.74229
91.83303
91.92377
92.01452
92.10526
92.46824
92.46824
92.46824
92.46824
92.74047
92.83122
92.92196
93.10345
93.10345
93.10345
93.28494
93.28494
93.28494
93.46642
93.64791
93.64791
93.64791
93.64791
93.8294
93.8294
94.01089
94.01089
94.01089
94.01089
94.19238
94.37387
94.37387
94.37387
94.37387
94.37387
94.55535
94.55535
94.55535
94.73684
94.73684
94.73684
94.73684
94.91833
94.91833
94.91833
94.91833
95.09982
95.09982
95.09982
95.09982
95.28131
95.28131
95.28131
95.28131
95.46279
95.46279
95.46279
95.46279
95.82577
95.82577
95.82577
96.00726
96.00726
96.00726
96.18875
96.18875
96.18875
96.18875
96.37024
96.37024
96.37024
96.37024
96.55172
96.55172
96.73321
96.73321
96.73321
96.9147
96.9147
96.9147
97.27768
97.27768
97.27768
97.27768
97.27768
97.45917
97.45917
97.45917
97.45917
97.45917
97.45917
97.45917
97.64065
97.64065
97.64065
97.64065
97.64065
97.82214
97.82214
97.82214
97.82214
97.82214
98.00363
98.00363
98.00363
98.00363
98.00363
98.00363
98.18512
98.18512
98.18512
98.18512
98.18512
98.36661
98.36661
98.36661
98.36661
98.36661
98.36661
98.36661
98.54809
98.54809
98.54809
98.54809
98.72958
98.72958
98.72958
98.72958
98.72958
98.91107
98.91107
98.91107
99.09256
99.09256
99.27405
99.27405
99.27405
99.27405
99.27405
99.45554
99.45554
99.45554
99.45554
99.45554
99.45554
99.45554
99.45554
99.45554
99.81851
99.81851
99.81851
99.81851
99.81851
99.81851
100
100
100
71.9611
73.09562
74.39222
74.71637
76.66126
76.66126
77.22853
77.22853
77.87682
77.95786
78.0389
78.0389
79.17342
79.25446
79.65964
80.55105
80.55105
80.79417
80.8752
80.8752
81.03728
81.36143
81.36143
81.36143
81.44246
81.5235
81.60454
81.68558
81.68558
81.92869
81.92869
81.92869
82.00972
82.09076
82.1718
82.25284
82.57699
82.57699
82.57699
82.57699
82.8201
82.90113
82.98217
83.14425
83.14425
83.14425
83.30632
83.30632
83.30632
83.4684
83.63047
83.63047
83.63047
83.63047
83.79254
83.79254
83.95462
83.95462
83.95462
83.95462
84.11669
84.27877
84.27877
84.27877
84.27877
84.27877
84.44084
84.44084
84.44084
84.60292
84.60292
84.60292
84.60292
84.76499
84.76499
84.76499
84.76499
84.92707
84.92707
84.92707
84.92707
85.08914
85.08914
85.08914
85.08914
85.25122
85.25122
85.25122
85.25122
85.57536
85.57536
85.57536
85.73744
85.73744
85.73744
85.89951
85.89951
85.89951
85.89951
86.06159
