98.93048
98.40426
98.40426
96.85864
96.35417
92.96482
91.133
90.68627
90.68627
90.2439
88.09524
86.85446
86.85446
86.04651
84.09091
84.09091
82.58929
80.78603
80.78603
80.08658
79.74138
79.74138
78.7234
78.7234
78.7234
78.38983
78.05907
77.73109
77.73109
77.40586
77.08333
76.76349
76.76349
76.44628
76.44628
76.44628
76.44628
76.13169
76.13169
75.81967
75.81967
75.81967
75.81967
75.5102
75.5102
75.5102
75.5102
75.5102
75.20325
75.20325
74.89879
74.59677
74.29719
74.29719
74.29719
74
74
74
73.70518
73.70518
73.70518
73.70518
73.4127
73.4127
73.4127
73.4127
73.4127
73.12253
73.12253
73.12253
72.83465
72.83465
72.54902
72.54902
72.54902
72.54902
72.54902
72.26562
72.26562
72.26562
72.26562
72.26562
72.26562
71.98444
71.98444
71.98444
71.98444
71.98444
71.98444
71.98444
71.70543
71.70543
71.70543
71.70543
71.42857
71.42857
71.42857
71.42857
71.42857
71.15385
71.15385
71.15385
71.15385
71.15385
71.15385
71.15385
71.15385
71.15385
70.88123
70.88123
70.88123
70.88123
70.88123
70.88123
70.61069
70.61069
70.61069
70.61069
70.61069
70.61069
70.34221
70.34221
70.34221
70.34221
70.34221
70.34221
70.34221
70.07576
70.07576
70.07576
69.81132
69.81132
69.81132
69.81132
69.81132
69.81132
69.54887
69.54887
69.54887
69.54887
69.28839
69.28839
69.28839
69.28839
69.28839
69.28839
69.28839
69.28839
69.28839
69.28839
69.02985
69.02985
69.02985
69.02985
68.77323
68.77323
68.77323
68.77323
68.77323
68.77323
68.77323
68.77323
68.77323
68.77323
68.77323
68.77323
68.77323
68.77323
68.51852
68.51852
68.51852
68.51852
68.26568
68.26568
68.26568
68.01471
68.01471
68.01471
68.01471
68.01471
68.01471
68.01471
68.01471
68.01471
68.01471
67.76557
67.76557
67.76557
67.76557
67.76557
67.76557
67.76557
67.51825
67.51825
67.51825
67.51825
67.51825
67.51825
67.51825
67.51825
67.27273
67.27273
67.27273
67.27273
67.27273
67.02899
67.02899
67.02899
67.02899
67.02899
67.02899
67.02899
67.02899
67.02899
67.02899
67.02899
66.787
66.787
66.787
66.787
66.787
66.787
66.787
66.787
66.787
66.787
66.787
66.54676
66.54676
66.54676
66.54676
66.54676
66.30824
66.30824
66.30824
66.30824
66.07143
66.07143
66.07143
66.07143
66.07143
66.07143
66.07143
65.8363
65.8363
65.8363
65.8363
65.8363
65.8363
65.60284
65.60284
65.60284
65.60284
65.60284
65.60284
65.60284
65.60284
65.60284
65.37102
65.37102
65.37102
65.37102
65.37102
65.37102
65.37102
65.14085
65.14085
65.14085
65.14085
64.91228
64.91228
64.91228
64.68531
64.68531
64.68531
64.68531
64.68531
64.45993
64.45993
64.45993
64.45993
64.45993
64.45993
64.45993
64.45993
64.45993
64.45993
64.45993
