100
100
100
100
100
100
100
100
100
100
99.65157
99.65157
99.65157
99.65157
99.65157
99.30556
99.30556
99.30556
99.30556
99.30556
99.30556
99.30556
99.30556
99.30556
99.30556
98.96194
98.96194
98.96194
98.96194
98.96194
98.96194
98.96194
98.96194
98.96194
98.96194
98.96194
98.96194
98.96194
98.62069
98.62069
98.62069
98.62069
98.62069
98.62069
98.62069
98.62069
98.62069
98.62069
98.62069
98.62069
98.62069
98.62069
98.62069
98.28179
98.28179
98.28179
98.28179
98.28179
98.28179
98.28179
98.28179
98.28179
98.28179
98.28179
98.28179
97.94521
97.94521
97.94521
97.94521
97.94521
97.94521
97.94521
97.94521
97.94521
97.94521
97.94521
97.61092
97.61092
97.61092
97.61092
97.61092
97.61092
97.61092
97.61092
97.61092
97.61092
97.61092
97.61092
97.61092
97.61092
97.61092
97.61092
97.27891
97.27891
97.27891
97.27891
97.27891
97.27891
97.27891
97.27891
97.27891
97.27891
97.27891
96.94915
96.94915
96.94915
96.94915
96.94915
96.94915
96.94915
96.94915
96.94915
96.94915
96.94915
96.94915
96.62162
96.62162
96.62162
96.62162
96.62162
96.62162
96.62162
96.62162
96.62162
96.62162
96.62162
96.62162
96.2963
96.2963
96.2963
96.2963
96.2963
96.2963
96.2963
95.97315
95.97315
95.97315
95.97315
95.97315
95.97315
95.97315
95.97315
95.97315
95.97315
95.97315
95.97315
95.97315
95.97315
95.97315
95.97315
95.97315
95.97315
95.97315
95.65217
95.65217
95.65217
95.65217
95.65217
95.65217
95.65217
95.65217
95.65217
95.65217
95.65217
95.33333
95.33333
95.33333
95.33333
95.33333
95.33333
95.33333
95.33333
95.01661
95.01661
95.01661
95.01661
95.01661
95.01661
95.01661
95.01661
95.01661
94.70199
94.70199
94.70199
94.70199
94.70199
94.70199
94.70199
94.70199
94.70199
94.70199
94.70199
94.70199
94.70199
94.70199
94.38944
94.38944
94.38944
94.38944
94.38944
94.38944
94.07895
94.07895
94.07895
94.07895
94.07895
94.07895
94.07895
94.07895
94.07895
94.07895
94.07895
94.07895
94.07895
94.07895
94.07895
94.07895
94.07895
93.77049
93.77049
93.77049
93.77049
93.77049
93.77049
93.77049
93.77049
93.77049
93.77049
93.46405
93.46405
93.46405
93.46405
93.46405
93.46405
93.46405
93.46405
93.46405
93.46405
93.15961
93.15961
93.15961
93.15961
93.15961
93.15961
93.15961
93.15961
93.15961
93.15961
93.15961
93.15961
92.85714
92.85714
92.85714
92.85714
92.85714
92.85714
92.85714
92.85714
92.85714
92.85714
92.85714
92.85714
92.85714
92.85714
92.55663
92.55663
92.55663
92.55663
92.55663
92.55663
92.55663
92.55663
92.55663
92.55663
92.55663
92.55663
92.25806
92.25806
92.25806
92.25806
92.25806
92.25806
92.25806
92.25806
92.25806
92.25806
92.25806
92.25806
