60.22099
60.77348
64.0884
64.36464
65.19337
65.74586
66.85083
66.85083
67.67956
68.23204
68.78453
68.78453
69.06077
69.33702
69.33702
69.61326
69.61326
69.61326
70.44199
70.44199
70.44199
70.44199
70.44199
70.71823
70.71823
70.99448
70.99448
70.99448
71.27072
71.54696
71.8232
72.09945
72.09945
72.09945
72.37569
72.37569
72.37569
72.37569
72.65193
72.92818
72.92818
72.92818
72.92818
73.20442
73.20442
73.20442
73.20442
73.20442
73.75691
73.75691
74.03315
74.03315
74.03315
74.03315
74.30939
74.58564
74.58564
74.58564
74.86188
74.86188
75.13812
75.13812
75.13812
75.13812
75.69061
75.69061
75.69061
75.96685
76.24309
76.24309
76.24309
76.24309
76.24309
76.51934
76.51934
76.51934
76.51934
76.51934
76.79558
76.79558
77.07182
77.34807
77.34807
77.34807
77.34807
77.34807
77.34807
77.34807
77.34807
77.34807
77.62431
77.62431
77.62431
77.62431
77.90055
77.90055
77.90055
77.90055
78.1768
78.1768
78.1768
78.1768
78.45304
78.45304
78.45304
78.72928
78.72928
79.00552
79.00552
79.00552
79.28177
79.28177
79.28177
79.28177
79.28177
79.55801
79.55801
79.55801
79.55801
79.83425
79.83425
79.83425
79.83425
79.83425
79.83425
80.1105
80.1105
80.1105
80.1105
80.38674
80.38674
80.38674
80.38674
80.66298
80.66298
80.66298
80.93923
80.93923
80.93923
80.93923
81.21547
81.21547
81.21547
81.21547
81.21547
81.49171
81.49171
81.49171
81.49171
81.49171
81.49171
81.49171
81.76796
81.76796
81.76796
81.76796
81.76796
81.76796
81.76796
81.76796
81.76796
82.0442
82.0442
82.0442
82.0442
82.32044
82.32044
82.32044
82.32044
82.32044
82.59669
82.59669
82.59669
82.59669
82.87293
82.87293
82.87293
82.87293
83.14917
83.14917
83.14917
83.14917
83.42541
83.42541
83.42541
83.42541
83.9779
83.9779
83.9779
84.25414
84.25414
84.25414
84.25414
84.25414
84.25414
84.53039
84.53039
84.53039
84.53039
84.53039
84.53039
84.80663
84.80663
84.80663
85.08287
85.08287
85.08287
85.08287
85.08287
85.35912
85.35912
85.35912
85.63536
85.63536
85.63536
85.9116
85.9116
85.9116
85.9116
86.18785
86.46409
86.46409
86.46409
86.46409
86.46409
86.46409
86.74033
87.01657
87.01657
87.29282
87.56906
87.56906
87.56906
87.56906
87.56906
87.56906
87.8453
87.8453
87.8453
88.12155
88.39779
88.39779
88.39779
88.39779
88.95028
88.95028
89.22652
89.22652
89.22652
89.50276
89.50276
89.50276
89.50276
89.77901
89.77901
89.77901
89.77901
89.77901
90.05525
90.05525
90.33149
90.60773
90.60773
90.60773
90.60773
90.88398
90.88398
91.16022
91.16022
91.16022
91.43646
91.43646
91.71271
91.71271
91.98895
91.98895
92.26519
92.54144
92.54144
92.54144
92.54144
93.37017
93.37017
93.64641
93.64641
93.92265
93.92265
94.47514
