99.46237
98.93048
98.93048
98.93048
98.40426
97.8836
95.36082
93.90863
92.5
91.133
88.94231
88.51675
88.09524
88.09524
87.26415
86.04651
85.25346
84.86239
84.47489
82.95964
81.4978
80.78603
80.43478
80.43478
80.43478
80.43478
80.08658
80.08658
80.08658
80.08658
80.08658
79.39914
79.39914
79.05983
79.05983
79.05983
78.7234
78.7234
78.38983
78.38983
78.38983
78.38983
78.05907
78.05907
78.05907
77.73109
77.73109
77.73109
77.40586
77.40586
77.40586
77.40586
77.08333
77.08333
76.76349
76.76349
76.76349
76.76349
76.76349
76.76349
76.44628
76.44628
76.44628
76.13169
76.13169
76.13169
76.13169
75.81967
75.81967
75.81967
75.81967
75.5102
75.5102
75.20325
75.20325
75.20325
75.20325
75.20325
75.20325
75.20325
75.20325
74.89879
74.89879
74.89879
74.89879
74.59677
74.59677
74.59677
74.29719
74.29719
74
74
74
74
74
74
74
74
74
74
73.70518
73.70518
73.70518
73.70518
73.70518
73.70518
73.70518
73.4127
73.4127
73.4127
73.4127
73.4127
73.12253
73.12253
73.12253
73.12253
73.12253
73.12253
73.12253
73.12253
73.12253
73.12253
72.83465
72.83465
72.83465
72.83465
72.83465
72.54902
72.54902
72.54902
72.26562
72.26562
72.26562
72.26562
72.26562
72.26562
71.98444
71.98444
71.98444
71.98444
71.70543
71.70543
71.70543
71.70543
71.70543
71.42857
71.42857
71.42857
71.42857
71.42857
71.42857
71.42857
71.42857
71.15385
71.15385
71.15385
71.15385
71.15385
71.15385
70.88123
70.88123
70.88123
70.88123
70.88123
70.88123
70.88123
70.88123
70.61069
70.61069
70.61069
70.61069
70.61069
70.34221
70.34221
70.34221
70.34221
70.34221
70.34221
70.34221
70.34221
70.34221
70.34221
70.07576
70.07576
70.07576
70.07576
70.07576
70.07576
70.07576
70.07576
70.07576
69.81132
69.81132
69.81132
69.81132
69.81132
69.81132
69.81132
69.81132
69.81132
69.54887
69.54887
69.54887
69.54887
69.54887
69.54887
69.54887
69.54887
69.28839
69.28839
69.28839
69.28839
69.28839
69.28839
69.28839
69.28839
69.28839
69.28839
69.28839
69.28839
69.02985
69.02985
69.02985
69.02985
69.02985
69.02985
69.02985
69.02985
69.02985
68.77323
68.77323
68.77323
68.77323
68.77323
68.51852
68.51852
68.51852
68.51852
68.51852
68.51852
68.51852
68.26568
68.26568
68.26568
68.26568
68.26568
68.26568
68.26568
68.26568
68.26568
68.26568
68.26568
68.26568
68.01471
68.01471
68.01471
68.01471
68.01471
68.01471
67.76557
67.76557
67.76557
67.76557
67.76557
67.76557
67.51825
67.51825
67.51825
67.51825
67.51825
67.51825
67.51825
67.51825
67.51825
67.51825
67.27273
67.27273
67.27273
67.27273
67.27273
67.27273
67.02899
67.02899
67.02899
67.02899
67.02899
67.02899
66.787
