97.3809523809523
98.3333333333333
99.2857142857142
96.235294117647
97.1764705882352
98.1176470588235
99.0588235294117
95.3379953379953
96.2703962703962
97.2027972027971
98.1351981351981
99.7668997668998
92.3250564334085
93.2279909706546
94.1309255079006
95.0338600451467
96.6139954853273
97.7426636568848
97.7426636568848
97.9683972911963
98.194130925508
98.194130925508
98.4198645598194
99.097065462754
91.2946428571428
92.1874999999999
93.0803571428571
93.9732142857142
95.5357142857143
96.6517857142857
96.6517857142857
96.8749999999999
97.0982142857143
97.0982142857143
97.3214285714286
97.9910714285715
100
75.7407407407407
76.4814814814814
77.2222222222222
77.9629629629629
79.2592592592593
80.1851851851851
80.1851851851851
80.3703703703703
80.5555555555556
80.5555555555556
80.7407407407407
81.2962962962963
82.962962962963
84.2592592592593
84.2592592592593
84.6296296296296
85.3703703703703
85.7407407407408
87.2222222222223
87.962962962963
88.5185185185186
89.074074074074
89.4444444444445
89.8148148148148
90.5555555555555
91.8518518518518
92.037037037037
92.2222222222221
92.9629629629631
95.1851851851851
98.5185185185185
71.5034965034965
72.2027972027972
72.9020979020979
73.6013986013985
74.8251748251748
75.6993006993007
75.6993006993007
75.8741258741258
76.0489510489511
76.0489510489511
76.2237762237762
76.7482517482518
78.3216783216783
79.5454545454546
79.5454545454546
79.8951048951048
80.5944055944055
80.944055944056
82.3426573426574
83.0419580419581
83.5664335664336
84.090909090909
84.4405594405595
84.7902097902097
85.4895104895105
86.7132867132867
86.8881118881118
87.062937062937
87.7622377622378
89.8601398601398
93.006993006993
97.2027972027972
69.7952218430034
70.4778156996586
71.1604095563139
71.8430034129692
73.037542662116
73.8907849829351
73.8907849829351
74.0614334470989
74.2320819112629
74.2320819112629
74.4027303754266
74.9146757679181
76.4505119453925
77.6450511945393
77.6450511945393
77.9863481228668
78.6689419795221
79.0102389078499
80.3754266211605
81.0580204778157
81.5699658703073
82.0819112627986
82.4232081911263
82.7645051194539
83.4470989761092
84.641638225256
84.8122866894198
84.9829351535835
85.665529010239
87.7133105802047
90.7849829351536
94.8805460750853
99.6587030716723
68.1666666666666
68.8333333333333
69.5
70.1666666666666
71.3333333333333
72.1666666666666
72.1666666666666
72.3333333333332
72.5
72.5
72.6666666666667
73.1666666666667
74.6666666666667
75.8333333333334
75.8333333333334
76.1666666666666
76.8333333333333
77.1666666666667
78.5
79.1666666666667
79.6666666666668
80.1666666666666
80.5
80.8333333333333
81.4999999999999
82.6666666666667
82.8333333333333
82.9999999999999
83.6666666666668
85.6666666666666
88.6666666666667
92.6666666666667
97.3333333333333
67.6033057851239
68.2644628099173
68.9256198347107
69.5867768595041
70.7438016528926
71.5702479338842
71.5702479338842
71.7355371900826
71.900826446281
71.900826446281
72.0661157024793
72.5619834710744
74.0495867768595
75.206611570248
75.206611570248
75.5371900826446
76.198347107438
76.5289256198348
77.8512396694215
78.5123966942149
79.00826446281
79.5041322314049
79.8347107438017
80.1652892561983
80.8264462809917
81.9834710743802
82.1487603305785
82.3140495867768
82.9752066115703
84.9586776859503
87.9338842975207
91.900826446281
96.5289256198347
60.6824925816023
61.2759643916914
61.8694362017804
62.4629080118694
63.5014836795252
64.2433234421365
64.2433234421365
64.3916913946587
64.5400593471811
64.5400593471811
64.6884272997033
65.1335311572701
66.4688427299703
67.5074183976262
67.5074183976262
67.8041543026706
68.3976261127596
68.6943620178042
69.8813056379822
70.4747774480713
70.9198813056381
71.3649851632047
71.6617210682493
71.9584569732937
72.5519287833827
73.5905044510386
73.7388724035608
73.887240356083
74.4807121661722
76.2611275964391
78.9317507418398
82.4925816023739
86.646884272997
59.8828696925329
60.4685212298682
61.0541727672035
61.6398243045388
62.6647144948756
63.3967789165446
63.3967789165446
63.5431918008784
63.6896046852123
63.6896046852123
63.8360175695461
64.2752562225476
65.592972181552
66.6178623718888
66.6178623718888
66.9106881405563
67.4963396778916
67.7891654465593
68.9604685212299
69.5461200585652
69.9853587115667
70.424597364568
70.7174231332358
71.0102489019033
71.5959004392386
72.6207906295754
72.7672035139092
72.913616398243
73.4992679355784
75.2562225475841
77.891654465593
81.4055636896047
85.5051244509517
59.1040462427745
59.6820809248555
60.2601156069364
60.8381502890173
61.849710982659
62.5722543352601
62.5722543352601
62.7167630057803
62.8612716763006
62.8612716763006
63.0057803468208
63.4393063583815
64.7398843930636
65.7514450867052
65.7514450867052
66.0404624277456
66.6184971098265
66.9075144508671
68.0635838150289
68.6416184971099
69.0751445086706
69.5086705202312
69.7976878612717
