99.8011928429424
98.8188976377954
97.0986460348164
94.5386064030133
92.9629629629631
91.4389799635702
98.5428051001821
99.8178506375228
89.8032200357783
96.7799642218246
98.0322003577817
99.2844364937389
99.4633273703041
86.2542955326461
92.9553264604811
94.1580756013746
95.3608247422681
95.53264604811
85.665529010239
92.3208191126279
93.5153583617747
94.7098976109215
94.8805460750853
84.9407783417937
91.5397631133671
92.7241962774958
93.9086294416244
94.077834179357
82.4302134646963
88.8341543513957
89.983579638752
91.1330049261084
91.2972085385879
99.5073891625617
99.8357963875205
81.7589576547232
88.1107491856677
89.2508143322476
90.3908794788274
90.5537459283388
98.6970684039089
99.0228013029316
81.0985460420033
87.3990306946688
88.529886914378
89.6607431340873
89.8222940226171
97.8998384491116
98.2229402261712
80.577849117175
86.8378812199037
87.9614767255217
89.0850722311397
89.2455858747994
97.271268057785
97.5922953451043
99.3579454253612
79.4303797468355
85.6012658227848
86.7088607594937
87.8164556962026
87.9746835443038
95.8860759493672
96.2025316455696
97.9430379746836
98.5759493670886
77.1121351766514
83.1029185867895
84.1781874039939
85.2534562211982
85.4070660522273
93.0875576036867
93.394777265745
95.0844854070661
95.6989247311828
98.0030721966207
99.6927803379416
76.0606060606061
81.9696969696969
83.030303030303
84.0909090909091
84.2424242424242
91.8181818181819
92.1212121212121
93.7878787878788
94.3939393939394
96.6666666666668
98.3333333333333
99.3939393939394
99.5454545454545
75.4887218045114
81.3533834586466
82.406015037594
83.4586466165414
83.609022556391
91.1278195488723
91.4285714285714
93.0827067669173
93.6842105263158
95.9398496240602
97.593984962406
98.6466165413534
98.796992481203
99.3984962406015
75.0373692077729
80.8669656203288
81.9133034379671
82.9596412556054
83.1091180866966
90.5829596412557
90.881913303438
92.526158445441
93.1240657698057
95.3662182361735
97.0104633781764
98.0568011958146
98.2062780269058
98.8041853512705
99.7010463378177
74.4807121661722
80.26706231454
81.3056379821958
82.3442136498517
82.4925816023739
89.9109792284867
90.2077151335312
91.839762611276
92.433234421365
94.6587537091989
96.2908011869436
97.3293768545994
97.4777448071216
98.0712166172106
98.9614243323443
99.8516320474777
99.8516320474777
99.8516320474777
73.4992679355784
79.2093704245973
80.2342606149341
81.2591508052709
81.4055636896047
88.7262079062958
89.0190336749634
90.6295754026355
91.2152269399707
93.4114202049781
95.02196193265
96.0468521229868
96.1932650073206
96.7789165446559
97.6573938506589
98.5358711566618
98.5358711566618
98.5358711566618
72.9651162790698
78.6337209302325
79.6511627906977
80.6686046511628
80.8139534883721
88.0813953488373
88.3720930232558
89.9709302325582
90.5523255813954
92.732558139535
94.3313953488372
95.3488372093023
95.4941860465116
96.0755813953488
96.9476744186047
97.8197674418604
97.8197674418604
97.8197674418604
99.2732558139535
99.7093023255815
99.8546511627907
72.022955523673
77.6183644189383
78.622668579627
79.6269727403157
79.7704447632712
86.9440459110474
87.2309899569584
88.8091822094692
89.3830703012913
91.5351506456242
93.1133428981348
94.1176470588235
94.261119081779
94.8350071736011
95.6958393113343
96.5566714490674
96.5566714490674
96.5566714490674
97.9913916786227
98.4218077474893
98.5652797704448
71.1048158640227
76.6288951841359
77.6203966005666
78.6118980169972
78.7535410764873
85.8356940509916
86.1189801699717
87.6770538243626
88.243626062323
90.3682719546743
91.9263456090651
92.9178470254957
93.0594900849858
93.6260623229461
94.4759206798867
95.3257790368272
95.3257790368272
95.3257790368272
96.7422096317281
97.1671388101984
97.3087818696884
98.8668555240792
99.9999999999999
70.6047819971871
76.0900140646976
77.0745428973277
78.0590717299578
78.1997187060478
85.2320675105486
85.5133614627286
87.0604781997187
87.6230661040788
89.7327707454291
91.2798874824191
92.2644163150492
92.4050632911392
92.9676511954993
93.8115330520394
94.6554149085794
94.6554149085794
94.6554149085794
96.0618846694796
96.4838255977497
96.6244725738397
98.1715893108297
99.2967651195498
99.43741209564
65.1102464332037
70.1686121919585
71.0765239948119
71.9844357976654
72.1141374837873
78.5992217898833
78.8586251621271
80.2853437094683
80.8041504539559
82.7496757457848
84.1763942931258
85.0843060959792
85.2140077821011
85.7328145265888
86.5110246433204
87.2892347600519
87.2892347600519
87.2892347600519
88.5862516212711
88.9753566796369
89.1050583657588
90.5317769130998
91.5693904020752
91.6990920881972
92.3476005188067
92.7367055771725
93.7743190661479
94.6822308690012
94.8119325551232
94.8119325551232
95.9792477302205
98.7029831387808
64.6907216494846
69.7164948453608
70.6185567010309
71.5206185567011
71.6494845360825
78.0927835051547
78.3505154639175
79.7680412371134
80.2835051546392
82.2164948453609
83.6340206185567
84.5360824742268
