99.46237
98.93048
97.8836
97.8836
96.35417
95.85492
94.38776
94.38776
92.96482
92.0398
91.58416
91.58416
91.133
91.133
89.80583
88.94231
88.51675
87.26415
85.25346
82.58929
82.22222
81.4978
81.14035
80.78603
80.78603
80.08658
79.74138
78.38983
78.38983
78.38983
78.38983
78.05907
78.05907
77.73109
77.40586
76.76349
76.44628
76.44628
76.13169
76.13169
75.81967
75.81967
75.5102
75.5102
75.5102
75.20325
74.89879
74.89879
74.89879
74.89879
74.59677
74.29719
74.29719
74
74
74
73.70518
73.70518
73.70518
73.4127
73.4127
73.12253
73.12253
73.12253
72.83465
72.83465
72.83465
72.83465
72.54902
72.54902
72.54902
72.54902
72.54902
72.26562
72.26562
72.26562
72.26562
71.98444
71.98444
71.98444
71.70543
71.70543
71.70543
71.42857
71.42857
71.42857
71.15385
71.15385
71.15385
70.88123
70.88123
70.88123
70.88123
70.88123
70.88123
70.61069
70.61069
70.61069
70.61069
70.61069
70.34221
70.34221
70.34221
70.34221
70.34221
70.34221
70.34221
70.34221
70.07576
70.07576
70.07576
70.07576
69.81132
69.81132
69.54887
69.54887
69.54887
69.54887
69.54887
69.54887
69.28839
69.28839
69.28839
69.28839
69.02985
69.02985
69.02985
69.02985
69.02985
69.02985
68.77323
68.77323
68.77323
68.77323
68.77323
68.51852
68.51852
68.51852
68.51852
68.51852
68.51852
68.51852
68.51852
68.26568
68.26568
68.26568
68.26568
68.26568
68.26568
68.26568
68.26568
68.01471
68.01471
68.01471
68.01471
68.01471
68.01471
68.01471
68.01471
68.01471
67.76557
67.76557
67.76557
67.76557
67.76557
67.76557
67.76557
67.51825
67.51825
67.51825
67.51825
67.51825
67.51825
67.51825
67.51825
67.51825
67.51825
67.27273
67.27273
67.27273
67.02899
67.02899
67.02899
67.02899
67.02899
67.02899
67.02899
67.02899
66.787
66.787
66.787
66.787
66.787
66.787
66.787
66.787
66.54676
66.54676
66.54676
66.54676
66.54676
66.54676
66.54676
66.54676
66.54676
66.54676
66.30824
66.30824
66.30824
66.30824
66.30824
66.30824
66.30824
66.30824
66.30824
66.30824
66.30824
66.30824
66.30824
66.07143
66.07143
66.07143
66.07143
66.07143
66.07143
65.8363
65.8363
65.8363
65.8363
65.8363
65.8363
65.60284
65.60284
65.60284
65.60284
65.60284
65.60284
65.60284
65.60284
65.60284
65.60284
65.37102
65.37102
65.37102
65.37102
65.37102
65.37102
65.37102
65.37102
65.14085
65.14085
65.14085
65.14085
64.91228
64.91228
64.91228
64.91228
64.91228
64.91228
64.91228
64.68531
64.68531
64.68531
64.68531
64.68531
64.68531
64.68531
64.45993
64.45993
64.45993
64.45993
64.45993
64.45993
64.45993
64.45993
64.45993
64.45993
64.45993
64.45993
64.45993
64.45993
64.45993
64.23611
64.23611
64.23611
64.23611
64.23611
64.23611
