88.3928571428571
80.9815950920245
75.8620689655172
74.5762711864407
73.8805970149254
71.4801444043321
70.3374777975133
69.7183098591549
67.5767918088737
67.005076142132
66
65.4545454545455
65.0246305418719
63.9741518578352
63.0573248407643
60.3658536585366
59.5488721804511
59.1928251121076
57.9795021961933
57.5581395348837
57.2254335260116
56.0906515580737
55.3072625698324
53.9509536784741
53.5859269282815
52.9411764705882
51.3618677042802
50.1901140684411
49.3150684931507
49.009900990099
48.7084870848708
48.1751824817518
47.9418886198547
47.3684210526316
44.1964285714286
43.5643564356436
43.3260393873085
43.0903155603917
42.6724137931034
42.443729903537
42.2625400213447
42.0382165605096
41.8604651162791
41.4225941422594
40.6570841889117
40.080971659919
39.8791540785499
39.7191574724173
39.5209580838323
39.1691394658754
38.9763779527559
38.671875
38.4466019417476
37.1482176360225
36.9402985074627
36.8029739776952
35.7400722021661
35.6115107913669
35.4203935599284
35.1687388987567
34.7368421052632
34.020618556701
33.7883959044369
33.2214765100671
33.1103678929766
33
32.890365448505
32.3529411764706
31.9870759289176
31.4285714285714
30.6501547987616
30.4147465437788
30.1829268292683
29.9093655589124
29.4642857142857
28.2051282051282
27.6536312849162
27.0491803278689
26.9021739130435
26.7929634641407
26.5415549597855
26.4
26.3297872340426
26.2251655629139
25.9162303664921
25.7477243172952
25.614489003881
25.5154639175258
25.3846153846154
25.1588310038119
25.0950570342205
24.8743718592965
24.7809762202753
24.6575342465753
24.4444444444444
24.3542435424354
24.0875912408759
24.0291262135922
23.6276849642005
23.4319526627219
23.1850117096019
23.0500582072177
22.9432213209733
22.8637413394919
22.4489795918367
22.3476297968397
22.2722159730034
22.1724524076148
22
21.6157205240175
21.5451577801959
21.4517876489707
21.1764705882353
21.0862619808307
21.0191082802548
20.625
20.5607476635514
20.4334365325077
20.0811359026369
19.8994974874372
19.5459032576505
19.4499017681729
19.4117647058824
19.1860465116279
19.1119691119691
18.9292543021033
18.8931297709924
18.7145557655955
18.5741088180113
18.3673469387755
18.2994454713494
18.0656934306569
18.0327868852459
17.967332123412
17.9023508137432
17.870036101083
17.6785714285714
17.0984455958549
16.7796610169492
16.751269035533
16.6947723440135
16.6107382550336
16.3366336633663
16.0453808752026
15.814696485623
15.5172413793103
15.2542372881356
15.2307692307692
15.2073732718894
11
9.32203389830508
8.74558303886926
7.39910313901345
6.80880330123796
3.88540031397174
3.34912043301759
2.71381578947368
2.66415500538213
1.81718061674009
1.25
0.895441389290883
89.2857142857143
81.799591002045
76.6283524904215
75.3295668549906
74.6268656716418
72.202166064982
71.0479573712256
70.4225352112676
68.259385665529
67.6818950930626
66.6666666666667
66.1157024793389
65.6814449917898
64.6203554119548
63.6942675159236
60.9756097560976
60.1503759398496
59.7907324364723
58.5651537335286
58.1395348837209
57.8034682080925
56.657223796034
55.8659217877095
54.4959128065395
54.127198917456
53.475935828877
51.8806744487678
50.6970849176172
49.813200498132
49.5049504950495
49.2004920049201
48.661800486618
48.4261501210654
47.8468899521531
44.6428571428571
44.004400440044
43.7636761487965
43.525571273123
43.1034482758621
42.8724544480172
42.6894343649947
42.4628450106157
42.2832980972516
41.8410041841004
41.0677618069815
40.4858299595142
40.281973816717
40.1203610832497
39.9201596806387
39.5647873392681
39.3700787401575
39.0625
38.8349514563107
37.5234521575985
37.3134328358209
37.1747211895911
36.101083032491
35.9712230215827
35.778175313059
35.5239786856128
35.0877192982456
34.3642611683849
34.1296928327645
33.5570469798658
33.4448160535117
33.3333333333333
33.2225913621262
32.6797385620915
32.3101777059774
31.7460317460317
30.9597523219814
30.7219662058372
30.4878048780488
30.2114803625378
29.7619047619048
28.4900284900285
27.9329608938547
27.3224043715847
27.1739130434783
27.063599458728
26.8096514745308
26.6666666666667
26.5957446808511
26.4900662251656
26.1780104712042
26.0078023407022
25.8732212160414
25.7731958762887
25.6410256410256
25.4129606099111
25.3485424588086
25.1256281407035
25.0312891113892
24.906600249066
24.6913580246914
24.60024600246
24.330900243309
24.2718446601942
23.8663484486874
23.6686390532544
23.4192037470726
23.2828870779977
23.1749710312862
23.094688221709
22.6757369614512
22.5733634311512
22.4971878515186
22.3964165733483
22.2222222222222
21.8340611353712
21.7627856365615
21.6684723726977
21.3903743315508
21.2992545260916
21.2314225053079
20.8333333333333
20.7684319833853
20.6398348813209
20.2839756592292
20.1005025125628
19.7433366238894
19.6463654223969
19.6078431372549
