95.1035781544256
85.4483925549915
83.4710743801652
81.5831987075928
81.059390048154
78.6604361370716
77.5729646697388
74.3740795287187
71.9373219373219
68.8010899182561
67.1542553191489
65.4993514915694
64.3312101910828
63.2040050062578
59.7633136094674
58.5168018539976
57.8465063001145
54.4181034482758
54.1264737406216
53.8954108858057
52.6041666666666
52.3316062176166
51.5832482124617
51.1133603238866
50.8559919436052
50.6519558676028
49.0291262135922
47.5517890772128
47.1082089552239
46.9330855018587
45.9927140255009
44.4542253521127
44.2982456140351
43.9130434782608
42.5801011804384
42.2240802675585
41.9435215946844
41.7355371900826
41.5980230642504
41.4614121510673
40.9902597402597
40.7915993537964
40.2070063694267
40.0793650793651
39.9525316455696
38.6676875957121
38.3738601823708
38.2575757575757
37.5744047619047
37.4629080118694
37.1870397643593
37.0778267254038
36.8075801749271
36.7005813953488
36.4884393063584
36.3309352517985
34.972299168975
34.7317744154058
34.4945355191257
34.0755735492577
33.9838492597577
33.5771276595745
33.1364829396325
32.9634464751958
32.7496757457847
32.4550128534704
31.801007556675
31.7211055276382
31.1728395061728
31.0578105781058
30.7177615571776
30.6432038834951
30.5690072639225
30.31212484994
30.1312649164678
29.8816568047337
29.3263646922183
29.0229885057471
28.8571428571428
28.7258248009101
28.6281179138322
28.5633484162896
28.4988713318284
27.8390297684675
27.4755168661589
27.3564463705309
27.0053475935829
26.9477054429029
26.6913319238901
26.6069546891465
26.5509989484753
26.495278069255
26.356993736952
26.3020833333333
25.7916241062308
25.5566801619433
25.3259779338014
25.2752752752753
25.0247770069375
24.6823069403714
24.5622568093385
24.3725868725869
24.2322456813819
23.9563567362429
23.8657844990548
23.7312030075188
23.4230055658627
23.3364140480591
23.2077205882353
23.0383211678832
22.9128856624319
22.8713768115942
22.7477477477477
22.4245115452931
21.9565217391304
21.9184027777778
21.8425605536332
21.8048359240069
21.7297762478485
21.3260135135135
21.2900505902192
21.2542087542087
20.9717607973422
20.9023178807947
20.8333333333333
20.2974276527331
20.167731629393
19.9132492113565
19.5736434108527
19.5131375579598
19.4530046224961
19.1578148710167
17.1535326086956
15.1925391095066
14.8704358068316
14.0277777777778
13.345665961945
12.7139979859013
12.4261811023622
10.5208333333333
10.1324237560193
9.26945668135095
8.8163407821229
8.28412073490813
7.93027638190954
7.8125
7.10067491563554
6.92160087719298
6.51444788441692
6.35699899295065
6.28735059760956
6.08140655105973
5.57641342756183
5.15727124183006
5.01788553259141
4.37760055478502
4.24227150537634
3.25722394220846
2.9224537037037
2.84860108303249
2.81808035714286
2.77838908450704
2.64342546063651
2.27068345323741
2.26092406876791
2.164780521262
1.65769432773109
1.54869970559372
1.4859934086629
1.47764513108614
1.432055353902
1.40652852049911
1.3990469858156
1.36990017361111
1.31510416666667
1.21021855828221
1.19736342943854
96.0451977401131
86.2944162436549
84.2975206611571
82.3909531502424
81.8619582664527
79.4392523364487
78.3410138248849
75.1104565537556
72.6495726495727
69.4822888283379
67.8191489361703
66.1478599221791
64.9681528662421
63.8297872340426
60.3550295857989
59.0961761297799
58.4192439862544
54.9568965517242
54.6623794212219
54.4290288153683
53.1250000000001
52.8497409326425
52.0939734422881
51.6194331983806
51.3595166163143
51.1534603811435
49.5145631067962
48.0225988700565
47.5746268656717
47.3977695167287
46.448087431694
44.8943661971831
44.7368421052632
44.3478260869566
43.0016863406409
42.6421404682275
42.358803986711
42.1487603305786
42.009884678748
41.871921182266
41.3961038961039
41.1954765751212
40.6050955414013
40.4761904761905
40.3481012658228
39.0505359877489
38.7537993920973
38.6363636363637
37.9464285714286
37.8338278931751
37.5552282768778
37.4449339207049
37.1720116618076
37.0639534883721
36.849710982659
36.6906474820144
35.3185595567867
35.0756533700138
34.8360655737705
34.4129554655871
34.3203230148049
33.9095744680851
33.4645669291339
33.289817232376
33.0739299610895
32.7763496143959
32.1158690176323
32.035175879397
31.4814814814815
31.3653136531366
31.021897810219
30.9466019417476
30.8716707021792
30.6122448979592
30.4295942720764
30.1775147928994
29.616724738676
29.3103448275862
29.1428571428572
29.0102389078499
28.9115646258504
28.8461538461539
28.7810383747179
28.1146637265711
27.7475516866159
27.6273022751896
27.2727272727273
27.2145144076841
26.9556025369979
26.8703898840885
26.813880126183
26.7576075550892
26.6179540709812
26.5625
26.0469867211441
25.8097165991903
25.5767301905717
25.5255255255255
25.2725470763132
24.9266862170088
24.8054474708171
24.6138996138996
24.4721689059501
24.1935483870968
24.1020793950851
23.9661654135339
23.6549165120594
23.5674676524954
23.4375
