0
0
0
0
0
0
0
43.2009626955476
44.8856799037304
46.4500601684717
47.8941034897714
48.3754512635378
50.0601684717208
50.9025270758123
51.0228640192539
52.3465703971119
53.67027677497
53.67027677497
54.2719614921781
54.5126353790613
55.1143200962695
55.4753309265944
57.4007220216606
58.2430806257521
58.2430806257521
59.5667870036101
60.4091456077016
60.7701564380264
61.8531889290011
63.7785800240673
63.7785800240673
63.7785800240673
64.3802647412756
65.2226233453671
66.3056558363418
67.1480144404333
67.870036101083
68.7123947051745
69.5547533092659
70.1564380264741
70.1564380264741
71.2394705174489
71.6004813477738
72.0818291215403
72.3225030084236
72.4428399518652
72.6835138387485
80.6257521058966
81.107099879663
86.0409145607702
90.6137184115523
93.8628158844765
97.5932611311673
97.7135980746089
0
0
0
0
0
0
0
24.2895805142084
25.2368064952639
26.1163734776725
26.9282814614344
27.1989174560216
28.1461434370771
28.6197564276049
28.6874154262517
29.4316644113667
30.1759133964818
30.1759133964818
30.5142083897159
30.6495263870095
30.9878213802435
31.190798376184
32.2733423545331
32.7469553450609
32.7469553450609
33.4912043301759
33.9648173207037
34.1677943166441
34.7767253044655
35.8592692828146
35.8592692828146
35.8592692828146
36.1975642760487
36.6711772665765
37.2801082543978
37.7537212449256
38.1596752368065
38.6332882273342
39.1069012178619
39.4451962110961
39.4451962110961
40.0541271989175
40.2571041948579
40.5277401894452
40.6630581867388
40.7307171853856
40.8660351826793
45.3315290933695
45.6021650879567
48.3761840324763
50.9472259810555
52.7740189445196
54.8714479025711
54.9391069012179
58.0514208389715
58.8633288227335
60.6224627875507
64.6820027063599
68.064952638701
74.1542625169147
90.527740189445
0
0
0
0
0
0
0
21.6004813477738
22.4428399518652
23.2250300842358
23.9470517448857
24.1877256317689
25.0300842358604
25.4512635379062
25.511432009627
26.173285198556
26.835138387485
26.835138387485
27.1359807460891
27.2563176895307
27.5571600481347
27.7376654632972
28.7003610108303
29.1215403128761
29.1215403128761
29.7833935018051
30.2045728038508
30.3850782190132
30.9265944645006
31.8892900120337
31.8892900120337
31.8892900120337
32.1901323706378
32.6113116726835
33.1528279181709
33.5740072202166
33.9350180505415
34.3561973525873
34.7773766546329
35.0782190132371
35.0782190132371
35.6197352587244
35.8002406738869
36.0409145607702
36.1612515042118
36.2214199759326
36.3417569193742
40.3128760529483
40.5535499398315
43.0204572803851
45.3068592057762
46.9314079422383
48.7966305655836
48.8567990373045
51.6245487364621
52.3465703971119
53.9109506618532
57.5210589651023
60.5294825511432
65.9446450060168
80.5054151624547
98.5559566787005
99.1576413959085
0
0
0
0
0
0
0
20.4675028506272
21.2656784492588
22.0068415051311
22.690992018244
22.9190421892816
23.7172177879133
24.1163055872292
24.1733181299886
24.8004561003421
25.4275940706956
25.4275940706956
25.7126567844926
25.8266818700114
26.1117445838084
26.2827822120866
27.1949828962372
27.594070695553
27.594070695553
28.2212086659065
28.6202964652224
28.7913340935006
29.3044469783352
30.2166476624857
30.2166476624857
30.2166476624857
30.5017103762828
30.9007981755987
31.4139110604333
31.8129988597492
32.1550741163056
32.5541619156214
32.9532497149373
33.2383124287343
33.2383124287343
33.751425313569
33.9224629418472
34.1505131128848
34.2645381984036
34.321550741163
34.4355758266819
38.1984036488028
38.4264538198403
40.7639680729761
42.9304446978335
44.4697833523375
46.2371721778791
46.2941847206385
48.9167616875712
49.6009122006842
51.0832383124287
54.5039908779932
57.3546180159635
62.4857468643101
76.2827822120865
93.3865450399089
93.9566704675028
97.7194982896236
99.3158494868873
0
0
0
0
0
0
0
19.4474539544962
20.2058504875406
20.9100758396533
21.5601300108343
21.7768147345612
22.5352112676056
22.9144095341279
22.9685807150596
23.5644637053088
24.160346695558
24.160346695558
24.4312026002167
24.5395449620802
24.8104008667389
24.9729144095341
25.839653304442
26.2188515709642
26.2188515709642
26.8147345612134
27.1939328277357
27.3564463705309
27.8439869989165
28.7107258938245
28.7107258938245
28.7107258938245
28.9815817984832
29.3607800650055
29.8483206933911
30.2275189599134
30.5525460455038
30.931744312026
31.3109425785482
31.5817984832069
31.5817984832069
32.0693391115926
32.2318526543879
32.4485373781149
32.5568797399783
