99.5708154506438
98.5138004246285
93.9271255060729
91.3385826771654
88.212927756654
87.3822975517891
83.005366726297
82.4156305506217
78.5109983079526
77.8523489932886
76.6942148760331
74.4783306581059
71.8266253869969
69.7744360902256
68.8427299703264
68.3357879234168
67.9355783308931
66.0968660968661
62.787550744249
60.8923884514436
59.7938144329897
59.1082802547771
57.7833125778331
56.4476885644769
56.1743341404358
51.045104510451
49.7320471596999
49.5197438633938
48.5355648535565
48.3333333333333
47.6386036960986
47.2024415055951
46.3073852295409
45.6692913385827
44.106463878327
43.8563327032136
43.5272045028143
43.2835820895522
42.5688073394495
42.2586520947177
41.8772563176895
41.726618705036
41.5026833631485
40.8450704225352
39.5904436860068
39.3887945670628
38.9261744966443
38.5382059800665
38.2207578253707
38.0952380952381
37.0607028753994
36.9426751592357
36.7088607594937
36.3067292644757
35.6374807987711
35.0453172205438
34.678624813154
34.4213649851632
32.9545454545455
32.8611898016997
32.6300984528833
32.2222222222222
32.1329639889197
31.8244170096022
31.2247644683715
31.0991957104558
30.9333333333333
30.8510638297872
30.566534914361
30.3664921465969
30.2872062663185
30.0907911802853
29.8969072164948
29.8200514138817
29.7435897435897
29.5541401273885
29.0362953692115
28.8916562889166
28.7841191066998
28.7128712871287
28.641975308642
28.5362853628536
27.5207591933571
27.3262661955241
27.1662763466042
27.1028037383178
27.0081490104773
26.945412311266
26.882966396292
26.7281105990783
26.6666666666667
26.4538198403649
26.3936291240046
26.0381593714927
25.6921373200443
24.9462365591398
24.6284501061571
24.4467860906217
24.3441762854145
24.0913811007269
23.9422084623323
23.8683127572016
23.8193018480493
23.6493374108053
23.6012207527976
23.5294117647059
23.3635448136959
23.3165829145729
23.2232232232232
23.1536926147705
23.0616302186879
22.7897838899804
22.7450980392157
22.65625
22.568093385214
22.4806201550388
22.3506743737958
22.2648752399232
22.1797323135755
21.8867924528302
21.7228464419476
21.6417910447761
21.6014897579143
21.4814814814815
21.4417744916821
21.4022140221402
21.2454212454212
21.1678832116788
21.0526315789474
20.9009009009009
20.7513416815742
20.4946996466431
20.4585537918871
20.4225352112676
20.3866432337434
20.3152364273205
20.1739130434783
20.0692041522491
19.9655765920826
19.8630136986301
19.7952218430034
19.7614991482112
19.6943972835314
19.6610169491525
19.3979933110368
19.3333333333333
19.3011647254576
19.1103789126853
18.9852700490998
18.8617886178862
18.8311688311688
18.8006482982172
18.7096774193548
18.6795491143317
17.8461538461538
12.262156448203
10.4693140794224
10.2473498233216
10.051993067591
9.47712418300654
9.13385826771654
8.51688693098385
7.84844384303112
7.50323415265201
5.46139359698682
4.61049284578696
96.4396284829722
93.6842105263158
92.433234421365
91.7525773195877
91.2152269399707
88.7464387464388
84.3031123139378
81.7585301837271
80.2835051546392
79.3630573248408
77.5840597758406
75.7907542579076
75.4237288135594
68.5368536853686
66.7738478027867
66.4887940234792
65.1673640167364
64.8958333333334
63.9630390143737
63.3774160732452
62.1756487025948
61.3188976377953
59.2205323193917
58.8846880907373
58.4427767354597
58.1156716417911
57.1559633027523
56.7395264116576
56.2274368231047
56.0251798561151
55.7245080500895
54.8415492957747
53.1569965870307
52.8862478777589
52.265100671141
51.7441860465116
51.3179571663921
51.1494252873563
49.7603833865815
49.6019108280255
49.2879746835443
48.7480438184664
47.8494623655914
47.0543806646526
46.5620328849029
46.2166172106825
44.2471590909091
44.1218130311615
43.8115330520394
43.2638888888889
43.1440443213297
42.7297668038409
41.9246298788695
41.7560321715818
41.5333333333334
41.4228723404255
41.0408432147563
40.7722513089005
40.6657963446475
40.402075226978
40.1417525773196
40.0385604113111
39.9358974358975
39.6815286624204
38.9862327909888
38.7920298879203
38.6476426799008
38.5519801980198
38.4567901234568
38.3148831488315
36.9513641755635
36.6902237926973
36.4754098360656
36.3901869158879
36.2630966239814
36.1788617886179
36.0950173812283
35.8870967741936
35.8045977011494
35.5188141391106
35.4379977246872
34.9607182940516
34.4961240310078
33.494623655914
33.067940552017
32.8240252897787
32.6862539349423
32.3468328141225
32.1465428276574
32.0473251028807
31.9815195071869
31.7533129459735
