13.09055
13.6811
13.6811
14.56693
15.15748
16.63386
19.78346
20.07874
21.45669
21.65354
21.65354
22.14567
22.14567
22.34252
22.6378
22.93307
23.0315
23.0315
23.12992
23.22835
23.32677
23.32677
23.32677
23.4252
23.4252
23.91732
24.01575
24.01575
24.11417
24.31102
24.31102
24.50787
24.50787
24.50787
24.6063
24.70472
24.70472
24.80315
24.80315
24.80315
24.90157
25
25
25
25.09843
25.09843
25.09843
25.09843
25.09843
25.19685
25.19685
25.19685
25.19685
25.19685
25.29528
25.29528
25.29528
25.3937
25.3937
25.49213
25.49213
25.59055
25.59055
25.59055
25.59055
25.68898
25.68898
25.7874
25.88583
25.88583
25.88583
25.98425
25.98425
25.98425
26.08268
26.08268
26.08268
26.08268
26.1811
26.1811
26.1811
26.1811
26.1811
26.27953
26.27953
26.27953
26.37795
26.37795
26.37795
26.37795
26.37795
26.37795
26.37795
26.37795
26.47638
26.47638
26.47638
26.5748
26.5748
26.67323
26.67323
26.67323
26.67323
26.77165
26.77165
26.77165
26.87008
26.87008
26.87008
26.87008
26.9685
26.9685
26.9685
26.9685
26.9685
26.9685
26.9685
27.06693
27.06693
27.06693
27.06693
27.06693
27.16535
27.16535
27.16535
27.16535
27.26378
27.26378
27.26378
27.26378
27.26378
27.26378
27.26378
27.3622
27.3622
27.3622
27.3622
27.46063
27.46063
27.46063
27.46063
27.55906
27.55906
27.55906
27.55906
27.65748
27.65748
27.65748
27.65748
27.85433
27.85433
27.85433
27.85433
27.95276
27.95276
28.05118
28.05118
28.05118
28.14961
28.14961
28.14961
28.24803
28.24803
28.24803
28.24803
28.34646
28.34646
28.34646
28.34646
28.44488
28.44488
28.44488
28.44488
28.54331
28.54331
28.54331
28.54331
28.64173
28.64173
28.64173
28.64173
28.64173
28.74016
28.74016
28.74016
28.74016
28.83858
28.83858
28.83858
28.83858
28.93701
28.93701
28.93701
28.93701
28.93701
28.93701
28.93701
29.03543
29.03543
29.13386
29.13386
29.13386
29.13386
29.23228
29.23228
29.23228
29.23228
29.23228
29.23228
29.33071
29.42913
29.42913
29.42913
29.42913
29.42913
29.52756
29.52756
29.52756
29.52756
29.52756
29.62598
29.62598
29.62598
29.62598
29.62598
29.72441
29.72441
29.72441
29.82283
29.82283
29.82283
29.82283
29.82283
29.92126
29.92126
29.92126
29.92126
29.92126
29.92126
29.92126
30.01969
30.01969
30.01969
30.01969
30.01969
30.01969
30.01969
30.01969
30.01969
30.11811
30.11811
30.11811
30.21654
30.21654
30.21654
30.21654
30.21654
30.21654
30.31496
30.31496
30.31496
30.31496
30.31496
30.31496
30.31496
30.31496
30.41339
30.41339
30.41339
30.41339
30.41339
30.41339
30.51181
30.51181
30.51181
30.51181
30.51181
30.61024
30.70866
30.70866
30.70866
30.70866
30.70866
30.70866
30.80709
30.80709
30.90551
30.90551
