23.861646234676
22.9377104377104
22.2630718954248
22.1544715447154
22.0113085621971
21.5244865718799
21.3557993730408
21.2558502340094
20.4887218045113
19.109396914446
18.6899862825789
18.6388508891929
18.4370771312585
18.0224867724868
15.1388888888889
14.4792773645058
12.5924214417745
12.5691881918819
9.59507042253521
8.55841708542714
6.35494402985075
89.6381578947368
86.2341772151899
85.0234009360374
78.080229226361
73.252688172043
73.1543624161074
72.0899470899471
62.6436781609195
62.5717566016074
60.9619686800895
60.1545253863135
59.7587719298246
56.8893528183716
56.2435500515996
52.8100775193799
51.0299625468165
42.9133858267717
40.7324364723468
40.3703703703704
39.378612716763
37.4828060522696
36.8741542625169
36.7250673854447
35.9025032938076
33.8509316770186
33.4766584766585
33.2722832722833
32.1344339622642
31.6125290023202
31.5758980301275
31.3940092165899
29.4276457883369
29.0511727078891
28.7144362486828
28.0349794238683
27.7777777777778
27.3046092184369
27.2227772227772
27.1414342629482
26.8208661417323
26.7419038272817
26.611328125
26.4563106796117
26.4050387596899
26.1015325670498
25.952380952381
25.3724394785847
25.0459558823529
24.4175627240143
24.2869875222816
23.861646234676
22.9377104377104
22.2630718954248
22.1544715447154
22.0113085621971
21.5244865718799
21.3557993730408
21.2558502340094
20.4887218045113
19.109396914446
18.6899862825789
18.6388508891929
18.4370771312585
18.0224867724868
15.1388888888889
14.4792773645058
12.5924214417745
12.5691881918819
9.59507042253521
8.55841708542714
6.35494402985075
89.6381578947368
86.2341772151899
85.0234009360374
78.080229226361
73.252688172043
73.1543624161074
72.0899470899471
62.6436781609195
62.5717566016074
60.9619686800895
60.1545253863135
59.7587719298246
56.8893528183716
56.2435500515996
52.8100775193799
51.0299625468165
42.9133858267717
40.7324364723468
40.3703703703704
39.378612716763
37.4828060522696
36.8741542625169
36.7250673854447
35.9025032938076
33.8509316770186
33.4766584766585
33.2722832722833
32.1344339622642
31.6125290023202
31.5758980301275
31.3940092165899
29.4276457883369
29.0511727078891
28.7144362486828
28.0349794238683
27.7777777777778
27.3046092184369
27.2227772227772
27.1414342629482
26.8208661417323
26.7419038272817
26.611328125
26.4563106796117
26.4050387596899
26.1015325670498
25.952380952381
25.3724394785847
25.0459558823529
24.4175627240143
24.2869875222816
23.861646234676
22.9377104377104
22.2630718954248
22.1544715447154
22.0113085621971
21.5244865718799
21.3557993730408
21.2558502340094
20.4887218045113
19.109396914446
18.6899862825789
18.6388508891929
18.4370771312585
18.0224867724868
15.1388888888889
14.4792773645058
12.5924214417745
12.5691881918819
9.59507042253521
8.55841708542714
6.35494402985075
89.8026315789474
86.3924050632912
85.179407176287
78.2234957020057
73.3870967741936
73.2885906040269
72.2222222222222
62.7586206896552
62.6865671641791
61.0738255033557
60.2649006622517
59.8684210526316
56.9937369519833
56.3467492260062
52.9069767441861
51.123595505618
42.992125984252
40.8071748878924
40.4444444444444
39.4508670520231
37.5515818431912
36.9418132611637
36.7924528301887
35.9683794466403
33.9130434782609
33.5380835380835
33.3333333333333
32.1933962264151
31.6705336426914
31.6338354577057
31.4516129032258
29.4816414686825
29.1044776119403
28.7671232876712
28.0864197530864
27.82874617737
27.3547094188377
27.2727272727273
27.191235059761
26.8700787401575
26.7909715407262
26.66015625
26.504854368932
26.453488372093
26.1494252873563
26
25.4189944134078
25.0919117647059
24.4623655913978
24.331550802139
23.9054290718039
22.979797979798
22.3039215686275
22.1951219512195
22.0516962843296
21.563981042654
21.3949843260188
21.2948517940718
20.5263157894737
19.1444600280505
18.7242798353909
18.6730506155951
18.4709066305819
18.0555555555556
15.1666666666667
