93.0417495029821
88.135593220339
84.4765342960289
79.1878172588833
77.3553719008264
75.1203852327448
72.8971962616822
72.4458204334365
71.889400921659
69.9551569506726
68.9248895434462
68.5212298682284
67.6300578034682
66.6666666666667
66.2889518413598
62.2340425531915
60.7003891050584
60
58.9420654911839
55.7142857142857
53.9170506912442
53.6082474226804
51.4851485148515
51.2035010940919
50.4310344827586
50.1607717041801
49.6815286624204
48.75
48.4974093264249
47.8038815117467
47.3684210526316
47.1299093655589
46.9408224674022
46.5208747514911
45.4368932038835
45.2611218568665
44.8275862068966
44.0677966101695
42.6229508196721
41.7112299465241
41.0526315789474
40.9090909090909
40.2061855670103
39.9317406143345
39.1304347826087
38.8704318936877
38.5502471169687
38.2352941176471
38.1107491856677
37.6811594202899
37.2611464968153
36.3354037267081
35.6707317073171
35.5623100303951
35.187969924812
35.0824587706147
34.9775784753363
34.8214285714286
34.4624447717231
34.3612334801762
34.0116279069767
33.8150289017341
33.6690647482014
33.1444759206799
32.1870701513067
32.0987654320988
31.7934782608696
31.6644113667118
31.283422459893
31.2
30.9114927344782
30.5483028720627
30.2716688227684
29.923273657289
29.8089171974522
29.3969849246231
29.2134831460674
28.8888888888889
28.5714285714286
28.3980582524272
28.158844765343
27.9904306220096
27.8571428571429
27.6923076923077
27.5618374558304
27.1777003484321
27.0207852193995
26.8965517241379
26.6818700114025
26.6211604095563
26.4705882352941
26.410835214447
26.3217097862767
26
25.9136212624585
25.7993384785005
25.601750547046
25.3521126760563
25.2699784017279
25.1612903225806
25.08038585209
25.0267379679144
24.9733191035219
24.7881355932203
24.7357293868922
23.8532110091743
23.6363636363636
23.5649546827795
23.4704112337011
23.3067729083665
23.191278493558
22.9411764705882
22.8739002932551
22.7626459143969
22.7184466019417
22.6744186046512
22.4568138195777
22.3282442748092
22.2433460076046
21.6266173752311
21.5073529411765
21.4285714285714
21.3893967093236
21.2341197822142
21.1191335740072
21.0810810810811
20.7815275310835
20.7446808510638
20.6713780918728
20.3125
20.242214532872
20.2072538860104
20.1376936316695
20.1030927835052
19.9658703071672
19.7301854974705
19.6969696969697
19.5652173913043
19.4352159468439
19.3388429752066
19.3069306930693
18.9935064935065
18.8405797101449
18.5126582278481
18.4542586750789
18.1395348837209
18.0834621329212
18.0277349768875
15.8967391304348
14.0794223826715
13.7002341920375
13
12.6760563380282
8.17039106145251
7.03971119133574
6.93950177935943
6.67046750285063
6.5
6.41447368421053
6.33802816901408
6.25668449197861
4.92424242424242
4.74068071312804
3.40116279069767
2.68348623853211
2.28159126365055
1.6733409610984
1.47280966767372
97.0178926441352
91.9020715630885
88.086642599278
82.5719120135364
80.6611570247934
78.330658105939
76.01246105919
75.5417956656347
74.9615975422427
72.9446935724963
71.8703976435935
71.4494875549048
70.5202312138728
69.5156695156695
69.1218130311615
64.8936170212766
63.2944228274968
62.5641025641026
61.4609571788413
58.0952380952381
56.221198156682
55.8991981672394
53.6853685368537
53.3916849015317
52.5862068965517
52.3043944265809
51.8046709129512
50.8333333333333
50.5699481865285
49.8467824310521
49.3927125506073
49.1440080563948
48.9468405215647
48.5089463220676
47.378640776699
47.1953578336557
46.7432950191571
45.9510357815443
44.4444444444444
43.49376114082
42.8070175438597
42.6573426573427
41.9243986254296
41.6382252559727
40.8026755852843
40.531561461794
40.1976935749588
39.8692810457516
39.7394136807818
39.2914653784219
38.8535031847134
37.888198757764
37.1951219512195
37.0820668693009
36.6917293233083
36.5817091454273
36.4723467862481
36.3095238095238
35.9351988217968
35.8296622613803
35.4651162790698
35.2601156069364
35.1079136690648
34.5609065155807
33.5625859697386
33.4705075445816
33.1521739130435
33.0175913396482
32.620320855615
32.5333333333333
32.2324966974901
31.8537859007833
31.5653298835705
31.2020460358056
31.0828025477707
30.6532663316583
30.4619225967541
30.1234567901235
29.7924297924298
29.6116504854369
29.3622141997593
29.1866028708134
29.0476190476191
28.8757396449704
28.7396937573616
28.3391405342625
28.175519630485
28.0459770114943
27.8221208665906
27.7588168373151
27.6018099547511
27.5395033860045
27.4465691788526
27.1111111111111
27.0210409745293
26.9018743109151
26.6958424507659
26.4355362946912
26.3498920086393
26.2365591397849
26.1521972132905
26.096256684492
26.0405549626467
25.8474576271186
25.7928118393235
24.8725790010194
24.6464646464646
24.5720040281974
24.4734202607823
24.3027888446215
24.1823587710605
23.921568627451
23.8514173998045
23.7354085603113
23.6893203883495
23.6434108527132
23.4165067178503
23.2824427480916
