0
0
0
0
0
0
0
23.3429394812679
23.6311239193084
23.6311239193084
24.207492795389
24.207492795389
24.4956772334293
24.9279538904899
25.5043227665706
25.792507204611
26.6570605187319
26.6570605187319
26.6570605187319
26.9452449567724
27.0893371757925
27.8097982708933
27.8097982708933
27.9538904899135
27.9538904899135
28.386167146974
29.5389048991354
29.8270893371758
29.8270893371758
30.5475504322767
30.5475504322767
30.6916426512968
30.9798270893372
30.9798270893372
30.9798270893372
31.2680115273775
31.4121037463976
31.4121037463976
31.5561959654179
31.700288184438
31.9884726224785
32.1325648414986
32.564841498559
32.564841498559
32.9971181556196
32.9971181556196
33.28530259366
33.4293948126801
33.4293948126801
33.5734870317003
33.5734870317003
33.7175792507204
33.8616714697407
34.1498559077809
34.1498559077809
34.2939481268012
34.2939481268012
34.2939481268012
34.2939481268012
34.4380403458214
34.7262247838616
34.7262247838616
34.8703170028818
35.0144092219021
35.0144092219021
35.1585014409222
35.1585014409222
35.1585014409222
35.1585014409222
35.1585014409222
35.1585014409222
35.3025936599423
35.4466858789626
35.4466858789626
35.4466858789626
35.5907780979827
35.5907780979827
35.7348703170029
35.7348703170029
35.7348703170029
35.7348703170029
35.7348703170029
35.7348703170029
36.1671469740634
36.1671469740634
36.1671469740634
36.1671469740634
36.3112391930836
36.3112391930836
36.3112391930836
36.3112391930836
36.599423631124
36.7435158501441
36.8876080691643
37.0317002881844
37.0317002881844
37.0317002881844
37.0317002881844
37.1757925072045
37.3198847262248
37.463976945245
37.463976945245
37.463976945245
37.6080691642651
37.6080691642651
37.7521613832854
37.7521613832854
37.7521613832854
37.7521613832854
37.8962536023055
37.8962536023055
37.8962536023055
37.8962536023055
38.0403458213257
38.0403458213257
38.0403458213257
38.0403458213257
38.0403458213257
38.1844380403458
38.1844380403458
38.1844380403458
38.3285302593659
38.3285302593659
38.3285302593659
38.4726224783862
38.6167146974063
38.7608069164265
38.7608069164265
38.9048991354468
39.0489913544669
39.0489913544669
39.0489913544669
39.193083573487
39.4812680115273
39.6253602305476
39.6253602305476
39.6253602305476
39.7694524495677
39.7694524495677
39.7694524495677
39.9135446685879
39.9135446685879
39.9135446685879
40.0576368876081
40.0576368876081
40.0576368876081
40.2017291066283
40.3458213256484
40.3458213256484
40.3458213256484
40.4899135446685
40.4899135446685
40.4899135446685
40.4899135446685
40.6340057636887
40.6340057636887
40.6340057636887
40.778097982709
40.778097982709
40.9221902017291
41.0662824207492
41.0662824207492
41.2103746397695
41.3544668587897
41.4985590778098
41.6426512968299
41.7867435158501
41.9308357348704
41.9308357348704
42.2190201729106
42.2190201729106
42.3631123919309
42.6512968299712
42.9394812680115
43.2276657060519
43.2276657060519
43.2276657060519
43.371757925072
43.371757925072
43.371757925072
43.371757925072
43.6599423631124
43.6599423631124
43.9481268011527
44.0922190201728
44.0922190201728
44.3804034582133
44.3804034582133
44.956772334294
44.956772334294
45.8213256484151
45.8213256484151
46.3976945244956
46.5417867435159
46.9740634005764
46.9740634005764
47.1181556195966
47.4063400576368
47.6945244956773
47.9827089337175
48.1268011527378
48.5590778097982
48.7031700288184
49.5677233429395
50.1440922190202
50.4322766570606
50.5763688760807
50.7204610951009
51.1527377521614
51.7291066282421
52.3054755043228
52.4495677233429
53.1700288184438
53.4582132564842
53.8904899135447
54.0345821325649
54.0345821325649
54.3227665706051
55.1873198847263
55.4755043227665
55.6195965417867
55.9077809798271
56.0518731988472
56.0518731988472
56.3400576368877
56.6282420749279
56.7723342939481
56.7723342939481
57.0605187319885
57.0605187319885
57.2046109510086
57.492795389049
57.492795389049
58.0691642651297
58.9337175792507
59.0778097982708
59.2219020172911
59.3659942363112
59.6541786743517
59.7982708933718
60.5187319884726
60.6628242074927
60.806916426513
60.9510086455332
61.2391930835735
61.2391930835735
62.9682997118155
63.256484149856
63.9769452449568
63.9769452449568
64.985590778098
66.2824207492795
66.7146974063401
67.2910662824208
73.0547550432277
73.342939481268
75.6484149855907
76.657060518732
77.2334293948127
77.8097982708934
78.9625360230548
80.835734870317
81.2680115273775
83.7175792507204
88.9048991354467
96.9740634005763
0
0
0
0
0
0
0
8.61702127659572
8.72340425531915
8.72340425531915
8.93617021276596
8.93617021276596
9.04255319148933
9.20212765957445
9.41489361702126
9.52127659574469
9.84042553191488
9.84042553191488
9.84042553191488
9.94680851063831
10
10.2659574468085
