0
0
0
0
0
0
0
0
0
0
0
0
0
0
23.52941
24.4582
24.613
24.7678
28.17337
28.79257
29.56656
29.87616
30.49536
30.49536
30.65015
30.80495
30.95975
31.42415
31.57895
31.88854
32.04334
32.19814
32.50774
32.66254
32.81734
32.97214
32.97214
32.97214
33.12693
33.28173
33.28173
33.28173
33.43653
33.43653
33.43653
33.43653
33.43653
33.59133
33.59133
33.74613
33.74613
33.74613
33.90093
33.90093
33.90093
33.90093
34.52012
34.52012
34.52012
34.52012
34.52012
34.52012
34.67492
34.67492
34.67492
34.82972
34.82972
34.82972
34.98452
34.98452
35.13932
35.13932
35.44892
35.44892
35.60372
35.75851
35.75851
35.75851
35.91331
35.91331
36.06811
36.06811
36.06811
36.22291
36.22291
36.22291
36.22291
36.22291
36.37771
36.37771
36.37771
36.37771
36.53251
36.53251
36.53251
36.53251
36.53251
36.68731
36.68731
36.68731
36.68731
36.68731
36.84211
36.84211
36.84211
36.84211
36.9969
36.9969
36.9969
36.9969
36.9969
37.1517
37.1517
37.1517
37.1517
37.1517
37.3065
37.3065
37.3065
37.3065
37.3065
37.4613
37.4613
37.4613
37.4613
37.6161
37.6161
37.6161
37.6161
37.6161
37.6161
37.7709
37.7709
38.0805
38.0805
38.0805
38.0805
38.0805
38.0805
38.0805
38.0805
38.0805
38.0805
38.23529
38.23529
38.23529
38.23529
38.23529
38.39009
38.39009
38.39009
38.54489
38.54489
38.54489
38.54489
38.69969
38.69969
38.69969
38.85449
38.85449
38.85449
38.85449
38.85449
39.00929
39.00929
39.00929
39.00929
39.00929
39.00929
39.00929
39.16409
39.16409
39.16409
39.16409
39.16409
39.16409
39.16409
39.16409
39.31889
39.31889
39.31889
39.31889
39.47368
39.47368
39.47368
39.47368
39.47368
39.62848
39.62848
39.62848
39.62848
39.62848
39.78328
39.78328
39.78328
39.78328
39.78328
39.78328
39.93808
39.93808
39.93808
39.93808
39.93808
40.09288
40.09288
40.09288
40.09288
40.09288
40.24768
40.24768
40.24768
40.24768
40.40248
40.40248
40.40248
40.40248
40.40248
40.40248
40.55728
40.55728
40.55728
40.71207
40.71207
40.71207
40.71207
40.71207
40.71207
40.71207
40.71207
40.86687
40.86687
40.86687
40.86687
40.86687
40.86687
40.86687
41.02167
41.02167
41.02167
41.17647
41.17647
41.17647
41.17647
41.17647
41.17647
41.17647
41.17647
41.17647
41.33127
41.33127
41.33127
41.33127
41.33127
41.33127
41.33127
41.33127
41.33127
41.33127
41.33127
41.48607
41.48607
41.48607
41.48607
41.48607
41.48607
41.48607
41.48607
41.48607
41.48607
41.48607
41.48607
41.64087
41.64087
41.64087
41.79567
41.79567
41.79567
41.79567
41.79567
41.95046
41.95046
41.95046
41.95046
42.10526
42.10526
42.10526
42.10526
42.10526
