43.9888888888889
41.8111111111111
41.0777777777778
44.6
44.8111111111111
43.6555555555556
40.3444444444444
42.2888888888889
40.8888888888889
43.2222222222222
42.2222222222222
40.7777777777778
41.3111111111111
37.3333333333333
41.7
47.3222222222222
45.8
43.8888888888889
47.2444444444444
43.8222222222222
44.4777777777778
42.6111111111111
45.6888888888889
44.4444444444444
41.5888888888889
42.1111111111111
39.6222222222222
32.6222222222222
30.3444444444444
30.7111111111111
27.6333333333333
29.6777777777778
29.3666666666667
29.8555555555556
28.9
24.6333333333333
25.5333333333333
25.6666666666667
27.1
24.7
26.3888888888889
26.8888888888889
25.9222222222222
26.0111111111111
25.5555555555556
22.3888888888889
21.8111111111111
23.7333333333333
25.3222222222222
28.3333333333333
25.8777777777778
21.3222222222222
22.7444444444444
20.1666666666667
21.3444444444444
21.2111111111111
18.7
17.5555555555556
17.9777777777778
20.5
20.1111111111111
20.1111111111111
24.3
20.1444444444444
20.6666666666667
20.0333333333333
18.7555555555556
20.9111111111111
20.3
19.8
21.1777777777778
19.0333333333333
20.7777777777778
20.0555555555556
22.1111111111111
18.2888888888889
18.3444444444444
21.8444444444444
19.6777777777778
19.6333333333333
20.7444444444444
18.3444444444444
22
19.6444444444444
20.4333333333333
19.2555555555556
20.1444444444444
18.0777777777778
17.8
21.1222222222222
19.1111111111111
18.7111111111111
20.6666666666667
21.4111111111111
22.2777777777778
23.2888888888889
21.0444444444444
22.2666666666667
22.5666666666667
18.9222222222222
20.2444444444444
20.8
20.1555555555556
19.8888888888889
21.8222222222222
21.9
22.2
22.4555555555556
23.4
22.0222222222222
23.7777777777778
23.1333333333333
13.4444444444444
7.38888888888889
8.9
8.76666666666667
9.37777777777778
11.3
9.22222222222222
8.25555555555555
9.03333333333333
11.0333333333333
13.5111111111111
7.64444444444444
19.1777777777778
21.4111111111111
22.3888888888889
26.2222222222222
24.4888888888889
21.2333333333333
23.2222222222222
23.4777777777778
22.4111111111111
19.7333333333333
24.7111111111111
21.1666666666667
26.0888888888889
24.2333333333333
22.6777777777778
23.6555555555556
23.7333333333333
23.2333333333333
26.1222222222222
21.7
19.5666666666667
21.9333333333333
23.7777777777778
21.9111111111111
22.8222222222222
22.3333333333333
21.8666666666667
22.3222222222222
22.9888888888889
20.6111111111111
22.6777777777778
21.0888888888889
23.0888888888889
20.0333333333333
22.6888888888889
20.5777777777778
20.7555555555556
19.4444444444444
18.5222222222222
22.3555555555556
24.2222222222222
24.3555555555556
25.0333333333333
23.2555555555556
25.3888888888889
20.9777777777778
23.1222222222222
21.1444444444444
23.3333333333333
22.1555555555556
21.6222222222222
20.9
20.9555555555556
20.7222222222222
21.3888888888889
23
22.8111111111111
21.5222222222222
22.7333333333333
21.0777777777778
22.7555555555556
21.8555555555556
21.2111111111111
21.6222222222222
21.2333333333333
17.8888888888889
21.2777777777778
21.1666666666667
21.3111111111111
21.1333333333333
22.9666666666667
20.8111111111111
22.9777777777778
23.7888888888889
23.7
17.9333333333333
19.5555555555556
21.6111111111111
24.0555555555556
23.3444444444444
22.4333333333333
19.8555555555556
21.2666666666667
21.8888888888889
20.4444444444444
19.5555555555556
20.3777777777778
22.0111111111111
21.4
18.7555555555556
20.8111111111111
19.5111111111111
21.9
18.8111111111111
19.6333333333333
22.7222222222222
19.0777777777778
19.2777777777778
20.2777777777778
18.3888888888889
21.4222222222222
19.3555555555556
20.1
19.8777777777778
20.1777777777778
18.5888888888889
18.8
20.8444444444444
20.5333333333333
17.2666666666667
18.7111111111111
21.9555555555556
23.0666666666667
21.7
21.6666666666667
22.0222222222222
22.9111111111111
20.2555555555556
20.4777777777778
21.2888888888889
20.4444444444444
18.7444444444444
21.4555555555556
22.7666666666667
22
22.5
22.5333333333333
22.4444444444444
23.4333333333333
22.3555555555556
13.8
8.16666666666667
8.8
8.14444444444444
9.17777777777778
9.21111111111111
9.35555555555556
8.08888888888889
9.03333333333333
8.02222222222222
8.91111111111111
7.48888888888889
18.9
22.3444444444444
23.6888888888889
21.6888888888889
22.2111111111111
22.5
23.9444444444444
22.0555555555556
22.1333333333333
19.4777777777778
23.4444444444444
20.9444444444444
23.1777777777778
22.3
22.0444444444444
22.2666666666667
22.9444444444444
22.4333333333333
23.5555555555556
19.1111111111111
20.1888888888889
21.8888888888889
