48.6333333333333
30.9
42.1
28.9666666666667
43.4166666666667
31.1
47.4333333333333
36.5333333333333
49.4333333333333
32.6166666666667
47.45
33.2833333333333
45.2666666666667
30.3
43.0833333333333
30.1166666666667
45.7833333333333
29.4333333333333
45.0666666666667
32.15
46.0833333333333
31.8666666666667
46.3833333333333
32.6666666666667
44.3833333333333
27.9333333333333
41.5666666666667
30.0833333333333
43.1
29.3666666666667
43.7333333333333
30.9666666666667
42.9166666666667
29.4833333333333
44.25
29.2166666666667
44.0833333333333
28.45
40.9166666666667
28.2
41.5
27.85
44.3166666666667
30.2
42.95
28.4666666666667
42.6666666666667
28.7833333333333
48.7166666666667
35.4
44.2833333333333
30.6333333333333
41.7333333333333
27.0666666666667
43.1166666666667
30.4833333333333
42.7333333333333
27.8333333333333
42.1833333333333
28.5666666666667
43.1833333333333
26.9333333333333
40.5
27.8666666666667
42.4833333333333
28.1666666666667
43.9833333333333
27.8166666666667
40.1666666666667
27.3333333333333
41.8166666666667
26.75
41.8333333333333
27.5166666666667
40.5833333333333
28.1333333333333
44.6166666666667
27.9666666666667
45.0333333333333
28.8666666666667
44.3
28.3166666666667
43.2
28.4
44.0666666666667
26.9333333333333
41.3
27.1666666666667
42.3333333333333
27.9333333333333
43.8333333333333
29.5
43.9166666666667
28.2833333333333
43.5833333333333
28.9666666666667
44
27.7
42.1166666666667
26.7333333333333
41.1
26.1166666666667
42.5333333333333
29.2166666666667
42.9
28.0666666666667
41.3333333333333
27.1833333333333
42.5
27.0166666666667
40.3666666666667
26.1333333333333
40.2166666666667
25.8666666666667
40.25
26.6333333333333
44.35
28.5666666666667
44.2333333333333
29.3166666666667
44.8666666666667
27.3
41.7
28.7666666666667
43.8
29.0833333333333
44.8833333333333
26.6166666666667
42.1166666666667
31.2333333333333
44.85
30.6166666666667
45.3666666666667
28.0833333333333
41.4666666666667
28.4166666666667
43.05
28.9166666666667
43.35
29.1666666666667
41.3166666666667
26.7833333333333
41.85
28.4
43.5333333333333
27.6
41.0166666666667
28.5166666666667
42.3666666666667
27.4833333333333
41.2833333333333
29.1833333333333
43.15
26.8833333333333
40.65
26.1333333333333
44.3
40.5666666666667
44.0666666666667
26.2666666666667
42.2166666666667
26.2166666666667
41.9833333333333
27.2833333333333
40.75
26.15
40.75
26.05
44.0333333333333
27.9333333333333
40.5166666666667
26.4833333333333
42.1666666666667
27.2166666666667
44.5166666666667
29.2833333333333
42.6166666666667
27.8833333333333
40.9833333333333
27.9666666666667
44.2
28.6166666666667
42.1666666666667
28.0666666666667
42.0666666666667
27.45
43.7833333333333
28.1
41.2
26.8833333333333
41.7166666666667
27.7333333333333
43.5666666666667
38.4166666666667
58.9166666666667
29.1333333333333
40.5833333333333
27.9333333333333
45.0166666666667
35.3333333333333
46.3
32.8833333333333
49.8166666666667
34.5333333333333
51.1
32.1333333333333
47.0333333333333
33.5166666666667
45.7666666666667
33.3
47.9
34.5333333333333
49.4
32.65
47.5333333333333
32.45
47.1
35.2333333333333
52.4
35.9833333333333
49.8666666666667
35.0666666666667
49.35
37.3833333333333
50.8333333333333
35.0166666666667
50.5833333333333
34.7
48.8166666666667
37.6
52.3666666666667
35.4333333333333
50.8833333333333
35.2
49.4833333333333
36.6666666666667
51.4666666666667
36.4166666666667
51.65
35.7666666666667
49.8166666666667
38.4666666666667
51.6
35.8
51.6666666666667
35.4333333333333
49.3666666666667
38.6833333333333
51.4333333333333
35.1333333333333
49.6166666666667
35.6333333333333
47.85
37.8666666666667
50.55
34.9833333333333
49.5333333333333
34.6833333333333
48.6833333333333
36.2
49.8666666666667
35.65
49.7166666666667
36.0333333333333
49.4166666666667
37.4
47.6833333333333
33.35
47.15
32.6833333333333
45.0833333333333
30.2166666666667
41.9
28.1833333333333
42.65
29.1833333333333
44.0833333333333
29.4333333333333
39.8
27
39.8333333333333
26.0666666666667
40.85
27.25
40.3833333333333
26.2666666666667
40.2333333333333
25.65
