0
0
0
0
0
0
0
0
0
0
0
0
0
0
0
0
0
0
0
0
0
0
0
0
0
0
0
0
0
0
0
0
0
0
0
0
0
0
0
0
0
0
0
0
0
0
0
0
0
0
0
0
0
0
0
0
0
0
0
0
0
0
0
0
26.9521410579346
28.2115869017632
28.2115869017632
28.7153652392946
28.9672544080605
29.9748110831235
30.2267002518892
30.7304785894205
31.4861460957178
31.4861460957178
31.4861460957178
31.9899244332494
32.2418136020151
32.4937027707808
32.4937027707808
32.7455919395465
32.7455919395465
32.7455919395465
32.7455919395465
32.9974811083124
32.9974811083124
33.2493702770781
33.2493702770781
33.5012594458438
33.5012594458438
33.7531486146097
33.7531486146097
34.0050377833754
34.0050377833754
34.0050377833754
34.0050377833754
34.2569269521411
34.2569269521411
34.2569269521411
34.2569269521411
34.5088161209067
34.5088161209067
34.7607052896724
34.7607052896724
35.0125944584384
35.0125944584384
35.0125944584384
35.264483627204
35.264483627204
35.264483627204
35.264483627204
35.264483627204
35.264483627204
35.5163727959697
35.5163727959697
35.5163727959697
35.5163727959697
35.5163727959697
35.7682619647356
35.7682619647356
35.7682619647356
35.7682619647356
35.7682619647356
35.7682619647356
35.7682619647356
36.0201511335013
36.0201511335013
36.0201511335013
36.0201511335013
36.0201511335013
36.0201511335013
36.0201511335013
36.272040302267
36.272040302267
36.272040302267
36.272040302267
36.5239294710327
36.5239294710327
36.5239294710327
36.5239294710327
36.5239294710327
36.5239294710327
36.5239294710327
36.5239294710327
36.5239294710327
36.5239294710327
36.7758186397984
36.7758186397984
36.7758186397984
36.7758186397984
36.7758186397984
37.0277078085643
37.0277078085643
37.0277078085643
37.0277078085643
37.27959697733
37.27959697733
37.27959697733
37.27959697733
37.5314861460957
37.5314861460957
37.5314861460957
37.5314861460957
37.5314861460957
37.7833753148616
37.7833753148616
37.7833753148616
37.7833753148616
37.7833753148616
37.7833753148616
38.0352644836273
38.0352644836273
38.0352644836273
38.0352644836273
38.0352644836273
38.0352644836273
38.2871536523929
38.2871536523929
38.2871536523929
38.2871536523929
38.2871536523929
38.5390428211586
38.5390428211586
38.7909319899243
38.7909319899243
39.0428211586902
39.0428211586902
39.0428211586902
39.2947103274559
39.2947103274559
39.2947103274559
39.2947103274559
39.5465994962216
39.5465994962216
39.5465994962216
39.7984886649875
40.0503778337532
40.0503778337532
40.0503778337532
40.0503778337532
40.3022670025189
40.3022670025189
40.3022670025189
40.5541561712846
40.5541561712846
40.5541561712846
40.5541561712846
40.8060453400503
41.0579345088162
41.3098236775819
41.5617128463475
41.5617128463475
41.5617128463475
41.5617128463475
41.5617128463475
41.5617128463475
41.8136020151135
41.8136020151135
41.8136020151135
42.0654911838792
42.5692695214105
42.5692695214105
42.5692695214105
42.5692695214105
42.5692695214105
42.8211586901762
43.0730478589421
43.3249370277078
43.3249370277078
43.5768261964735
43.5768261964735
43.5768261964735
43.5768261964735
43.8287153652394
43.8287153652394
43.8287153652394
43.8287153652394
44.0806045340051
44.0806045340051
44.0806045340051
44.3324937027708
44.5843828715365
44.5843828715365
44.5843828715365
44.5843828715365
44.5843828715365
44.5843828715365
44.8362720403021
44.8362720403021
45.0881612090681
45.0881612090681
45.3400503778337
45.3400503778337
45.3400503778337
45.5919395465994
45.5919395465994
45.5919395465994
45.5919395465994
45.5919395465994
45.8438287153654
45.8438287153654
45.8438287153654
45.8438287153654
46.095717884131
46.095717884131
46.095717884131
46.095717884131
46.095717884131
46.095717884131
46.095717884131
46.095717884131
46.095717884131
46.3476070528967
46.3476070528967
46.3476070528967
46.3476070528967
46.3476070528967
46.3476070528967
46.5994962216624
46.5994962216624
46.5994962216624
46.5994962216624
46.5994962216624
46.5994962216624
46.5994962216624
46.5994962216624
46.5994962216624
46.8513853904281
46.8513853904281
