94.3749999999999
90.0596421471172
86.1216730038022
84.5149253731343
83.1192660550458
81.0375670840787
77.8350515463917
77.3037542662116
74.3842364532019
73.1825525040387
72.1337579617834
71.6772151898734
70.5607476635514
68.1203007518797
67.7130044843049
66.325036603221
65.8430232558139
65.4624277456647
62.9166666666666
62.1399176954732
60.5614973262032
58.3762886597938
57.0528967254408
56.4134495641345
54.8426150121065
54.5126353790613
53.6094674556213
53.3568904593639
52.7357392316647
51.8900343642611
50.8417508417508
50.3333333333333
48.8146551724138
48.3457844183564
44.807121661721
43.2251908396946
43.0608365019011
42.2574626865671
42.1003717472119
41.4076782449726
41.2568306010929
40.7374100719424
40.5187835420393
38.7842465753424
38.3248730964467
37.876254180602
37.624584717608
37.3146622734761
36.8892508143322
36.5912762520194
36.1821086261981
36.0668789808917
35.9523809523809
35.6692913385827
35.5572998430141
35.4460093896713
35.2803738317757
34.7926267281106
34.6860643185298
34.5274390243902
34.4224924012158
34.3181818181818
33.9580209895052
33.2599118942731
33.1625183016105
32.8260869565217
32.7312138728323
32.5899280575539
31.9464033850493
31.8565400843882
31.6340782122905
31.5459610027855
31.4583333333333
31.2413793103448
30.5668016194332
30.4845222072678
30.2
30.1196808510638
29.8418972332016
28.9641943734015
28.7072243346007
28.5984848484848
28.4547738693467
28.3479349186483
28.2771535580524
28.2067247820672
28.1017369727047
27.859778597786
27.7914110429448
27.6556776556776
27.3220747889023
27.1908763505402
27.0286396181384
26.8683274021352
26.741440377804
26.678445229682
26.5222482435597
26.4602803738318
26.3678696158323
26.1547344110854
26.0944700460829
26.0344827586207
25.6221719457013
25.5643340857788
25.4780652418448
25.3639417693169
25.2227171492205
24.781181619256
24.7270742358078
24.4073275862069
24.3548387096774
24.2245989304813
24.1728922091782
24.0445859872611
23.9429175475687
23.8672286617492
23.643006263048
23.4715025906736
23.374613003096
23.1358529111338
22.7181544633902
22.5149105367793
22.4035608308605
22.2933070866142
22.2495088408644
22.2058823529412
21.9476744186046
21.8208092485549
21.7370441458733
21.6125954198473
21.2078651685393
21.1287313432836
21.0111317254174
20.9722222222222
20.8180147058823
20.7417582417582
20.6660583941606
20.6284153005464
20.5535390199637
20.2593917710197
20.2232142857143
20.1512455516014
20.1154529307282
19.8684210526316
19.8336252189142
18.8435940099833
18.0622009569378
9.61375212224108
9.08908507223113
8.91732283464566
8.31497797356828
7.62113055181695
6.91391941391941
6.81407942238267
6.53868360277136
5.77217125382263
5.110559566787
4.71875
4.41692667706708
4.05623209169054
3.89442916093535
3.85204081632653
3.53023690773067
3.14583333333333
2.28326612903226
2.27227126805778
2.15140577507599
2.12237631184408
2.03687050359712
2.01083096590909
1.65183780630105
1.56769102990033
1.28693181818182
0.623074383802817
95.8333333333333
91.4512922465209
87.4524714828897
85.8208955223881
84.4036697247707
82.2898032200358
79.0378006872852
78.4982935153584
75.5336617405583
74.313408723748
73.2484076433121
72.7848101265823
71.6510903426791
69.1729323308271
68.7593423019432
67.3499267935578
66.8604651162791
66.4739884393064
63.8888888888889
63.1001371742112
61.4973262032086
59.2783505154639
57.9345088161209
57.2851805728518
55.6900726392252
55.3549939831528
54.4378698224852
54.1813898704358
53.5506402793946
52.6918671248568
51.6273849607183
51.1111111111111
49.5689655172414
49.0928495197439
45.4995054401583
43.8931297709924
43.7262357414449
42.910447761194
42.7509293680297
42.0475319926874
41.8943533697632
41.3669064748201
41.1449016100179
39.3835616438356
38.917089678511
38.4615384615385
38.2059800664452
37.8912685337727
37.4592833876222
37.156704361874
36.741214057508
36.624203821656
36.5079365079365
36.2204724409449
36.1067503924647
35.9937402190923
35.8255451713396
35.3302611367127
35.2220520673813
35.0609756097561
34.9544072948328
34.8484848484849
34.4827586206897
33.7738619676946
33.6749633967789
33.3333333333333
33.2369942196532
33.0935251798561
32.4400564174894
32.3488045007032
32.122905027933
32.033426183844
31.9444444444444
31.7241379310345
31.0391363022942
30.9555854643338
30.6666666666667
30.5851063829787
30.3030303030303
29.4117647058824
29.1508238276299
29.040404040404
28.894472361809
28.7859824780976
28.7141073657928
28.6425902864259
28.5359801488834
28.290282902829
28.2208588957055
28.0830280830281
27.7442702050663
27.6110444177671
27.4463007159904
27.2835112692764
27.1546635182999
27.0906949352179
26.9320843091335
26.8691588785047
26.7753201396973
26.5588914549654
26.4976958525346
26.4367816091954
26.0180995475113
25.9593679458239
25.8717660292463
25.7558790593505
