0
0
0
0
0
0
67.96537
85.28139
93.07359
93.50649
93.50649
93.93939
93.93939
94.37229
94.37229
97.8355
98.7013
98.7013
98.7013
99.1342
99.5671
0
0
0
0
0
0
22.62248
28.38617
30.97983
31.12392
31.12392
31.26801
31.26801
31.4121
31.4121
32.56484
32.85303
32.85303
32.85303
32.99712
33.14121
33.42939
33.42939
33.57349
33.57349
33.71758
33.71758
33.71758
33.86167
33.86167
34.00576
34.00576
34.00576
34.00576
34.29395
34.29395
34.29395
34.43804
34.58213
34.72622
34.72622
34.87032
34.87032
34.87032
35.01441
35.1585
35.1585
35.1585
35.30259
35.30259
35.30259
35.44669
35.44669
35.59078
35.59078
35.73487
35.87896
35.87896
35.87896
35.87896
35.87896
36.02305
36.02305
36.02305
36.02305
36.02305
36.16715
36.16715
36.16715
36.31124
36.31124
36.31124
36.31124
36.31124
36.31124
36.31124
36.31124
36.31124
36.31124
36.31124
36.45533
36.45533
36.45533
36.59942
36.59942
36.59942
36.59942
36.59942
36.59942
36.59942
36.59942
36.74352
36.74352
36.74352
36.74352
36.74352
36.74352
36.74352
36.74352
36.74352
36.88761
36.88761
36.88761
36.88761
36.88761
36.88761
36.88761
36.88761
36.88761
36.88761
36.88761
36.88761
37.0317
37.0317
37.0317
37.0317
37.0317
37.0317
37.0317
37.0317
37.17579
37.17579
37.17579
37.17579
37.17579
37.31988
37.31988
37.31988
37.31988
37.31988
37.31988
37.31988
37.46398
37.46398
37.46398
37.46398
37.46398
37.60807
37.60807
37.60807
37.60807
37.60807
37.75216
37.75216
37.75216
37.75216
37.75216
37.75216
37.75216
37.75216
37.75216
37.75216
37.75216
37.89625
37.89625
37.89625
37.89625
37.89625
37.89625
37.89625
37.89625
37.89625
37.89625
38.04035
38.04035
38.04035
38.04035
38.04035
38.04035
38.04035
38.04035
38.04035
38.04035
38.04035
38.18444
38.18444
38.18444
38.18444
38.18444
38.18444
38.18444
38.18444
38.18444
38.18444
38.32853
38.32853
38.32853
38.32853
38.32853
38.32853
38.32853
38.32853
38.47262
38.47262
38.47262
38.47262
38.47262
38.47262
38.47262
38.61671
38.61671
38.61671
38.61671
38.61671
38.61671
38.61671
38.61671
38.61671
38.61671
38.61671
38.61671
38.61671
38.61671
38.61671
38.76081
38.76081
38.76081
38.76081
38.76081
38.76081
38.76081
38.76081
38.76081
38.76081
38.76081
38.76081
38.76081
38.76081
38.76081
38.9049
38.9049
38.9049
38.9049
38.9049
38.9049
38.9049
38.9049
38.9049
38.9049
38.9049
38.9049
38.9049
38.9049
39.04899
39.04899
39.04899
39.04899
39.04899
39.04899
39.04899
39.04899
39.04899
39.04899
39.04899
39.04899
39.04899
39.04899
39.19308
39.19308
39.19308
39.19308
39.19308
39.19308
39.19308
39.19308
39.19308
39.19308
