97.2916666666667
92.8429423459245
88.7832699619772
86.4814814814815
85.6880733944955
84.2960288808665
83.5420393559929
79.6928327645052
77.1900826446281
76.6830870279147
74.3630573248408
73.8924050632912
72.7414330218069
70.2255639097745
69.8056801195815
67.485549132948
66.5242165242166
65.2234636871509
64.8611111111111
64.0603566529493
61.2860892388452
57.7970297029703
56.5375302663439
55.5952380952381
55.0058892815077
54.6838407494146
54.3655413271246
54.1135573580533
53.8018433179724
53.2497149372862
52.7088036117382
50.323275862069
47.946611909651
46.4214711729623
46.1918892185955
42.6873857404022
42.5318761384335
40.6086956521739
39.9828767123288
39.5093062605753
39.0468227424749
38.9166666666667
38.7873754152824
38.0293159609121
37.4799357945426
34.7470238095238
33.8405797101449
33.4048640915594
32.7489481065919
32.3407202216067
32.2068965517242
32.1182943603852
32.0301783264746
31.7255434782609
31.1333333333334
31.0505319148936
30.5628272251309
30.4830287206266
30.2069857697284
29.9358974358975
29.8593350383632
29.6696315120712
29.4823232323232
29.3341708542714
29.0784557907846
28.9702233250621
28.8985148514852
28.7207872078721
28.5103785103785
28.2687651331719
28.031212484994
27.9306220095694
27.7976190476191
27.5678866587958
26.9630484988453
26.9009216589862
26.2065095398429
26.1478163493841
26.0602678571429
25.54704595186
25.2159827213823
25.1616379310345
24.9199573105656
24.7876857749469
24.6828752642706
24.3736951983299
24.1468459152017
24.0970072239422
24.022633744856
23.9733059548255
23.8508682328907
23.2107355864811
23.0959446092977
23.0503455083909
22.9371316306483
22.6259689922481
22.1958174904943
22.069943289225
21.7411545623836
21.6604823747681
21.6203703703704
21.5804066543438
21.4613970588235
21.3827838827839
21.3436928702011
21.1887477313975
20.9982014388489
20.8855098389982
20.8482142857143
20.7003546099291
20.1989619377163
20.0946643717728
20.0601374570447
19.9914383561644
19.957264957265
19.8217317487267
19.6548821548822
19.3936877076412
19.1080196399345
19.0767973856209
19.0456769983687
19.014657980456
18.9529220779221
18.8003220611916
18.7700964630225
18.7099358974359
18.650159744409
18.5023771790808
18.3569182389937
18.2707355242567
18.1853582554517
18.1570762052877
18.1007751937985
18.0448222565688
17.9064417177914
17.8516819571866
17.0189504373178
15.3215223097113
14.8726114649682
13.3124287343216
12.0485036119711
10.770295202952
10.1169844020797
9.03637770897833
7.55174644243209
7.12759462759463
6.83548009367682
6.40076754385965
5.81424302788845
5.6785019455253
5.21205357142857
4.59645669291339
3.61231435643565
3.51233453670277
3.3054926387316
3.20038377192983
3.17946623093682
2.77976190476191
2.62006283662478
2.50321612349914
2.38459967320262
2.3729674796748
2.22805343511451
2.21789513677812
2.12427219796216
1.70288798133022
1.57599892008639
1.48764016309888
1.41686893203884
1.39253339694657
1.37937145557656
1.35127314814815
1.31712545126354
0.945191062176166
98.7499999999999
94.2345924453279
90.1140684410645
87.7777777777777
86.9724770642201
85.5595667870035
84.7942754919498
80.8873720136518
78.3471074380164
77.8325123152708
75.4777070063693
74.9999999999999
73.8317757009345
71.2781954887217
70.8520179372197
68.4971098265895
67.5213675213675
66.2011173184357
65.8333333333333
65.0205761316872
62.2047244094488
58.6633663366336
57.3849878934624
56.4285714285714
55.8303886925794
55.503512880562
55.1804423748544
54.9246813441483
54.6082949308755
54.0478905359178
53.4988713318284
51.0775862068965
48.6652977412731
47.117296222664
46.8842729970326
43.327239488117
43.1693989071038
41.2173913043478
40.5821917808219
40.1015228426396
39.6321070234113
39.5
39.3687707641196
38.5993485342019
38.0417335473515
35.2678571428571
34.3478260869565
33.9055793991416
33.2398316970547
32.8254847645429
32.6896551724138
32.5997248968363
32.5102880658436
32.2010869565217
31.6
31.5159574468085
31.0209424083769
30.9399477806788
30.659767141009
30.3846153846154
30.306905370844
30.1143583227446
29.9242424242424
29.7738693467336
29.5143212951432
29.4044665012407
29.3316831683168
29.1512915129151
28.9377289377289
28.6924939467312
28.4513805522209
28.3492822966507
28.2142857142857
27.9811097992916
27.3672055427251
27.3041474654378
26.5993265993266
26.5397536394177
26.4508928571428
25.9299781181619
25.5939524838013
25.5387931034482
25.2934898612593
25.1592356687898
25.0528541226215
24.7390396659707
24.5087900723888
24.4582043343653
24.3827160493827
24.3326488706365
24.2083758937691
23.558648111332
23.4421364985163
23.395853899309
23.2809430255402
22.9651162790697
22.5285171102661
22.4007561436673
22.0670391061452
21.9851576994434
