98.6449864498645
93.8144329896907
90.547263681592
89.6551724137931
86.6666666666667
73.6842105263158
72.3658051689861
70.4061895551257
67.910447761194
66.7889908256881
64.0845070422535
63.6363636363636
59.2833876221498
58.8045234248788
57.9617834394904
57.1428571428571
56.3467492260062
55.4878048780488
54.0059347181009
49.9314128943759
49.591280653951
47.5195822454308
47.2114137483787
46.6666666666667
45.5569461827284
45.049504950495
44.2822384428224
42.8739693757362
42.6229508196721
42.3748544819558
42.1784472769409
41.5051311288483
41.2698412698413
40.625
40.2209944751381
40.04400440044
39.4366197183099
39.2241379310345
38.8473852721451
38.0753138075314
37.9166666666667
37.5644994840041
36.182902584493
36.0039564787339
35.546875
34.7328244274809
34.6007604562738
33.5793357933579
33.1511839708561
32.4420677361854
32.0422535211268
31.8181818181818
31.0580204778157
30.4347826086957
29.8850574712644
29.7385620915033
29.6416938110749
28.8888888888889
28.7974683544304
28.1733746130031
28.0431432973806
27.8713629402757
27.7439024390244
27.5757575757576
27.4924471299094
27.3684210526316
27.2047832585949
27.0833333333333
26.8041237113402
26.6471449487555
26.1870503597122
25.9259259259259
25.8522727272727
25.7790368271955
25.6699576868829
25.5977496483826
25.5259467040673
25.4189944134078
24.7282608695652
24.4952893674293
24.3967828418231
23.667100130039
23.5446313065977
23.4536082474227
23.3933161953728
23.3333333333333
23.1257941550191
23.0671736375158
22.9219143576826
22.3312883435583
22.2766217870257
22.2222222222222
22.0873786407767
22.0338983050847
21.9541616405308
21.8487394957983
21.7183770883055
21.5384615384615
21.1874272409779
20.8476517754868
20.8
20.4264870931538
20.3807390817469
20.1104972375691
19.9124726477024
19.8689956331878
19.8041349292709
19.6544276457883
19.4652406417112
19.0376569037657
18.9979123173278
18.8992731048806
18.860103626943
18.8210961737332
18.7822497420021
18.5903983656793
18.0914512922465
18.0376610505451
17.9664363277394
17.704280155642
17.6699029126214
17.5337186897881
17.4329501915709
16.9144981412639
16.6666666666667
16.636197440585
16.5755919854281
16.4855072463768
16.4556962025316
16.0777385159011
16.0493827160494
15.9369527145359
15.9090909090909
15.5555555555556
15.3976311336717
15.1919866444073
15.1666666666667
15.1414309484193
15.0662251655629
14.8450244698206
14.8208469055375
14.7487844408428
14.7011308562197
9.39112487100103
8.95669291338583
8.03886925795053
7.30337078651685
5.55555555555556
85.6275303643725
84.0954274353877
81.8181818181819
78.9179104477613
77.6146788990826
74.4718309859155
73.951048951049
68.8925081433225
68.3360258481422
67.3566878980892
66.4050235478807
65.4798761609908
64.4817073170732
62.759643916914
58.0246913580247
57.6294277929156
55.2219321148825
54.863813229572
54.2307692307693
52.9411764705883
52.3514851485149
51.4598540145986
49.8233215547704
49.5316159250586
49.2433061699651
49.0150637311704
48.2326111744584
47.9591836734694
47.2098214285715
46.7403314917127
46.5346534653466
45.8288190682557
45.5818965517242
45.1440768409819
44.2468619246862
44.0625
43.6532507739938
42.0477137176939
41.839762611276
41.30859375
40.3625954198474
40.2091254752852
39.0221402214022
38.5245901639345
37.7005347593583
37.2359154929578
36.9755244755245
36.0921501706485
35.3678929765887
34.7290640394089
34.5588235294118
34.4462540716613
33.5714285714286
33.4651898734177
32.7399380804954
32.5885978428352
32.3889739663094
32.2408536585366
32.0454545454546
31.9486404833837
31.8045112781955
31.6143497757848
31.4732142857143
31.1487481590575
30.9663250366032
30.431654676259
30.1282051282051
30.0426136363637
29.957507082153
29.8307475317349
29.746835443038
29.6633941093969
29.5391061452514
28.7364130434783
28.4656796769852
28.3512064343164
27.5032509752926
27.3609314359638
27.2551546391753
27.1850899742931
27.1153846153846
26.874205844981
26.8060836501901
26.6372795969773
25.9509202453988
25.8873929008568
25.8241758241758
25.6674757281554
25.6053268765133
25.5126658624849
25.390156062425
25.2386634844869
25.0295857988166
24.6216530849826
24.2268041237114
24.1714285714286
23.7373737373738
23.6842105263158
23.3701657458564
23.1400437636762
23.089519650655
23.0141458106638
22.8401727861771
22.620320855615
22.1234309623431
22.0772442588727
21.9626168224299
21.9170984455959
21.8717683557394
21.8266253869969
21.6036772216548
21.0238568588469
20.9613478691774
20.8785784797631
20.5739299610895
20.5339805825243
20.3757225433526
20.2586206896552
19.6561338289963
19.3681318681319
19.3327239488117
