27.3333333333333
17.5333333333333
22.4
26.2
25.6
25.9333333333333
26.9333333333333
24.7333333333333
28.7333333333333
24.8666666666667
19.7333333333333
25.6666666666667
25.8666666666667
26.2
21.1333333333333
21.8
25.5333333333333
26.3333333333333
16.6
24.2666666666667
28.7333333333333
15.8
17.6666666666667
24.5333333333333
27.0666666666667
26.4
26.4666666666667
26.2
24.2666666666667
18.6
25.7333333333333
27.1333333333333
25.8
22.4
28.8666666666667
26.4666666666667
16.6666666666667
26
17.6666666666667
21.0666666666667
14.7333333333333
18.5333333333333
23.0666666666667
26.0666666666667
26.0666666666667
27.6
27.4
26.9333333333333
26.4
14.0666666666667
15.8666666666667
25.4666666666667
27.2
28
27.1333333333333
25.8
28.0666666666667
27.9333333333333
15.5333333333333
28.8
27.6
28
26.6666666666667
27.1333333333333
27
26.6
25.2666666666667
26.8666666666667
25.6666666666667
26.7333333333333
25.2
26
26.1333333333333
26.4666666666667
25.1333333333333
26.2
17.4666666666667
14.8666666666667
19.8666666666667
12.9333333333333
27.8
17.3333333333333
28.2666666666667
27.0666666666667
26.5333333333333
26.8666666666667
26.8666666666667
27.5333333333333
27.8
26.2666666666667
16.4
27.3333333333333
30.3333333333333
29.1333333333333
27.2666666666667
29.6666666666667
37.4666666666667
32.4
31.4
30.1333333333333
33.4666666666667
32.2
30
34.6666666666667
38.0666666666667
38.2666666666667
39.3333333333333
36.8
36.4666666666667
34.1333333333333
30.9333333333333
28.8
30.5333333333333
31.8666666666667
30.4666666666667
34.9333333333333
32.3333333333333
34.6666666666667
32.8
34.2
30.4
30.8666666666667
31.9333333333333
33.9333333333333
32.4666666666667
25.2666666666667
27.1333333333333
29.9333333333333
29.0666666666667
20.3333333333333
23.8
28.2
31.3333333333333
30
29.2666666666667
20.2666666666667
30.4666666666667
30.4
31.3333333333333
28.6666666666667
33.4666666666667
33.2666666666667
30.8
21.2666666666667
32.2666666666667
23.5333333333333
19.2666666666667
16.6
29.0666666666667
28.5333333333333
28.4
28.0666666666667
32.1333333333333
28.7333333333333
23.2
28.3333333333333
29.0666666666667
27
31
31.0666666666667
29.0666666666667
26.8
18.2666666666667
19.4666666666667
32.1333333333333
30.9333333333333
30.6666666666667
32.5333333333333
31.4666666666667
29.4666666666667
32.6
36.2
31.6666666666667
32.1333333333333
23.9333333333333
31.3333333333333
27.8
25
29.6666666666667
29.8666666666667
33.2666666666667
32.2
29.7333333333333
30.2
30.6666666666667
32.9333333333333
35.3333333333333
32.8666666666667
32.6666666666667
33.4
34.8
31.4666666666667
32.2
32.1333333333333
35
34.2
30.8
29.3333333333333
30.0666666666667
29.6666666666667
30.2
31.2666666666667
31.4
29.7333333333333
29.7333333333333
26.7142857142857
18.8666666666667
26.6666666666667
29.4
28.3333333333333
28.6
28.4
31.8
19.4666666666667
18.3333333333333
17.0666666666667
29.0666666666667
9.8
24.6
17.6
18.6666666666667
27.3333333333333
15.9333333333333
26.6
27.8666666666667
17.5333333333333
26.8
27.6
28
25.6666666666667
29.4
27.2
29.4
23.9333333333333
25.8
17.4666666666667
18.2666666666667
27.4
25.7333333333333
17.5333333333333
29.7333333333333
22.4
21.4666666666667
25.2
27.2
28.5333333333333
26.5333333333333
19.4666666666667
28.6666666666667
27.5333333333333
16.4666666666667
26.3333333333333
26.2
26.5333333333333
29.2666666666667
26.8666666666667
27.4666666666667
27.4
24.5333333333333
21.2
17.6
29.0666666666667
28.1333333333333
27.7333333333333
27.6
26.6666666666667
28
20.4
13.2666666666667
29
29.5333333333333
17.9333333333333
17.5333333333333
16.2
27.6
18.6
26.0666666666667
27.4
27.0666666666667
17.2
4.6
3.53333333333333
21.7333333333333
28.1333333333333
27.1333333333333
27.3333333333333
27.8
21.1333333333333
