0
0
0
0
0
13.3911368015414
12.8228782287823
12.2791519434629
9.40460081190798
15.7032755298651
15.0369003690037
14.3992932862191
11.0284167794317
16.9075144508671
16.190036900369
15.5035335689046
11.8741542625169
24.8073217726397
23.7546125461255
22.7473498233216
17.4221921515562
25.674373795761
24.5848708487084
23.5424028268551
18.0311231393775
26.4932562620425
25.369003690037
24.2932862190814
18.6062246278756
27.8420038535644
26.6605166051659
25.5300353356889
19.5534506089309
28.082851637765
26.8911439114392
25.7508833922262
19.7225981055481
30.3949903660887
29.1051660516606
27.8710247349824
21.3464140730718
31.0211946050096
29.7047970479705
28.4452296819788
21.7861975642761
32.6589595375724
31.2730627306274
29.9469964664312
22.9364005412721
33.092485549133
31.6881918819189
30.3445229681979
23.2408660351827
33.6223506743737
32.1955719557194
30.8303886925794
23.6129905277401
35.4046242774567
33.9022140221403
32.4646643109541
24.8646820027064
35.4046242774567
33.9022140221403
32.4646643109541
24.8646820027064
35.8381502890173
34.3173431734317
32.8621908127208
25.1691474966171
38.0057803468207
36.3929889298892
34.8498233215547
26.6914749661705
38.6319845857417
36.9926199261991
35.4240282685511
27.1312584573747
41.6184971098266
39.8523985239852
38.1625441696113
29.2286874154263
46.0500963391137
44.0959409594096
42.226148409894
32.34100135318
46.5317919075146
44.5571955719558
42.6678445229683
32.6792963464142
47.6396917148362
45.6180811808117
43.6837455830388
33.4573748308525
53.1791907514451
50.9225092250922
48.7632508833922
37.3477672530447
55.1059730250482
52.7675276752767
50.530035335689
38.7009472259811
56.26204238921
53.8745387453875
51.5901060070671
39.5128552097429
68.4007707129094
65.4981549815498
62.7208480565371
48.0378890392422
88.6319845857418
84.8708487084871
81.2720848056537
62.2462787550744
95.2793834296723
91.2361623616235
87.3674911660776
66.9147496617049
98.7084870848708
94.5229681978799
72.3951285520974
86.468200270636
90.3924221921516
4.69314079422381
0.3131021194605
0.29981549815498
0.287102473498232
0.219891745602164
7.94223826714801
0.529865125240848
0.507380073800738
0.485865724381625
0.37212449255751
