61.101243339254
54.0031397174254
52.8417818740399
45.7446808510638
43.0538172715895
40.5182567726737
40.2810304449649
39.63133640553
39.4043528064147
38.6083052749719
38.3928571428571
38.2222222222222
38.0110497237569
37.2697724810401
37.0689655172414
36.3636363636364
35.9832635983264
35.8333333333333
35.500515995872
35.3182751540041
35.1378958120531
34.8178137651822
34.6424974823766
34.5035105315948
34.1948310139165
34.0257171117705
33.59375
32.9501915708812
32.391713747646
31.9702602230483
31.8518518518519
31.5596330275229
31.3296903460838
30.7692307692308
30.2816901408451
30.1754385964912
29.9130434782609
29.3515358361775
29.2020373514431
29.1032148900169
29.0050590219224
28.8590604026846
28.7625418060201
28.2430213464696
27.9220779220779
26.9170579029734
26.502311248074
26.3399693721286
26.219512195122
26.1398176291793
26.0606060606061
25.8646616541353
25.7100149476831
25.4437869822485
25.0728862973761
25
24.8554913294798
24.7482014388489
24.5014245014245
24.2595204513399
24.1912798874824
24.1234221598878
23.7241379310345
23.433242506812
23.2118758434548
23.0563002680965
22.7814569536424
22.7212681638045
22.6613965744401
22.5130890052356
22.3667100130039
22.1649484536082
21.9948849104859
21.608040201005
21.5269086357947
21.1562115621156
21.1042944785276
20.5741626794258
20.4033214709371
20.2591283863369
19.7701149425287
19.4130925507901
19.347581552306
16.6666666666667
15.8088235294118
15.4676258992806
15.1943462897526
13.9837398373984
9.31744312026002
7.16666666666667
6.31424375917768
5.17448856799037
0.656288156288156
0.581081081081081
0.292119565217391
0.265825914935707
0.241681654676259
71.4031971580816
63.1083202511773
61.7511520737326
53.4574468085106
50.3128911138923
47.3498233215547
47.0725995316159
46.3133640552995
46.0481099656357
45.1178451178451
44.8660714285714
44.6666666666666
44.4198895027624
43.5536294691224
43.3189655172413
42.4947145877378
42.0502092050209
41.8749999999999
41.4860681114551
41.2731006160164
41.0623084780388
40.6882591093117
40.4833836858005
40.3209628886659
39.9602385685884
39.7626112759643
39.2578125
38.5057471264367
37.8531073446327
37.360594795539
37.2222222222222
36.8807339449541
36.6120218579235
35.9570661896243
35.3873239436619
35.2631578947368
34.9565217391304
34.3003412969283
34.1256366723259
34.0101522842639
33.8954468802698
33.7248322147651
33.6120401337792
33.0049261083743
32.6298701298701
31.4553990610328
30.9707241910631
30.7810107197549
30.640243902439
30.547112462006
30.4545454545454
30.2255639097744
30.0448430493273
29.7337278106509
29.3002915451895
29.2151162790697
29.0462427745664
28.9208633093525
28.6324786324786
28.3497884344146
28.2700421940928
28.1907433380084
27.7241379310344
27.3841961852861
27.1255060728745
26.9436997319035
26.6225165562914
26.5521796565389
26.4822134387351
26.3089005235602
26.1378413524057
25.9020618556701
25.7033248081841
25.251256281407
25.1564455569461
24.7232472324723
24.6625766871165
24.0430622009569
23.8434163701067
23.6749116607774
23.103448275862
22.686230248307
22.6096737907761
19.4767441860465
18.4742647058823
18.0755395683453
17.756183745583
16.3414634146341
10.8884073672806
8.37499999999999
7.37885462555065
6.04693140794223
0.766941391941391
0.679054054054053
0.341372282608695
0.310645400593471
0.282430305755395
71.5808170515098
63.265306122449
61.904761904762
53.5904255319149
50.4380475594494
47.4676089517079
47.1896955503513
46.4285714285715
46.1626575028637
45.2300785634119
44.9776785714286
44.7777777777778
44.5303867403315
43.6619718309859
43.4267241379311
42.600422832981
42.1548117154812
41.9791666666667
41.5892672858617
41.3757700205339
41.1644535240041
40.7894736842106
40.5840886203424
40.4212637913742
40.0596421471173
39.8615232443126
39.35546875
38.6015325670498
37.9472693032015
37.453531598513
37.3148148148148
36.9724770642202
36.7030965391621
36.046511627907
35.4753521126761
35.3508771929825
35.0434782608696
34.3856655290103
34.2105263157895
34.0947546531303
33.9797639123103
33.8087248322148
33.6956521739131
33.0870279146141
32.711038961039
31.5336463223787
31.0477657935285
30.8575803981623
30.7164634146342
30.6231003039514
30.5303030303031
30.3007518796993
30.119581464873
29.8076923076923
29.3731778425656
29.2877906976744
29.1184971098266
28.9928057553957
28.7037037037037
28.4203102961918
28.3403656821379
28.2608695652174
27.7931034482759
27.4523160762943
27.1929824561404
27.0107238605898
26.6887417218543
26.6182298546896
26.5480895915679
26.3743455497382
26.2028608582575
25.9664948453608
25.76726342711
25.3140703517588
25.2190237797247
24.7847478474785
24.7239263803681
24.1028708133971
23.9027283511269
23.733804475854
23.1609195402299
22.7426636568849
22.665916760405
19.5251937984496
18.5202205882353
18.1205035971223
17.8003533568905
16.3821138211382
10.9154929577465
8.39583333333334
7.39720998531572
6.06197352587245
0.768849206349207
0.680743243243244
