0
0
0
44.7154471544715
85.9078590785907
85.9078590785907
95.3929539295393
0
0
0
12.7708978328173
24.5356037151703
24.5356037151703
27.2445820433437
30.5727554179567
30.6501547987616
30.8049535603716
31.9659442724458
31.9659442724458
32.8947368421052
33.0495356037152
33.2817337461301
33.4365325077399
33.6687306501548
33.8235294117647
34.0557275541796
34.1331269349845
34.1331269349845
34.2879256965944
34.4427244582043
34.4427244582043
34.9071207430341
35.0619195046439
35.139318885449
35.2167182662539
35.2941176470588
35.5263157894737
36.5325077399381
36.764705882353
36.764705882353
37.0743034055728
37.1517027863777
37.1517027863777
37.2291021671826
37.3065015479876
37.3065015479876
37.5386996904025
37.6160990712075
37.6160990712075
37.6934984520124
37.6934984520124
37.9256965944272
38.1578947368421
38.6996904024768
38.7770897832817
38.7770897832817
38.9318885448917
39.5510835913313
39.7058823529412
40.1702786377709
40.2476780185758
40.2476780185758
40.3250773993808
40.5572755417957
40.7120743034056
41.0216718266253
41.0216718266253
41.0990712074304
41.3312693498452
41.4086687306502
41.56346749226
41.71826625387
41.8730650154799
42.1052631578947
42.1052631578947
43.0340557275542
43.0340557275542
43.1888544891641
43.4210526315789
43.5758513931889
44.5046439628483
45.6656346749226
46.4396284829721
50.2321981424148
50.6191950464397
51.2383900928793
53.328173374613
54.6439628482972
59.2879256965945
60.9907120743034
63.8544891640867
78.0185758513932
78.482972136223
83.2817337461296
91.9504643962844
92.5696594427249
0
0
0
11.1637347767253
21.4479025710419
21.4479025710419
23.8159675236807
26.7253044654939
26.7929634641407
26.9282814614344
27.9431664411367
27.9431664411367
28.7550744248985
28.8903924221922
29.0933694181326
29.2286874154263
29.4316644113667
29.5669824086603
29.7699594046008
29.8376184032476
29.8376184032476
29.9729364005413
30.1082543978349
30.1082543978349
30.5142083897159
30.6495263870095
30.7171853856563
30.7848443843031
30.8525033829499
31.0554803788904
31.9350473612991
32.1380243572395
32.1380243572395
32.4086603518268
32.4763193504736
32.4763193504736
32.5439783491204
32.6116373477672
32.6116373477672
32.8146143437077
32.8822733423546
32.8822733423546
32.9499323410014
32.9499323410014
33.1529093369418
33.3558863328823
33.82949932341
33.8971583220568
33.8971583220568
34.0324763193505
34.5737483085251
34.7090663058187
35.1150202976996
35.1826792963464
35.1826792963464
35.2503382949932
35.4533152909337
35.5886332882274
35.8592692828146
35.8592692828146
35.9269282814614
36.1299052774019
36.1975642760487
36.3328822733423
36.468200270636
36.6035182679296
36.8064952638701
36.8064952638701
37.6184032476319
37.6184032476319
37.7537212449256
37.956698240866
38.0920162381597
38.9039242219215
39.9188092016239
40.595399188092
43.9106901217862
44.2489851150203
44.7902571041949
46.617050067659
47.7672530446549
51.8267929634642
53.3152909336942
55.8186738836265
68.2002706359946
68.6062246278755
72.801082543978
80.3788903924218
80.9201623815971
0
0
0
10.5095541401274
20.1910828025478
20.1910828025478
22.4203821656051
25.1592356687898
25.2229299363057
25.3503184713376
26.3057324840764
26.3057324840764
27.0700636942675
27.1974522292994
27.3885350318472
27.515923566879
27.7070063694268
27.8343949044586
28.0254777070064
28.0891719745223
28.0891719745223
28.2165605095542
28.343949044586
28.343949044586
28.7261146496815
28.8535031847134
28.9171974522293
28.9808917197452
29.0445859872611
29.2356687898089
30.0636942675159
30.2547770700637
30.2547770700637
30.5095541401274
30.5732484076433
30.5732484076433
30.6369426751592
30.7006369426751
30.7006369426751
30.8917197452229
30.9554140127389
30.9554140127389
31.0191082802548
31.0191082802548
31.2101910828025
31.4012738853503
31.8471337579618
31.9108280254777
31.9108280254777
32.0382165605096
32.547770700637
32.6751592356688
33.0573248407643
33.1210191082803
33.1210191082803
33.1847133757962
33.3757961783439
33.5031847133758
33.7579617834395
33.7579617834395
33.8216560509554
34.0127388535032
34.0764331210191
34.2038216560509
34.3312101910828
34.4585987261146
34.6496815286624
34.6496815286624
35.4140127388535
35.4140127388535
35.5414012738854
35.7324840764331
35.859872611465
36.6242038216561
37.5796178343949
38.2165605095541
41.3375796178344
41.656050955414
42.1656050955414
43.8853503184713
44.968152866242
48.7898089171975
50.1910828025478
52.5477707006369
64.2038216560509
64.5859872611465
68.5350318471334
75.6687898089169
76.1783439490449
95.7961783439491
0
0
0
10.0979192166463
19.4002447980416
19.4002447980416
21.5422276621787
24.1738066095471
24.235006119951
24.3574051407589
25.2753977968176
25.2753977968176
26.0097919216646
