0
0
0
1.48367952522255
0
0
0
82.0346320346321
93.7229437229437
94.1558441558442
98.051948051948
1.08225108225108
0
0
0
41.0617551462622
46.9122426868905
47.1289274106176
49.0790899241603
50.0541711809318
50.9209100758397
51.5709642470206
51.679306608884
51.8959913326111
52.0043336944745
52.112676056338
52.4377031419285
53.0877573131094
53.1960996749729
53.4127843986999
53.4127843986999
54.2795232936078
54.3878656554713
55.4712892741062
55.4712892741062
55.5796316359696
56.1213434452872
56.554712892741
57.3131094257855
57.5297941495125
57.9631635969664
58.0715059588299
58.0715059588299
59.0465872156013
62.1885157096425
63.9219934994584
64.3553629469122
66.5222101841821
66.8472372697724
77.5731310942578
0.541711809317443
0
0
0
37.3031496062992
42.6181102362204
42.8149606299213
44.5866141732283
45.4724409448819
46.2598425196851
46.8503937007874
46.9488188976378
47.1456692913386
47.244094488189
47.3425196850393
47.6377952755905
48.2283464566929
48.3267716535433
48.5236220472441
48.5236220472441
49.3110236220472
49.4094488188977
50.3937007874016
50.3937007874016
50.4921259842519
50.984251968504
51.3779527559055
52.0669291338582
52.2637795275591
52.6574803149607
52.755905511811
52.755905511811
53.6417322834645
56.496062992126
58.0708661417323
58.4645669291338
60.4330708661418
60.7283464566929
70.4724409448819
96.6535433070867
0.492125984251969
0
0
0
27.3843930635838
31.28612716763
31.4306358381503
32.7312138728323
33.3815028901735
33.9595375722544
34.393063583815
34.4653179190751
34.6098265895954
34.6820809248555
34.7543352601156
34.971098265896
35.4046242774566
35.4768786127168
35.621387283237
35.621387283237
36.1994219653179
36.2716763005781
36.9942196531792
36.9942196531792
37.0664739884393
37.4277456647399
37.7167630057803
38.2225433526011
38.3670520231214
38.6560693641619
38.728323699422
38.728323699422
39.378612716763
41.4739884393064
42.6300578034682
42.9190751445086
44.364161849711
44.5809248554913
51.7341040462428
70.9537572254336
89.8843930635842
0.361271676300578
0
0
0
24.140127388535
27.5796178343949
27.7070063694268
28.8535031847134
29.4267515923567
29.9363057324841
30.3184713375796
30.3821656050955
30.5095541401274
30.5732484076433
30.6369426751592
30.828025477707
31.2101910828025
31.2738853503185
31.4012738853503
31.4012738853503
31.9108280254777
31.9745222929937
32.6114649681529
32.6114649681529
32.6751592356688
32.9936305732484
33.2484076433121
33.6942675159236
33.8216560509554
34.0764331210191
34.140127388535
34.140127388535
34.7133757961783
36.5605095541402
37.5796178343949
37.8343949044586
39.1082802547771
39.2993630573248
45.6050955414013
62.547770700637
79.2356687898093
0.318471337579618
0
0
0
22.8038507821901
26.0529482551143
26.173285198556
27.2563176895307
27.7978339350181
28.2791817087846
28.6401925391095
28.7003610108303
28.820697954272
28.8808664259928
28.9410348977136
29.1215403128761
29.4825511432009
29.5427196149218
29.6630565583634
29.6630565583634
30.1444043321299
30.2045728038508
30.806257521059
30.806257521059
30.8664259927798
31.1672683513839
31.4079422382671
31.8291215403129
31.9494584837545
32.1901323706378
32.2503008423586
32.2503008423586
32.791817087846
34.5367027677497
35.4993983152828
35.740072202166
36.9434416365825
37.1239470517449
43.0806257521059
59.0854392298436
74.8495788206983
0.300842358604091
0
0
0
21.6077537058153
24.6864310148232
24.8004561003421
25.8266818700114
26.3397947548461
26.7958950969214
27.1379703534778
27.1949828962372
27.309007981756
27.3660205245154
27.4230330672748
27.594070695553
27.9361459521094
27.9931584948689
28.1071835803877
28.1071835803877
28.5632839224629
28.6202964652224
29.1904218928164
29.1904218928164
29.2474344355758
29.5324971493729
29.7605473204105
30.1596351197263
30.2736602052452
30.5017103762828
30.5587229190422
30.5587229190422
31.0718358038768
32.7251995438997
33.6374002280502
33.8654503990878
35.005701254276
35.1767388825541
40.8209806157355
55.9863169897378
70.9236031927027
95.5530216647665
0.285062713797035
0
0
0
19.5562435500516
22.3426212590299
22.4458204334365
23.374613003096
23.8390092879257
24.2518059855521
24.5614035087719
24.6130030959752
24.7162022703819
24.7678018575851
24.8194014447884
24.9742002063983
25.2837977296181
25.3353973168215
25.4385964912281
25.4385964912281
25.8513931888545
25.9029927760578
26.4189886480908
26.4189886480908
26.4705882352941
26.7285861713107
26.9349845201238
27.2961816305469
27.3993808049536
27.6057791537668
27.6573787409701
27.6573787409701
28.1217750257998
