0
0
0
0
0
0
0
0
0
0
0
0
0
0
0
0
0
0
0
0
0
0
0
0
0
0
0
0
0
0
0
0
0
0
0
0
0
0
0
0
0
0
0
0
0
0
0
0
0
0
0
0
0
0
0
0
0
0
0
0
0
0
0
0
0
0
0
0
0
0
0
33.5423197492164
33.8557993730408
33.8557993730408
34.7962382445142
35.4231974921629
35.7366771159873
35.7366771159873
35.7366771159873
36.050156739812
36.050156739812
36.050156739812
36.050156739812
36.050156739812
36.3636363636364
36.3636363636364
36.6771159874607
36.6771159874607
36.6771159874607
36.6771159874607
36.6771159874607
36.6771159874607
36.9905956112854
36.9905956112854
36.9905956112854
36.9905956112854
36.9905956112854
36.9905956112854
36.9905956112854
37.3040752351098
37.3040752351098
37.3040752351098
37.3040752351098
37.3040752351098
37.3040752351098
37.6175548589342
37.6175548589342
37.6175548589342
37.6175548589342
37.6175548589342
38.2445141065829
38.2445141065829
38.2445141065829
38.5579937304076
38.5579937304076
38.5579937304076
38.871473354232
38.871473354232
38.871473354232
38.871473354232
38.871473354232
38.871473354232
39.1849529780563
39.1849529780563
39.1849529780563
39.1849529780563
39.1849529780563
39.1849529780563
39.1849529780563
39.498432601881
39.498432601881
39.498432601881
39.498432601881
39.498432601881
39.498432601881
39.498432601881
39.8119122257054
39.8119122257054
39.8119122257054
39.8119122257054
39.8119122257054
40.1253918495298
40.4388714733542
40.4388714733542
40.4388714733542
40.4388714733542
40.7523510971785
40.7523510971785
41.0658307210032
41.0658307210032
41.3793103448276
41.3793103448276
41.3793103448276
41.692789968652
42.0062695924766
42.0062695924766
42.0062695924766
42.319749216301
42.319749216301
42.6332288401254
42.9467084639498
42.9467084639498
42.9467084639498
43.2601880877741
43.5736677115988
43.5736677115988
43.8871473354232
44.2006269592476
44.2006269592476
44.2006269592476
44.5141065830723
44.5141065830723
44.5141065830723
45.141065830721
45.141065830721
45.4545454545454
45.7680250783697
46.0815047021944
46.0815047021944
46.3949843260188
46.7084639498432
46.7084639498432
47.0219435736679
47.0219435736679
47.0219435736679
47.0219435736679
47.3354231974922
47.3354231974922
47.6489028213166
47.6489028213166
47.962382445141
47.962382445141
47.962382445141
47.962382445141
47.962382445141
47.962382445141
48.2758620689654
48.2758620689654
48.5893416927901
48.5893416927901
48.5893416927901
48.5893416927901
48.5893416927901
48.9028213166144
48.9028213166144
49.2163009404388
49.2163009404388
49.2163009404388
49.2163009404388
49.5297805642635
49.5297805642635
49.5297805642635
49.8432601880879
49.8432601880879
49.8432601880879
49.8432601880879
49.8432601880879
49.8432601880879
49.8432601880879
50.1567398119122
50.1567398119122
50.4702194357366
50.4702194357366
50.4702194357366
50.4702194357366
50.783699059561
50.783699059561
50.783699059561
50.783699059561
50.783699059561
50.783699059561
51.0971786833857
51.0971786833857
51.0971786833857
51.0971786833857
51.0971786833857
51.0971786833857
51.0971786833857
51.41065830721
51.41065830721
51.41065830721
51.41065830721
51.41065830721
51.41065830721
51.41065830721
51.41065830721
51.7241379310344
51.7241379310344
51.7241379310344
51.7241379310344
51.7241379310344
51.7241379310344
52.0376175548591
52.0376175548591
52.0376175548591
52.0376175548591
52.0376175548591
52.0376175548591
52.0376175548591
52.0376175548591
52.0376175548591
52.3510971786835
52.3510971786835
52.3510971786835
52.3510971786835
52.3510971786835
52.3510971786835
52.3510971786835
52.3510971786835
52.3510971786835
52.3510971786835
52.3510971786835
52.3510971786835
52.3510971786835
52.3510971786835
52.6645768025078
52.6645768025078
52.6645768025078
52.6645768025078
52.6645768025078
52.6645768025078
52.6645768025078
52.6645768025078
52.6645768025078
52.6645768025078
52.9780564263322
52.9780564263322
52.9780564263322
