95.8250497017892
94.1406249999999
86.2254025044722
84.8591549295774
83.5355285961871
81.5566835871404
77.8675282714054
76.7515923566878
76.26582278481
73.4756097560975
73.030303030303
70.9867452135493
66.1179698216735
64.872139973082
62.1134020618556
61.0899873257287
60.705289672544
60.024906600249
58.3535108958837
58.0024067388688
56.4402810304449
54.6485260770975
54.4018058690744
52.7352297592997
52.2210184182015
51.9396551724137
50.9513742071881
50.6834910620399
50.418410041841
49.2339121552604
48.7854251012145
48.3450351053159
47.9125248508946
47.4409448818897
47.2549019607843
47.0703125
46.4354527938342
46.1685823754789
44.9626865671641
44.4649446494464
43.8979963570127
43.5018050541516
42.9590017825311
42.8063943161634
42.2807017543859
41.9130434782608
41.6234887737478
41.1262798634812
40.6408094435075
40.1666666666666
39.3790849673202
39.2508143322475
38.9337641357027
38.4984025559105
37.8335949764521
37.7151799687011
37.3065015479876
36.906584992343
36.7378048780487
36.2406015037594
36.1319340329835
35.8630952380952
35.4933726067746
35.1311953352769
34.8265895953757
34.4778254649499
33.8959212376934
33.4722222222222
33.149931224209
33.0589849108367
32.83378746594
32.523616734143
31.8361955085865
31.6272965879265
31.3394018205461
31.2581063553826
31.1772315653298
31.0567010309278
30.9768637532133
30.8974358974359
30.8184143222506
30.7006369426751
30.6226175349428
30.4292929292929
29.5705521472392
28.6904761904762
28.4533648170011
28.3863368669022
28.2863849765258
28.2201405152225
28.1542056074766
27.9258400926999
27.8290993071593
27.7649769585253
27.7011494252873
27.5428571428571
27.3242630385487
27.0482603815937
26.8973214285714
26.837416481069
26.6888150609081
26.6298342541436
26.5126512651265
26.3676148796499
26.3100436681222
26.1672095548317
26.0259179265658
25.9698275862069
25.7203842049093
25.6656017039403
25.395152792413
25.1041666666666
24.7942386831275
24.6169560776302
24.3434343434343
24.0518962075848
23.9562624254473
23.837784371909
23.7907206317867
23.2177263969171
23.0401529636711
22.7788279773157
22.565543071161
22.1100917431192
21.7509025270758
21.7117117117117
21.556350626118
21.3652482269503
21.1033274956217
20.8838821490468
20.6335616438356
20.5982905982906
20.5281090289608
20.2181208053691
20.1842546063651
19.9173553719008
19.6574225122349
19.5934959349593
19.5616883116883
19.5299837925445
18.7402799377916
18.7111801242236
14.4831730769231
14.2266824085006
13.0552546045504
12.134944612286
11.8602362204724
10.0416666666667
9.15653495440728
8.28748280605226
7.79430789133246
7.2503008423586
6.77727784026996
6.6063596491228
6.28914405010438
6.06747230614299
5.43772563176895
4.57826747720364
4.09863945578231
3.78454773869346
1.60581023454158
1.49577954319762
99.2047713717694
97.4609375000001
89.2665474060823
87.8521126760564
86.4818024263432
84.4331641285956
80.6138933764136
79.4585987261147
78.9556962025317
76.0670731707317
75.6060606060607
73.4904270986746
68.4499314128944
67.1601615074025
64.3041237113402
63.2446134347275
62.8463476070529
62.1419676214197
60.4116222760291
60.0481347773767
58.4309133489462
56.5759637188209
56.3205417607224
54.5951859956237
54.0628385698809
53.771551724138
52.7484143763214
52.4710830704522
52.1966527196653
50.9703779366701
50.506072874494
50.0501504513541
49.6023856858847
49.1141732283465
48.921568627451
48.73046875
48.0732177263969
47.7969348659004
46.5485074626866
46.0332103321033
45.4462659380692
45.0361010830325
44.4741532976827
44.316163410302
43.7719298245614
43.3913043478261
43.0915371329879
42.5767918088737
42.0741989881956
41.5833333333334
40.7679738562092
40.6351791530945
40.3069466882068
39.8562300319489
39.1679748822606
39.0453834115806
38.6222910216718
38.208269525268
38.0335365853659
37.5187969924812
37.4062968515742
37.1279761904762
36.7452135493373
36.3702623906706
36.0549132947977
35.6938483547926
35.0914205344585
34.6527777777778
34.3191196698762
34.2249657064472
33.991825613079
33.6707152496626
32.9590488771466
32.742782152231
32.444733420026
32.360570687419
32.2768434670117
32.1520618556701
32.0694087403599
31.9871794871795
31.9053708439898
31.7834394904459
31.7026683608641
31.5025252525253
30.6134969325154
29.702380952381
29.456906729634
29.3875147232038
29.2840375586855
29.2154566744731
29.1471962616823
28.9107763615296
28.810623556582
28.7442396313364
28.6781609195402
28.5142857142857
28.2879818594105
28.0022446689114
27.8459821428572
27.7839643652561
