89.8969072164949
85.15625
80
77.9964221824687
76.7605633802817
76.2237762237762
71.0097719869707
70.4361873990307
68.9873417721519
67.9127725856698
67.4922600619195
66.4634146341463
66.0606060606061
65.5639097744361
63.8360175695461
62.1082621082621
56.9190600522193
56.5499351491569
55.8974358974359
53.960396039604
53.0413625304136
50.2304147465438
49.714937286203
49.4331065759637
48.9337822671156
48.1767955801105
47.7024070021882
46.9827586206897
44.7638603696099
44.1295546558704
43.9073514602215
43.7311935807422
41.4448669201521
41.0546139359699
40.5204460966543
40.2214022140221
38.3802816901408
38.2456140350877
38.1118881118881
37.7816291161178
37.2013651877133
36.3333333333333
35.6209150326797
35.5048859934853
35.3896103896104
34.4936708860759
34.2229199372057
34.1158059467919
33.5901386748844
33.030303030303
32.4404761904762
31.6860465116279
31.3669064748201
31.0541310541311
30.9659090909091
30.8781869688385
30.7475317348378
30.6610407876231
30.5750350631136
30.4469273743017
30.3621169916435
30.2777777777778
29.4197031039136
29.3405114401077
28.6089238845144
28.5340314136126
28.0205655526992
27.9487179487179
27.7707006369427
27.700127064803
27.6299112801014
27.3869346733668
27.2841051314143
27.1481942714819
27.0471464019851
26.8142681426814
26.7484662576687
26.4563106796117
26.1704681872749
25.6772673733804
25.4672897196262
25.3783469150175
25.260718424102
25.1152073732719
24.8009101251422
24.7165532879819
24.6606334841629
24.6049661399549
24.5219347581552
24.2761692650334
23.982398239824
23.8512035010941
23.6186348862405
23.3654876741693
23.3155080213904
23.2161874334398
23.1422505307856
22.9232386961094
22.7557411273486
22.7083333333333
22.5439503619442
22.267620020429
21.6699801192843
21.5202369200395
21.2062256809339
21.1650485436893
21.0019267822736
20.9213051823417
20.8015267175573
20.6049149338374
20.4119850187266
20.2979515828678
20.2602230483271
20.2226345083488
20.1851851851852
20.0367647058824
19.96336996337
19.926873857404
19.8542805100182
19.7822141560799
19.7463768115942
19.6396396396396
19.6043165467626
19.4991055456172
19.3262411347518
19.1564147627417
19.1228070175439
18.9236111111111
18.8581314878893
18.7285223367698
18.696397941681
18.6006825938567
18.5689948892675
18.5059422750424
18.4121621621622
18.3501683501683
18.2885906040268
18.1364392678869
17.8981937602627
17.7814029363785
17.7524429967427
11.8093174431203
10.0553505535055
7.8757225433526
4.86607142857143
4.03703703703704
2.55149812734082
1.90293296089385
0.320136278195489
0.18552559912854
0.1703125
0.151254440497336
93.6482084690554
92.891760904685
90.9810126582279
89.563862928349
89.0092879256966
87.6524390243903
87.1212121212122
86.4661654135339
84.1874084919473
81.9088319088319
75.0652741514361
74.5784695201038
73.7179487179487
71.1633663366337
69.9513381995134
66.2442396313364
65.5644241733182
65.1927437641724
64.5342312008979
63.53591160221
62.910284463895
61.9612068965517
59.034907597536
58.1983805668016
57.9053373615307
57.6730190571715
54.6577946768061
54.1431261770245
53.4386617100372
53.0442804428044
50.6161971830986
50.4385964912281
50.2622377622378
49.8266897746967
49.061433447099
47.9166666666667
46.9771241830066
46.8241042345277
46.6720779220779
45.4905063291139
45.1334379905809
44.9921752738654
44.2989214175655
43.5606060606061
42.7827380952381
41.7877906976744
41.3669064748202
40.954415954416
40.8380681818182
40.7223796033995
40.5500705218618
40.4360056258791
40.3225806451613
40.1536312849162
40.041782729805
39.9305555555556
38.7989203778678
38.6944818304172
37.7296587926509
37.630890052356
36.9537275064267
36.8589743589744
36.6242038216561
36.5311308767472
36.4385297845374
36.1180904522613
35.982478097622
35.8032378580324
35.6699751861042
35.3628536285363
35.2760736196319
34.8907766990291
34.5138055222089
33.8633686690224
33.5864485981309
33.4691501746217
33.3140208574739
33.1221198156682
32.707622298066
32.5963718820862
32.5226244343892
32.4492099322799
32.3397075365579
32.0155902004455
31.6281628162816
31.4551422319475
31.148429035753
30.8145766345123
30.7486631016043
30.6176783812567
30.5201698513801
30.2313354363828
30.0104384133612
29.9479166666667
29.7311271975181
29.3667007150153
28.5785288270378
28.3810463968411
27.9669260700389
27.9126213592233
27.6974951830443
27.5911708253359
27.4332061068702
27.1739130434783
