0
0
0
13.7184115523465
15.6438026474127
20.4572803850782
24.3080625752105
24.6690734055355
25.7521058965103
25.8724428399519
25.9927797833935
26.1131167268351
26.1131167268351
26.1131167268351
26.3537906137184
26.47412755716
26.47412755716
26.5944645006017
26.5944645006017
26.7148014440434
26.835138387485
26.9554753309266
26.9554753309266
26.9554753309266
26.9554753309266
27.0758122743682
27.0758122743682
27.1961492178098
27.3164861612515
27.3164861612515
27.3164861612515
27.4368231046931
27.4368231046931
27.4368231046931
27.4368231046931
27.4368231046931
27.5571600481347
27.6774969915765
27.6774969915765
27.7978339350181
27.7978339350181
27.9181708784597
27.9181708784597
27.9181708784597
28.0385078219013
28.1588447653429
28.1588447653429
28.2791817087846
28.2791817087846
28.7605294825512
28.8808664259928
29.121540312876
29.2418772563177
29.2418772563177
29.3622141997593
29.3622141997593
29.3622141997593
29.4825511432009
29.4825511432009
29.4825511432009
29.4825511432009
29.6028880866427
29.6028880866427
29.6028880866427
29.7232250300843
29.8435619735259
29.8435619735259
29.8435619735259
29.8435619735259
29.8435619735259
29.9638989169675
29.9638989169675
29.9638989169675
29.9638989169675
30.0842358604091
30.2045728038508
30.3249097472924
30.3249097472924
30.445246690734
30.445246690734
30.445246690734
30.445246690734
30.5655836341758
30.6859205776174
30.6859205776174
30.806257521059
30.806257521059
30.9265944645006
30.9265944645006
30.9265944645006
31.0469314079422
31.0469314079422
31.2876052948255
31.2876052948255
31.2876052948255
31.4079422382671
31.4079422382671
31.4079422382671
31.6486161251505
31.6486161251505
31.7689530685921
31.8892900120337
31.8892900120337
32.0096269554753
32.0096269554753
32.0096269554753
32.0096269554753
32.2503008423586
32.2503008423586
32.3706377858002
32.3706377858002
32.4909747292419
32.7316486161252
32.7316486161252
32.7316486161252
32.7316486161252
32.8519855595668
32.8519855595668
32.8519855595668
32.9723225030084
32.9723225030084
33.2129963898917
33.2129963898917
33.2129963898917
33.453670276775
33.5740072202166
33.6943441636582
33.6943441636582
33.8146811070999
33.8146811070999
33.9350180505415
34.0553549939832
34.0553549939832
34.0553549939832
34.0553549939832
34.1756919374248
34.1756919374248
34.4163658243081
34.5367027677497
34.5367027677497
34.6570397111913
34.6570397111913
34.8977135980745
34.8977135980745
34.8977135980745
35.0180505415163
35.0180505415163
35.0180505415163
35.1383874849579
35.1383874849579
35.1383874849579
35.2587244283995
35.2587244283995
35.2587244283995
35.3790613718412
35.6197352587244
35.740072202166
35.740072202166
35.740072202166
35.9807460890494
36.2214199759326
36.2214199759326
36.5824308062575
36.5824308062575
36.7027677496991
36.8231046931407
36.9434416365825
36.9434416365825
37.3044524669074
37.3044524669074
37.3044524669074
37.424789410349
37.6654632972322
37.6654632972322
37.7858002406738
37.9061371841156
37.9061371841156
37.9061371841156
37.9061371841156
37.9061371841156
38.0264741275572
38.1468110709988
38.2671480144405
38.2671480144405
38.3874849578821
38.3874849578821
38.3874849578821
38.6281588447653
38.6281588447653
38.7484957882069
38.8688327316487
38.8688327316487
39.4705174488568
39.4705174488568
39.4705174488568
39.5908543922984
39.5908543922984
39.71119133574
40.1925391095067
40.3128760529483
40.4332129963899
40.4332129963899
40.5535499398315
40.7942238267148
40.9145607701564
41.034897713598
41.395908543923
41.6365824308062
42.1179302045729
42.2382671480145
42.3586040914561
42.5992779783393
42.8399518652226
43.2009626955476
43.3212996389892
43.4416365824308
43.5619735258724
43.5619735258724
43.5619735258724
43.8026474127557
45.0060168471721
45.1263537906138
45.367027677497
45.367027677497
45.8483754512635
46.0890493381469
46.8110709987966
47.2924187725631
49.3381468110709
49.5788206979543
49.6991576413959
53.309265944645
55.5956678700362
61.251504211793
62.6955475330926
70.1564380264741
75.0902527075812
85.0782190132371
0
0
0
7.71312584573745
8.79566982408657
11.5020297699594
13.6671177266576
13.8700947225981
14.4790257104195
14.5466847090663
14.6143437077131
14.6820027063599
14.6820027063599
14.6820027063599
14.8173207036536
14.8849797023004
14.8849797023004
14.9526387009472
14.9526387009472
15.0202976995941
15.0879566982409
15.1556156968877
15.1556156968877
15.1556156968877
15.1556156968877
15.2232746955345
15.2232746955345
15.2909336941813
15.3585926928282
15.3585926928282
15.3585926928282
15.426251691475
15.426251691475
15.426251691475
15.426251691475
15.426251691475
15.4939106901218
15.5615696887686
15.5615696887686
15.6292286874154
15.6292286874154
15.6968876860622
15.6968876860622
15.6968876860622
15.764546684709
15.8322056833559
15.8322056833559
15.8998646820027
15.8998646820027
16.17050067659
