0
35.71429
19.26407
0
14.8917
8.032491
0
11.16373
79.16103
6.021651
0
9.311512
66.02709
97.2912
5.022573
0
4.858657
34.4523
50.76561
71.61366
73.26266
76.44287
76.67845
87.98587
89.51708
90.10601
91.04829
92.10836
97.5265
2.62073
0
1.618917
11.47959
16.91523
23.86185
24.4113
25.47096
25.54945
29.31711
29.82732
30.02355
30.33752
30.69074
32.49608
33.59498
33.71272
33.79121
33.98744
34.53689
35.12559
35.16484
35.20408
35.24333
35.83203
36.10675
36.22449
36.26374
36.30298
36.45997
36.53846
36.53846
36.85243
36.93093
37.12716
37.44113
37.95133
38.02983
38.06907
38.26531
38.26531
38.54003
38.65777
38.81476
38.97174
39.20722
39.24647
39.32496
39.40345
39.4427
39.59969
39.67818
39.75667
39.9529
39.9529
39.99215
40.0314
40.10989
40.34537
40.34537
40.42386
40.42386
40.58085
40.58085
40.65934
40.73783
40.81633
40.81633
40.81633
40.89482
40.89482
40.89482
41.20879
41.36578
41.44427
41.52276
41.52276
41.52276
41.52276
41.67975
41.75824
41.99372
42.07221
42.15071
42.15071
42.2292
42.30769
42.30769
42.38619
42.38619
42.77865
42.85714
43.01413
43.01413
43.01413
43.09262
43.09262
43.17111
43.24961
43.24961
43.3281
43.48509
43.48509
43.48509
43.56358
43.64207
43.64207
43.64207
43.72057
43.72057
43.79906
43.87755
43.87755
43.95604
43.95604
44.03454
44.03454
44.03454
44.19152
44.19152
44.27002
44.27002
44.27002
44.427
44.427
44.50549
44.50549
44.50549
44.58399
44.58399
44.58399
44.58399
44.58399
44.58399
44.66248
44.74097
44.74097
44.74097
44.81947
44.81947
44.89796
44.97645
45.05495
45.13344
45.13344
45.13344
45.21193
45.29042
45.29042
45.29042
45.29042
45.36892
45.44741
45.44741
45.44741
45.44741
45.5259
45.5259
45.5259
45.6044
45.6044
45.6044
45.6044
45.68289
45.83987
45.83987
45.91837
45.99686
45.99686
45.99686
45.99686
46.07535
46.07535
46.15385
46.15385
46.23234
46.23234
46.31083
46.38932
46.38932
46.38932
46.38932
46.46782
46.54631
46.54631
46.54631
46.6248
46.6248
46.7033
46.7033
46.7033
46.78179
46.78179
46.78179
46.78179
46.86028
46.86028
46.86028
46.86028
46.93878
46.93878
46.93878
46.93878
47.01727
47.01727
47.09576
47.09576
47.09576
47.17425
47.17425
47.17425
47.25275
47.33124
47.33124
47.33124
47.33124
47.33124
47.40973
47.40973
47.40973
47.40973
47.40973
47.40973
47.48823
47.48823
47.48823
47.48823
47.48823
47.48823
47.56672
47.56672
47.56672
47.64521
47.64521
47.64521
47.64521
47.7237
47.8022
47.88069
47.88069
47.88069
47.88069
47.88069
47.88069
47.88069
47.95918
47.95918
47.95918
47.95918
47.95918
48.03768
48.03768
48.03768
48.03768
48.11617
48.11617
48.11617
48.11617
48.19466
