92.20779
96.5368
97.4026
99.1342
23.07692
24.16035
24.37703
24.8104
25.24377
25.24377
25.46046
25.89382
25.89382
25.89382
26.21885
26.21885
26.21885
26.32719
26.43554
26.43554
26.54388
26.65222
26.86891
26.86891
26.86891
26.97725
27.08559
27.19393
27.30228
27.30228
27.41062
27.51896
27.51896
27.51896
27.73564
27.84399
27.84399
27.84399
27.95233
27.95233
27.95233
27.95233
28.06067
28.06067
28.06067
28.06067
28.06067
28.16901
28.16901
28.16901
28.27736
28.27736
28.27736
28.3857
28.3857
28.49404
28.49404
28.60238
28.71073
28.71073
28.81907
28.81907
28.81907
28.92741
29.03575
29.03575
29.03575
29.03575
29.03575
29.1441
29.1441
29.1441
29.25244
29.36078
29.46912
29.46912
29.46912
29.57746
29.68581
29.79415
29.90249
29.90249
30.01083
30.01083
30.01083
30.11918
30.11918
30.11918
30.11918
30.11918
30.22752
30.22752
30.33586
30.33586
30.4442
30.66089
30.66089
30.66089
30.66089
30.76923
30.76923
30.76923
30.87757
30.98592
31.2026
31.2026
31.2026
31.2026
31.2026
31.31094
31.31094
31.52763
31.52763
31.63597
31.63597
31.63597
31.63597
31.63597
31.63597
31.74431
31.74431
31.74431
31.74431
31.74431
31.74431
31.74431
31.85265
31.85265
31.961
32.06934
32.06934
32.06934
32.06934
32.06934
32.39437
32.50271
32.50271
32.61105
32.61105
32.71939
32.71939
32.71939
32.71939
32.82774
32.93608
33.04442
33.04442
33.15276
33.15276
33.26111
33.36945
33.36945
33.36945
33.36945
33.36945
33.47779
33.47779
33.58613
33.58613
33.69447
33.69447
33.80282
33.80282
33.80282
33.91116
34.0195
34.0195
34.0195
34.23619
34.23619
34.23619
34.34453
34.34453
34.56121
34.56121
34.56121
34.7779
34.7779
34.7779
34.99458
34.99458
35.10293
35.21127
35.53629
35.64464
35.64464
35.75298
35.75298
35.75298
35.75298
35.86132
35.96966
36.29469
36.29469
36.40303
36.94475
37.05309
37.05309
37.05309
37.37811
37.37811
37.5948
37.70314
37.70314
38.3532
38.78657
39.00325
39.32828
39.54496
39.6533
39.6533
39.6533
39.76165
39.76165
39.86999
39.86999
40.08667
40.08667
40.19502
40.30336
40.4117
40.52004
40.52004
40.84507
40.84507
41.38678
41.60347
41.82015
41.82015
41.92849
42.03684
42.03684
42.03684
42.14518
42.36186
42.47021
42.57855
43.12026
43.55363
43.55363
43.66197
43.66197
43.87866
44.09534
44.52871
44.7454
45.07042
45.39545
45.39545
45.72048
45.93716
46.26219
46.37053
46.91224
47.12893
47.23727
47.34561
47.34561
47.34561
47.45395
47.88732
48.21235
50.81257
51.13759
53.52113
54.38787
61.32178
61.75515
64.03034
65.87216
69.66414
72.91441
89.59913
9.611913
10.06318
10.15343
10.33394
10.51444
10.51444
10.60469
10.7852
10.7852
10.7852
10.92058
10.92058
10.92058
10.9657
11.01083
