0
0
0
0
0
0
0
25.50432
29.97118
31.84438
32.56484
32.56484
32.70893
32.99712
33.14121
33.2853
33.57349
33.71758
33.86167
33.86167
33.86167
34.00576
34.00576
34.14986
34.14986
34.43804
34.43804
34.58213
34.58213
35.30259
35.30259
35.44669
35.44669
35.44669
35.59078
35.59078
35.73487
35.73487
35.73487
35.73487
35.73487
35.73487
35.73487
35.87896
35.87896
35.87896
35.87896
36.02305
36.02305
36.16715
36.16715
36.31124
36.31124
36.45533
36.45533
36.45533
36.74352
36.88761
37.0317
37.0317
37.0317
37.17579
37.17579
37.46398
37.60807
37.75216
37.75216
37.75216
37.75216
38.04035
38.04035
38.18444
38.18444
38.32853
38.32853
38.32853
38.32853
38.32853
38.47262
38.47262
38.61671
38.61671
38.9049
38.9049
38.9049
39.04899
39.19308
39.33718
39.33718
39.48127
39.48127
39.76945
39.91354
39.91354
40.05764
40.20173
40.20173
40.34582
40.48991
40.63401
40.7781
40.7781
40.7781
40.7781
40.92219
40.92219
41.06628
41.21037
41.35447
41.35447
41.49856
41.64265
41.78674
41.93084
42.07493
42.07493
42.07493
42.21902
42.21902
42.5072
42.93948
42.93948
43.22767
43.22767
43.37176
43.37176
43.37176
43.51585
43.51585
43.65994
43.65994
44.3804
44.5245
44.5245
44.66859
44.66859
44.81268
44.95677
44.95677
45.10086
45.10086
45.38905
45.53314
45.53314
45.82133
46.10951
46.10951
46.10951
46.10951
46.54179
46.97406
47.11816
47.11816
47.26225
47.26225
47.40634
47.40634
47.55043
48.1268
48.1268
48.27089
49.13545
49.27954
50
50.14409
50.57637
50.57637
50.57637
50.86455
50.86455
51.15274
51.44092
51.8732
52.73775
53.31412
53.45821
53.7464
54.03458
54.32277
54.32277
55.4755
55.4755
57.06052
57.3487
57.3487
57.4928
59.2219
59.79827
60.80692
61.23919
61.52738
61.81556
62.10375
62.24784
62.82421
64.55331
64.69741
67.86744
70.02882
71.75793
72.1902
73.05476
79.25072
91.78674
99.13545
2.017291
0
0
0
0
0
0
0
21.29964
25.03008
26.59446
27.19615
27.19615
27.31649
27.55716
27.6775
27.79783
28.03851
28.15884
28.27918
28.27918
28.27918
28.39952
28.39952
28.51986
28.51986
28.76053
28.76053
28.88087
28.88087
29.48255
29.48255
29.60289
29.60289
29.60289
29.72323
29.72323
29.84356
29.84356
29.84356
29.84356
29.84356
29.84356
29.84356
29.9639
29.9639
29.9639
29.9639
30.08424
30.08424
30.20457
30.20457
30.32491
30.32491
30.44525
30.44525
30.44525
30.68592
30.80626
30.92659
30.92659
30.92659
31.04693
31.04693
31.28761
31.40794
31.52828
31.52828
31.52828
31.52828
31.76895
31.76895
31.88929
31.88929
32.00963
32.00963
32.00963
32.00963
32.00963
32.12996
32.12996
32.2503
32.2503
