0
16.17834
42.61146
72.86624
84.20382
88.28025
93.12102
0
15.62116
41.14391
70.3567
81.30381
85.23985
89.9139
0
12.5
32.92323
56.29921
65.05906
68.20866
71.94882
0
2.593954
6.832108
11.68301
13.50082
14.15441
14.93056
22.58987
25.4902
25.93954
26.30719
26.91993
31.4951
33.25163
33.78268
34.51797
34.55882
34.72222
34.92647
35.25327
35.66176
35.66176
35.70261
35.74346
35.82516
35.90686
36.02941
36.15196
36.35621
36.43791
36.51961
36.56046
36.60131
36.76471
37.0098
37.1732
37.21405
37.3366
37.37745
37.37745
37.5817
37.70425
37.70425
37.70425
37.7451
37.7451
37.8268
37.86765
37.9085
38.11275
38.15359
38.19444
38.23529
38.64379
38.68464
38.80719
38.84804
38.84804
38.92974
38.92974
38.92974
38.97059
38.97059
38.97059
39.01144
39.05229
39.17484
39.37908
39.37908
39.46078
39.46078
39.46078
39.50163
39.54248
39.58333
39.74673
39.74673
39.82843
39.82843
39.91013
39.95098
40.07353
40.15523
40.19608
40.23693
40.23693
40.40033
40.40033
40.48203
40.48203
40.48203
40.52288
40.56373
40.60458
40.64542
40.80882
40.84967
40.93137
40.93137
40.93137
40.97222
40.97222
41.01307
41.13562
41.17647
41.17647
41.17647
41.33987
41.38072
41.38072
41.38072
41.38072
41.42157
41.46242
41.50327
41.50327
41.54412
41.58497
41.66667
41.66667
41.66667
41.70752
41.74837
41.74837
41.78922
41.78922
41.83007
41.83007
41.83007
41.91176
41.91176
41.91176
41.91176
41.99346
41.99346
41.99346
41.99346
42.07516
42.15686
42.15686
42.15686
42.23856
42.23856
42.23856
42.32026
42.32026
42.32026
42.32026
42.40196
42.40196
42.40196
42.40196
42.40196
42.48366
42.48366
42.48366
42.56536
42.56536
42.56536
42.56536
42.64706
42.64706
42.64706
42.64706
42.64706
42.64706
42.72876
42.72876
42.72876
42.81046
42.81046
42.81046
42.81046
42.89216
42.89216
42.89216
42.89216
42.97386
43.05556
43.05556
43.05556
43.13725
43.13725
43.13725
43.13725
43.21895
43.21895
43.21895
43.21895
43.30065
43.30065
43.30065
43.30065
43.30065
43.38235
43.38235
43.38235
43.38235
43.38235
43.46405
43.46405
43.46405
43.54575
43.54575
43.62745
43.62745
43.70915
43.70915
43.70915
43.79085
43.79085
43.79085
43.87255
43.87255
43.87255
43.95425
43.95425
43.95425
43.95425
43.95425
44.03595
44.03595
44.03595
44.03595
44.03595
44.03595
44.03595
44.03595
44.11765
44.11765
44.19935
44.28105
44.28105
44.28105
44.28105
44.36275
44.36275
44.36275
44.36275
44.44444
44.44444
44.44444
44.44444
44.52614
44.52614
44.52614
44.52614
44.52614
44.52614
44.60784
44.60784
44.60784
44.60784
44.60784
44.60784
44.68954
44.68954
44.68954
44.68954
44.68954
44.68954
44.77124
44.77124
44.77124
44.77124
44.77124
44.77124
