89.0660592255126
88.2618510158014
80.618556701031
73.6346516007534
67.1821305841925
66.1590524534687
65.6040268456376
64.2036124794746
61.867088607595
60.0614439324117
58.796992481203
58.4454409566518
58.0118694362018
57.2474377745242
56.8313953488373
56.0975609756098
55.6980056980057
53.2697547683924
51.9946808510639
51.6512549537649
50.7133592736706
49.8089171974523
48.936170212766
47.8580171358629
46.7703349282297
46.5476190476191
46.2721893491125
45.3070683661646
45.0460829493088
44.1309255079007
43.8832772166106
43.4444444444445
42.5462459194777
42.3618634886241
40.7291666666667
39.2176529588767
39.0219560878244
38.8667992047714
38.484251968504
37.3091603053435
37.1673003802282
36.473880597015
36.3382899628253
35.6102003642987
35.28880866426
34.8484848484849
34.5406360424029
34
33.4760273972603
32.6923076923077
32.2075782537068
32.1018062397373
31.9444444444445
31.4814814814815
30.5946791862285
30.4517133956387
30.2631578947369
29.6212121212121
29.3103448275862
29.2227204783259
28.9201183431953
28.4985422740525
28.4156976744186
28.2514450867052
27.7698863636364
27.4964838255978
27.4193548387097
27.1527777777778
27.0775623268698
26.4546684709067
26.0666666666667
25.6561679790026
25.5890052356021
25.5221932114883
25.4226267880364
25.2910737386805
24.9044585987261
24.8411689961881
24.5603015075377
24.346201743462
24.2555831265509
24.1955445544555
23.9877300613497
23.9290085679315
23.8705738705739
23.7834549878346
23.6682808716707
23.5826296743064
23.52587244284
23.3293556085919
22.9460093896714
22.7590221187427
22.5230414746544
22.4712643678161
22.3940435280642
21.8191964285714
21.3894967177243
21.3427947598253
21.180931744312
21.0215053763441
20.9090909090909
20.7097457627119
20.3645833333333
20.3011422637591
20.1754385964912
20.1131687242799
19.7874493927126
19.7474747474748
19.5695695695696
19.5109780439122
19.2991115498519
19.1666666666667
19.0175097276265
18.8706563706564
18.7260536398468
18.6545801526718
18.6190476190476
18.374060150376
18.3052434456929
18.2029795158287
18.1018518518519
17.96875
17.9357798165138
17.9029304029304
17.8702010968922
17.8375912408759
17.7083333333333
17.6763110307414
17.5809352517986
17.5493716337523
17.4865831842576
17.4242424242424
17.3932384341637
17.331560283688
17.2703180212014
17.1491228070176
17.0891608391609
16.9704861111111
16.8244406196214
16.7667238421956
16.7380136986301
16.6808873720137
16.456228956229
16.3735343383585
16.3461538461539
16.2916666666667
16.1303630363036
15.8943089430894
15.8685064935065
15.6650641025641
15.5901116427432
15.515873015873
15.4912836767037
15.4667721518987
15.3937007874016
15.1550387596899
14.9009146341464
14.8330804248862
14.8106060606061
14.7881996974282
14.7658610271903
13.9046941678521
9.41714836223507
9.20433145009417
8.29796264855688
1.77083333333333
1.48646593673966
1.43581081081081
97.9498861047837
97.0654627539504
88.6597938144331
80.979284369115
73.8831615120276
72.7580372250424
72.1476510067115
70.6075533661741
68.0379746835444
66.05222734255
64.6616541353384
64.2750373692079
63.7982195845698
62.9575402635433
62.5000000000001
61.6929698708752
61.2535612535613
58.58310626703
57.1808510638298
56.8031704095113
55.7717250324255
54.7770700636943
53.8172715894869
52.6315789473685
51.4354066985647
51.1904761904763
50.8875739644971
49.8261877172654
49.5391705069125
48.5327313769752
48.260381593715
47.7777777777778
46.7899891186072
46.5872156013002
44.7916666666667
43.1293881644935
42.9141716566867
42.7435387673957
42.3228346456693
41.0305343511451
40.8745247148289
40.1119402985075
39.9628252788105
39.1621129326048
38.8086642599278
38.3244206773619
37.9858657243817
37.3913043478261
36.8150684931507
35.9531772575251
35.4200988467875
35.3037766830871
35.1307189542484
34.621578099839
33.6463223787168
33.4890965732088
33.2817337461301
32.5757575757576
32.2338830584708
32.1375186846039
31.8047337278107
31.3411078717202
31.25
31.0693641618497
30.5397727272728
30.2390998593531
30.1542776998598
29.8611111111111
29.7783933518006
29.0933694181326
28.6666666666667
28.2152230971129
28.1413612565445
28.0678851174935
27.9583875162549
27.8137128072445
27.3885350318472
27.3189326556544
27.0100502512563
26.774595267746
26.6749379652606
26.6089108910891
26.3803680981595
26.3157894736842
26.2515262515263
26.1557177615572
26.0290556900727
25.934861278649
25.8724428399519
25.6563245823389
25.2347417840376
25.0291036088475
24.7695852534562
24.7126436781609
24.6277205040092
23.9955357142857
23.5229759299781
23.471615720524
23.2936078006501
23.1182795698925
22.9946524064171
22.7754237288136
22.3958333333334
22.3260643821392
22.18782249742
22.119341563786
21.7611336032389
21.7171717171717
21.5215215215215
21.4570858283433
21.2240868706812
21.078431372549
20.9143968871596
20.7528957528958
20.5938697318008
20.5152671755725
20.4761904761905
20.2067669172933
20.1310861423221
20.0186219739293
