86.8231046931407
86.0465116279069
80.1666666666666
77.7059773828756
75.5102040816326
72.3308270676691
69.9127906976744
68.1303116147308
66.3448275862069
65.9807956104252
63.1233595800525
61.6666666666666
61.2738853503184
60.9632446134347
60.5793450881612
60.2002503128911
59.9003735990037
59.1635916359163
58.5158150851581
57.8820697954272
57.2619047619047
56.9230769230769
56.6548881036513
55.7358053302433
55.0973654066437
54.2889390519187
52.9152915291529
52.3394994559303
49.6388028895769
48.9318413021363
48.6842105263158
47.5766567754698
46.0727969348659
45.722433460076
45.2919020715631
44.7026022304832
43.9670932358318
43.4115523465704
42.4911660777385
41.5371329879102
41.0409556313993
40.8319185059422
40.5564924114671
40.3523489932886
40.2173913043478
40.0833333333333
39.7520661157025
39.297385620915
38.7278582930757
38.296178343949
38.1746031746031
37.7551020408163
37.6369327073552
36.5501519756839
36.0569715142429
35.419734904271
35.3157121879589
34.7543352601156
34.6043165467626
34.5050215208034
34.2592592592592
33.9210155148096
33.5893854748603
33.1724137931034
32.6766304347826
32.5439783491204
32.3687752355316
32.1524064171123
31.8543046357616
31.6864295125165
31.5616797900262
31.479057591623
31.2743823146944
31.1125485122898
30.8333333333333
30.3661616161616
30.2896725440806
29.7648514851485
29.4369645042839
29.1868932038835
29.1162227602905
28.5290628706999
28.2276995305164
28.0957943925233
27.9976717112922
27.9326364692218
27.7713625866051
27.7073732718894
27.6436781609195
27.4857142857143
26.5745856353591
26.3129102844639
26.2554585152838
26.056338028169
25.9719222462203
25.9159482758621
25.8602150537634
25.7219251336898
25.2360965372508
25.1569037656904
25.1043841336117
24.9222797927461
24.5658835546476
24.5158002038736
24.3914807302231
24.3421052631579
24.001996007984
23.9541832669323
23.578431372549
23.5092864125122
23.3495145631068
23.2591876208897
22.9923518164436
22.9484732824427
22.9047619047619
22.861216730038
22.688679245283
22.6033834586466
22.5187265917603
22.3929236499069
22.3513011152416
22.2273567467652
22.1863468634686
22.1047794117647
22.0642201834862
21.9034608378871
21.8239564428312
21.7450271247739
21.6666666666667
21.3967971530249
21.2455830388692
21.2081128747795
21.1707746478873
21.0227272727273
20.8767361111111
20.697074010327
20.5907534246575
20.5204778156996
20.4159592529711
20.3813559322034
20.3125
20.2782462057335
20.0751252086811
19.9750830564784
19.908940397351
19.8760330578512
19.7779605263158
19.6808510638298
19.6166394779771
19.5528455284553
19.4894651539708
19.4264943457189
19.3327974276527
19.3017656500802
19.2708333333333
19.2092651757188
19.1786283891547
19.0268987341772
18.701399688958
18.6723602484472
18.6434108527132
18.6145510835913
18.5285053929122
17.2772988505747
14.4705174488568
13.0281690140845
11.3229755178908
9.13753799392097
6.1289500509684
5.72619047619047
5.4264440433213
5.21013864818024
4.77941176470588
4.49364723467862
4.41446402349486
4.30694842406877
4.27024147727272
4.23415492957746
4.00833333333333
3.88906856403622
3.8296178343949
3.64393939393939
3.45149253731343
88.086642599278
87.298747763864
81.3333333333333
78.8368336025848
76.6091051805338
73.3834586466165
70.9302325581395
69.1218130311615
67.3103448275862
66.9410150891632
64.0419947506562
62.5641025641026
62.1656050955414
61.850443599493
61.4609571788413
61.0763454317897
60.772104607721
60.0246002460025
59.367396593674
58.7244283995186
58.0952380952381
57.7514792899408
57.4793875147232
56.5469293163384
55.8991981672394
55.079006772009
53.6853685368537
53.10119695321
50.3611971104231
49.6439471007121
49.3927125506073
48.269040553907
46.7432950191571
46.3878326996198
45.9510357815443
45.3531598513011
44.6069469835466
44.043321299639
43.1095406360424
42.1416234887737
41.6382252559727
41.4261460101868
41.1467116357504
40.9395973154362
40.8026755852843
40.6666666666667
40.3305785123967
39.8692810457516
39.2914653784219
38.8535031847134
38.7301587301587
38.3045525902669
38.1846635367762
37.0820668693009
36.5817091454273
35.9351988217968
35.8296622613803
35.2601156069364
35.1079136690648
35.0071736011478
34.7578347578348
34.4146685472496
34.0782122905028
33.6551724137931
33.1521739130435
33.0175913396482
32.8398384925976
32.620320855615
32.317880794702
32.1475625823452
32.0209973753281
31.9371727748691
31.7295188556567
31.5653298835705
31.2820512820513
30.8080808080808
30.7304785894207
30.1980198019802
29.8653610771114
29.6116504854369
29.5399515738499
28.944246737841
28.6384976525822
28.5046728971963
28.4051222351572
28.3391405342625
28.175519630485
28.110599078341
28.0459770114943
27.8857142857143
26.9613259668508
26.6958424507659
26.6375545851528
26.4355362946912
26.3498920086393
26.2931034482759
26.2365591397849
26.096256684492
25.6033578174187
25.5230125523013
25.4697286012526
25.2849740932642
24.923391215526
