0
0
0
0
0
0
81.81818
93.07359
96.5368
0
0
0
0
0
0
34.11552
38.80866
40.25271
42.05776
42.05776
42.23827
42.23827
42.23827
42.59928
42.77978
42.77978
42.77978
43.14079
43.3213
43.50181
43.86282
43.86282
44.04332
44.22383
44.22383
44.22383
44.22383
44.40433
44.40433
44.40433
44.58484
44.58484
44.58484
44.58484
44.58484
44.76534
44.76534
44.76534
44.76534
44.76534
44.76534
44.94585
44.94585
45.12635
45.30686
45.30686
45.30686
45.30686
45.30686
45.30686
45.30686
45.48736
45.48736
45.48736
45.48736
45.66787
45.66787
45.66787
45.84838
45.84838
45.84838
45.84838
46.02888
46.02888
46.02888
46.02888
46.20939
46.20939
46.20939
46.20939
46.20939
46.20939
46.20939
46.20939
46.20939
46.20939
46.20939
46.38989
46.38989
46.38989
46.38989
46.5704
46.5704
46.5704
46.5704
46.5704
46.7509
46.7509
46.7509
46.7509
46.7509
46.7509
46.7509
46.93141
46.93141
46.93141
47.11191
47.11191
47.11191
47.11191
47.11191
47.29242
47.29242
47.29242
47.29242
47.47292
47.47292
47.47292
47.47292
47.47292
47.47292
47.47292
47.47292
47.47292
47.47292
47.47292
47.47292
47.47292
47.47292
47.65343
47.65343
47.65343
47.65343
47.65343
47.65343
47.83394
47.83394
47.83394
47.83394
47.83394
47.83394
48.01444
48.01444
48.01444
48.01444
48.01444
48.19495
48.19495
48.19495
48.19495
48.19495
48.19495
48.19495
48.19495
48.19495
48.37545
48.37545
48.37545
48.37545
48.37545
48.37545
48.37545
48.37545
48.37545
48.37545
48.37545
48.55596
48.55596
48.55596
48.55596
48.55596
48.55596
48.55596
48.73646
48.73646
48.73646
48.73646
48.73646
48.73646
48.73646
48.91697
48.91697
48.91697
48.91697
48.91697
48.91697
48.91697
48.91697
48.91697
49.09747
49.09747
49.09747
49.09747
49.09747
49.09747
49.09747
49.09747
49.27798
49.27798
49.27798
49.27798
49.27798
49.45848
49.45848
49.45848
49.45848
49.45848
49.45848
49.45848
49.45848
49.45848
49.63899
49.63899
49.63899
49.63899
49.63899
49.63899
49.63899
49.63899
49.81949
49.81949
49.81949
49.81949
49.81949
49.81949
49.81949
49.81949
49.81949
49.81949
49.81949
50
50
50
50
50
50
50
50
50
50.18051
50.18051
50.18051
50.18051
50.18051
50.18051
50.18051
50.18051
50.18051
50.18051
50.18051
50.18051
50.18051
50.18051
50.18051
50.36101
50.36101
50.36101
50.36101
50.36101
50.36101
50.36101
50.36101
50.36101
50.36101
50.36101
50.36101
50.54152
50.54152
50.54152
50.54152
50.54152
50.54152
50.54152
50.54152
50.54152
50.54152
50.72202
50.72202
50.72202
50.72202
50.72202
50.72202
50.72202
50.72202
50.72202
50.72202
50.72202
50.72202
