99.1902834008096
98.196392785571
95.7031249999999
90.7407407407406
86.2676056338027
84.9220103986134
84.1924398625429
82.9103214890016
81.6666666666666
80.99173553719
80.4597701149424
78.0254777070063
75.268817204301
65.159574468085
63.1443298969071
61.0211706102116
59.322033898305
57.7149587750294
57.0430733410942
56.1282932416952
54.1436464088397
53.0877573131094
52.0169851380042
50.7772020725388
50.5675954592363
49.8474059003051
48.4668644906033
48.0392156862745
46.9348659003831
46.3137996219281
44.0647482014388
43.8282647584973
43.6720142602495
43.5168738898756
42.6086956521739
41.4551607445008
40.9698996655518
40.495867768595
39.9022801302931
38.7658227848101
38.5826771653543
38.4615384615384
38.3411580594679
38.1619937694704
38.0434782608695
37.9256965944272
37.7503852080123
36.8421052631579
36.6218236173393
36.4583333333333
35.8711566617862
35.5072463768116
35.4046242774566
34.7025495750708
33.9335180055401
33.7001375515818
33.6076817558299
33.2880434782608
33.1529093369418
32.4503311258278
31.8595578673602
31.7769130998703
31.6946959896507
31.4910025706941
31.3299232736573
31.130876747141
30.9343434343434
30.5105853051058
30.3970223325062
30.0613496932515
29.9877600979192
29.8053527980535
29.3062200956937
29.236276849642
28.6885245901639
28.6214953271028
28.5215366705471
28.2258064516129
27.5590551181102
27.4971941638608
27.34375
27.28285077951
27.1317829457364
26.6594124047878
26.0915867944622
26.0084925690021
25.8166491043203
25.7082896117523
25.6276150627615
25.5741127348643
25.2837977296181
25.2057613168724
25.1540041067762
24.9745158002038
24.6727089627391
24.6231155778894
24.3538767395626
24.2814667988107
24.1855873642645
23.9491691104594
23.7403100775194
23.6943907156673
23.3778625954198
23.1132075471698
22.9831144465291
22.940074906367
22.7695167286245
22.7272727272727
22.6014760147601
22.4770642201835
22.4358974358974
22.1920289855072
22.1518987341772
22.1119133574007
22.0323741007194
21.9141323792486
21.875
21.8360071301248
21.797153024911
21.643109540636
21.4912280701754
21.4535901926445
21.3043478260869
21.2673611111111
21.1571675302245
21.0843373493976
21.0481099656357
20.6576728499157
20.6228956228956
20.4849498327759
20.4507512520868
20.3488372093023
20.2479338842975
20.2145214521452
20.1812191103789
20.1480263157895
19.7262479871175
19.6314102564102
19.5686900958466
19.5374800637958
19.1107644305772
18.6737804878049
18.5887708649469
18.560606060606
18.5325264750378
18.5045317220544
17.7023121387283
17.425320056899
14.344262295082
12.3363544813696
11.0559566787003
10.3989813242784
10.0081699346405
9.83146067415729
8.03805774278214
7.47863247863247
6.80555555555555
6.71600877192982
6.24362895005096
6.16817724068479
5.95817120622567
5.10416666666666
4.61219879518072
4.24757281553398
3.63285883748517
3.03217821782178
2.33778625954198
2.13861731843575
1.70707915273132
1.64827771797632
98.2421875000001
93.1481481481482
88.5563380281691
87.1750433275564
86.426116838488
85.1099830795263
83.8333333333334
83.1404958677686
82.5944170771757
80.0955414012739
77.2657450076805
66.8882978723405
64.819587628866
62.640099626401
60.8958837772397
59.2461719670201
58.5564610011642
57.6174112256587
55.5801104972376
54.4962080173348
53.3970276008493
52.1243523316062
51.9091847265222
51.1698880976603
49.7527200791296
49.3137254901961
48.1800766283525
47.5425330812855
45.2338129496403
44.9910554561718
44.8306595365419
44.6714031971581
43.7391304347826
42.5549915397631
42.056856187291
41.5702479338843
40.9609120521173
39.7943037974684
39.6062992125985
39.4819466248038
39.358372456964
39.1744548286605
39.0527950310559
38.9318885448917
38.7519260400617
37.8195488721805
37.593423019432
37.4255952380953
36.8228404099561
36.4492753623189
36.3439306358382
35.6232294617564
34.8337950138504
34.5942228335626
34.4993141289438
34.1711956521739
34.0324763193505
33.3112582781457
32.704811443433
32.6199740596628
32.5355756791721
32.3264781491003
32.1611253196931
31.9567979669632
31.7550505050505
31.3200498132005
31.2034739454094
30.8588957055215
30.7833537331702
30.5961070559611
30.0837320574163
30.0119331742244
29.4496487119438
29.3808411214953
29.2782305005821
28.9746543778802
28.2902137232846
