82.2898032200358
77.834179357022
76.6666666666667
76.0330578512397
64.6976090014065
63.1001371742112
60.7661822985469
60.3674540682415
60.0522193211488
58.974358974359
57.9345088161209
56.5805658056581
56.3035495716034
55.9610705596107
55.3549939831528
54.1813898704358
53.864168618267
53.3024333719583
52.4515393386545
51.6273849607183
51.3392857142857
50.828729281768
50.6050605060506
50.0544069640914
49.8374864572048
49.5689655172414
49.0928495197439
47.4716202270382
46.9867211440245
46.1384152457372
44.921875
43.7262357414449
42.5925925925926
41.3669064748201
40.8525754884547
40.4929577464789
40.3508771929825
40
39.2491467576792
38.7858347386172
37.8912685337727
37.4592833876222
37.037037037037
36.624203821656
36.5079365079365
36.1067503924647
35.7142857142857
34.9544072948328
34.8484848484849
34.7432024169184
34.5864661654135
34.3796711509716
34.2261904761905
34.0236686390533
33.7738619676946
33.6749633967789
32.9985652797704
32.7635327635328
32.6704545454545
32.4400564174894
32.122905027933
31.8559556786704
31.7241379310345
31.5500685871056
31.3351498637602
31.25
30.9555854643338
30.8310991957105
30.7486631016043
30.5851063829787
30.0261096605744
29.9089726918075
29.7542043984476
29.5629820051414
29.4871794871795
29.4117647058824
28.9672544080605
28.7859824780976
28.7141073657928
27.511961722488
27.3809523809524
26.9320843091335
26.4976958525346
26.3459335624284
26.2257696693273
26.0770975056689
25.7558790593505
25.6696428571429
25.5555555555556
25.3025302530253
25.1091703056769
24.8380129589633
24.6516613076099
24.5989304812834
24.5464247598719
24.4941427050053
24.416135881104
24.2360379346681
24.1850683491062
24.0585774058577
23.5655737704918
23.2793522267206
23.2323232323232
23.0692076228686
22.9083665338645
22.6377952755905
22.5933202357564
22.5490196078431
22.4828934506354
22.4609375
22.3735408560311
22.2007722007722
22.1579961464355
22.0306513409962
21.9885277246654
21.8631178707224
21.8216318785579
21.7391304347826
21.6572504708098
21.6165413533835
21.5759849906191
21.5355805243446
21.455223880597
21.3754646840149
21.3358070500928
21.2569316081331
21.1397058823529
21.1009174311927
21.0622710622711
20.8711433756806
20.8333333333333
20.7956600361664
20.5724508050089
20.4991087344029
20.3180212014134
20.1401050788091
20.1048951048951
19.8961937716263
19.7594501718213
19.7255574614065
19.6245733788396
19.4915254237288
19.4256756756757
19.1666666666667
19.1029900332226
18.976897689769
18.7908496732026
18.7601957585644
18.7296416938111
18.6385737439222
18.578352180937
18.5185185185185
18.4887459807074
18.4590690208668
18.4294871794872
18.312101910828
18.2829888712242
18.2250396196513
17.9968701095462
17.8849144634526
17.8571428571429
17.8294573643411
17.7195685670262
17.6923076923077
17.6651305683564
17.6110260336907
16.7638483965015
13.1128848346636
10.6088560885609
10.1590106007067
9.05511811023622
8.90092879256966
6.30482456140351
5.86136595310907
2.98236514522822
1.74878345498783
82.8264758497317
78.34179357022
77.1666666666667
76.5289256198348
65.1195499296766
63.5116598079561
61.1624834874505
60.7611548556431
60.4438642297651
59.3589743589744
58.3123425692696
56.949569495695
56.670746634027
56.3260340632604
55.7160048134778
54.5347467608952
54.2154566744731
53.6500579374276
52.793614595211
51.9640852974187
51.6741071428572
51.1602209944752
50.935093509351
50.3808487486399
50.1625135427953
49.8922413793104
49.4130202774814
47.781217750258
47.2931562819204
46.4393179538616
45.21484375
44.0114068441065
42.8703703703704
41.636690647482
41.1190053285968
40.7570422535212
40.6140350877193
40.2608695652174
39.5051194539249
39.0387858347386
38.1383855024712
37.7035830618893
37.2785829307569
36.8630573248408
36.7460317460318
36.3422291993721
35.9472049689441
35.1823708206687
35.0757575757576
34.9697885196375
34.812030075188
34.6038863976084
34.4494047619048
34.2455621301775
33.9941262848752
33.8945827232797
33.2137733142037
32.977207977208
32.8835227272727
32.6516220028209
32.3324022346369
32.0637119113574
31.9310344827586
31.7558299039781
31.5395095367848
31.4538043478261
31.1574697173621
31.0321715817695
30.9491978609626
30.7845744680851
30.2219321148825
30.1040312093628
29.9482535575679
29.7557840616967
29.6794871794872
29.6035805626599
29.1561712846348
28.9737171464331
28.9013732833958
27.6913875598086
27.5595238095238
27.1077283372366
26.6705069124424
26.5177548682703
26.3968072976055
26.2471655328798
25.9238521836506
25.8370535714286
25.7222222222222
25.4675467546755
25.2729257641922
25
24.8124330117899
24.7593582887701
24.7065101387407
24.653887113951
24.5753715498939
24.3940990516333
24.3427970557308
24.2154811715481
23.719262295082
23.4311740890688
23.3838383838384
23.2196589769308
23.0577689243028
22.7854330708662
22.7406679764244
22.6960784313726
22.6295210166178
22.607421875
22.5194552529183
22.3455598455599
