0
0
0
0
0
0
0
31.34328
95.27363
0
0
0
0
0
0
0
14.84099
45.1119
68.19788
91.04829
0
0
0
0
0
0
0
9.89011
30.06279
45.44741
60.67504
68.52433
70.56515
0
0
0
0
0
0
0
2.014066
6.122123
9.255115
12.35614
13.9546
14.3702
20.81202
28.74041
28.83632
36.38107
36.50895
37.46803
37.9156
38.23529
38.36317
38.55499
39.13043
39.19437
39.25831
39.38619
39.38619
39.57801
39.57801
39.64194
39.64194
39.83376
39.96164
39.96164
40.02558
40.02558
40.08951
40.08951
40.08951
40.15345
40.15345
40.21739
40.21739
40.28133
40.28133
40.34527
40.40921
40.40921
40.47315
40.53708
40.53708
40.53708
40.53708
40.60102
40.60102
40.60102
40.60102
40.60102
40.66496
40.66496
40.66496
40.66496
40.7289
40.79284
40.79284
40.85678
40.85678
40.85678
40.85678
40.85678
40.92072
40.92072
40.92072
40.92072
40.92072
40.98465
40.98465
40.98465
41.04859
41.04859
41.11253
41.11253
41.11253
41.17647
41.17647
41.17647
41.24041
41.24041
41.24041
41.30435
41.30435
41.30435
41.36829
41.36829
41.36829
41.43223
41.43223
41.43223
41.49616
41.49616
41.49616
41.5601
41.5601
41.5601
41.5601
41.62404
41.62404
41.62404
41.62404
41.68798
41.68798
41.68798
41.68798
41.68798
41.75192
41.75192
41.75192
41.75192
41.75192
41.81586
41.81586
41.8798
41.8798
41.8798
41.8798
41.8798
41.8798
41.94373
41.94373
41.94373
42.00767
42.00767
42.00767
42.07161
42.07161
42.07161
42.07161
42.07161
42.07161
42.13555
42.13555
42.13555
42.13555
42.13555
42.19949
42.19949
42.19949
42.19949
42.19949
42.19949
42.19949
42.19949
42.26343
42.26343
42.26343
42.26343
42.32737
42.32737
42.32737
42.32737
42.3913
42.3913
42.3913
42.3913
42.3913
42.3913
42.3913
42.3913
42.45524
42.45524
42.51918
42.51918
42.51918
42.51918
42.51918
42.58312
42.58312
42.58312
42.58312
42.58312
42.58312
42.58312
42.58312
42.64706
42.64706
42.64706
42.64706
42.64706
42.64706
42.64706
42.64706
42.64706
42.711
42.711
42.711
42.711
42.77494
42.77494
42.77494
42.77494
42.77494
42.77494
42.77494
42.77494
42.77494
42.77494
42.83887
42.83887
42.83887
42.83887
42.83887
42.83887
42.90281
42.90281
42.90281
42.90281
42.96675
42.96675
42.96675
42.96675
42.96675
42.96675
42.96675
42.96675
42.96675
42.96675
42.96675
42.96675
42.96675
43.03069
43.03069
43.03069
43.03069
43.09463
43.09463
43.09463
43.09463
43.09463
43.09463
43.15857
43.15857
43.15857
43.15857
43.15857
43.15857
43.15857
43.15857
43.15857
43.15857
43.15857
43.15857
43.22251
43.22251
43.22251
