37.4555555555556
38.3888888888889
38.9666666666667
38.4
36.9555555555556
38.2555555555556
40.5444444444444
37.2555555555556
37.6444444444444
41.2444444444444
45.3
42.4222222222222
37.8222222222222
38.0666666666667
44.0444444444444
50.8
43.3111111111111
45.5888888888889
43.1666666666667
40.9
36.5888888888889
44.6444444444444
41.2666666666667
39.3
40.5333333333333
43.9333333333333
44.0444444444444
41.9777777777778
41.5777777777778
41.1666666666667
41.3222222222222
39.1666666666667
40.5222222222222
41.7333333333333
39.1555555555556
41.0888888888889
44.0444444444444
43.3222222222222
38.5333333333333
38.8888888888889
39.1
39.1555555555556
36.8666666666667
38.2222222222222
37.7444444444444
40.3777777777778
40.2222222222222
39.2111111111111
39.2666666666667
43.5777777777778
39.5777777777778
39.9777777777778
39.3111111111111
40.9555555555556
41.9555555555556
42.0666666666667
41.5555555555556
42.2444444444444
40.1666666666667
40.6555555555556
39.8333333333333
39.2555555555556
36.2555555555556
39.6444444444444
38.9555555555556
41.4777777777778
42.3888888888889
44
38.4111111111111
40.9666666666667
39.2
39.6222222222222
38.8888888888889
41.2
36.6222222222222
38.8
42.5111111111111
39.5888888888889
35.8666666666667
41.8666666666667
38.6888888888889
39.8333333333333
39.2444444444444
38.3
39.0333333333333
40.1111111111111
41.1666666666667
40.9888888888889
37.8333333333333
36.2444444444444
37.5222222222222
35.0555555555556
36.1777777777778
40.5111111111111
38.5
39.5
37.1222222222222
39.3888888888889
34.9111111111111
34.9444444444444
32.5
36.4
37.5222222222222
31.7444444444444
35.9333333333333
34.7555555555556
37.0888888888889
40.4777777777778
37.2666666666667
38.2111111111111
36.9555555555556
38.4111111111111
37.1888888888889
37.6
34.6666666666667
33.6666666666667
35.9777777777778
37.2
33.0111111111111
35.2333333333333
35.7
37.0333333333333
34.8444444444444
37.5444444444444
36.3111111111111
37.4
37.5777777777778
39.3333333333333
36.1555555555556
37.6444444444444
33.1444444444444
25.1444444444444
27.2888888888889
27.4111111111111
25.0333333333333
25.6555555555556
26.7777777777778
25.5222222222222
26.2555555555556
28.8888888888889
23.7222222222222
22.1
22.8333333333333
34.7111111111111
35.4
39.9777777777778
37.6111111111111
37.7222222222222
35
37.2222222222222
39.0666666666667
38.2777777777778
37.5666666666667
33.4
35.9555555555556
37.7333333333333
38.1888888888889
36.2777777777778
36.4333333333333
37.2
37.5888888888889
38.2111111111111
38.1
38.2888888888889
39.1
38.1
37.5444444444444
36.2555555555556
37.5333333333333
37.7333333333333
38.1111111111111
38.0666666666667
36.0555555555556
36
37.4444444444444
36.5444444444444
36.4666666666667
38.5666666666667
37.5888888888889
39.0666666666667
37.2555555555556
38.4444444444444
37.6
38.2888888888889
35.9444444444444
36.8111111111111
38.6444444444444
41.2777777777778
37.3555555555556
38.0888888888889
38.6222222222222
39.3666666666667
41.8222222222222
40.8555555555556
40.7555555555556
41.3111111111111
43.8666666666667
41.2666666666667
40.0777777777778
36.6777777777778
38.7777777777778
40.7888888888889
40.4333333333333
42.5333333333333
39.0222222222222
37.1777777777778
38.1222222222222
40.9444444444444
40.0888888888889
40.4777777777778
36.3555555555556
36.7555555555556
41.1222222222222
39.6444444444444
40.5555555555556
39.7666666666667
37.0333333333333
38.4555555555556
40.8
37.9444444444444
39.9444444444444
38.7222222222222
35.2777777777778
39.8888888888889
41.6555555555556
40.9444444444444
37.9666666666667
37.0333333333333
37.4555555555556
41.3
40.2111111111111
41.2555555555556
39.9666666666667
38.5222222222222
40.5666666666667
36.5888888888889
36.3666666666667
36.0444444444444
34.9888888888889
36.5777777777778
36.2555555555556
37.4444444444444
38.3222222222222
36.0888888888889
37.1
37.4222222222222
41.9
38.0666666666667
35.2
37.7
37.2666666666667
45.3777777777778
43.1888888888889
40.1
39.6222222222222
42.3777777777778
43.5222222222222
42.7111111111111
37.4777777777778
40.0777777777778
39.3666666666667
42.4333333333333
37.7555555555556
38.1444444444444
36.9222222222222
38
38.9
40.1666666666667
35.0111111111111
36.8555555555556
36.9
39.1222222222222
38.6666666666667
36.5555555555556
38.7777777777778
37.6444444444444
41.0111111111111
43.2222222222222
33.3666666666667
33.9
32.5222222222222
38.6444444444444
41.4777777777778
39.0888888888889
38.6555555555556
41.6222222222222
40.3777777777778
40.5777777777778
