23.2
23.1333333333333
23.1333333333333
23.0666666666667
23.4
23.2666666666667
23.4666666666667
23.3333333333333
23.2
23.1333333333333
23.2666666666667
23.2666666666667
23.4
23.2666666666667
23.2666666666667
23.2
23.3333333333333
23.1333333333333
23.4
23.1333333333333
23.2666666666667
23.1333333333333
23.3333333333333
23.4
23.4
23.3333333333333
23.2666666666667
23.1333333333333
23.2
23.2666666666667
23.4666666666667
23.2666666666667
23.3333333333333
23.2666666666667
23.5333333333333
23.3333333333333
23.2666666666667
23.3333333333333
23.2666666666667
23.1538461538462
23
23.5333333333333
23.3333333333333
23.4666666666667
23.1333333333333
23.2666666666667
23.2666666666667
23.4666666666667
23.6
23.4
23.3333333333333
23.4666666666667
23.1333333333333
23.3333333333333
23.2
23.4666666666667
23.1333333333333
23.2666666666667
23.2
23.2
23.3333333333333
23.3333333333333
23.0666666666667
23.2666666666667
23.0666666666667
23.4
23.5333333333333
23.2
23.1333333333333
23.2
23.1333333333333
23.4
23.8
23.7333333333333
23.4
23.3333333333333
23.2666666666667
23.2
23.4666666666667
23.2
23.4
23.7333333333333
23.4666666666667
23.4666666666667
23.3333333333333
23.4666666666667
23.1333333333333
23.2
23.2666666666667
23.2
23.0666666666667
23.2
23.2666666666667
23.0666666666667
23.2
23.2
23.3333333333333
23.0666666666667
23.2
23.0666666666667
23.2666666666667
25
23.3333333333333
23.3333333333333
23.2
23.1333333333333
23.3333333333333
23.1333333333333
23.1333333333333
23.3333333333333
23.2
23.2666666666667
23.2
23.0666666666667
23.2
23.3333333333333
23
23.2666666666667
23.0666666666667
23
23.2
22.5333333333333
23.0666666666667
22.9333333333333
23.1333333333333
23.6
22.8666666666667
23.0666666666667
23
23.4
23.0666666666667
23.5333333333333
23.7333333333333
23.2666666666667
23.0666666666667
23.2666666666667
23.0666666666667
23.2
23.4
23.3333333333333
22.9333333333333
23.1333333333333
23.0666666666667
23.3333333333333
23.2
23.3333333333333
23.2
23.3333333333333
23.4666666666667
23.2666666666667
23.0666666666667
23.1333333333333
23.0666666666667
23.2666666666667
23.0666666666667
23.1333333333333
23.1333333333333
23.3333333333333
23.3333333333333
23.3333333333333
23.2
23.2
23.2666666666667
23.2666666666667
23.1333333333333
23.4
23.2666666666667
23.3333333333333
23.2666666666667
23.2666666666667
23
23.2666666666667
23.0666666666667
23.4
23.2
23.2666666666667
23.1333333333333
23.2666666666667
23.1333333333333
23.3333333333333
23.2666666666667
23.4
23.0666666666667
23.1333333333333
23.1333333333333
23.4
23.6
23.4666666666667
23.2
23.2666666666667
23.3333333333333
23.2666666666667
23.2
23.4
23.3333333333333
23.4666666666667
23.4
23.3333333333333
23.4666666666667
23.2666666666667
23.4
23.4
23.3333333333333
23.2
23.2666666666667
23.5333333333333
23.6666666666667
23.1333333333333
23.2666666666667
23.1333333333333
23.3333333333333
23.2
23.2666666666667
23.0666666666667
23.6666666666667
23.6
23.2
23.3333333333333
23.6666666666667
23.0666666666667
23.2666666666667
23.2
23.2666666666667
23.2
23.3333333333333
23.7333333333333
23.6
23.2666666666667
23.2666666666667
24.7333333333333
23.5333333333333
23.4
23.2666666666667
23.2
23.6
23.2666666666667
23.4
23.1333333333333
23.2666666666667
23.2
23.1333333333333
23.2
23.2666666666667
23.3333333333333
23.1333333333333
23.3333333333333
23.1333333333333
23.2666666666667
23.2666666666667
23.2666666666667
23.0666666666667
23.2666666666667
23.1333333333333
23.3333333333333
23.2666666666667
25.2
23.3333333333333
23.4
23.0666666666667
23.3333333333333
23.1333333333333
23.1333333333333
23.3333333333333
23.3333333333333
23.2
23.2666666666667
23.1333333333333
23.3333333333333
23.2
23.3333333333333
23.3333333333333
23.4
23.2666666666667
23.2666666666667
23.0666666666667
23.3333333333333
23.2666666666667
23.3333333333333
23.3333333333333
23.5333333333333
23.2
23.2
23.2
23.1333333333333
23.4
23.2
23.2666666666667
23.2666666666667
