49.6666666666667
49.7333333333333
49.5
49.5333333333333
49.5333333333333
49.4666666666667
49.5333333333333
49.3666666666667
49.0333333333333
49.7
49.7666666666667
49.3333333333333
49.3666666666667
49.5666666666667
49.6666666666667
49.1333333333333
50.1666666666667
49.7
49.3666666666667
49.7
49.3333333333333
50
49.5666666666667
49.1333333333333
50.1666666666667
49.7333333333333
49.6333333333333
48.8333333333333
49.4666666666667
49.1
49.0666666666667
49.4666666666667
49.2
49.6333333333333
49
49.3
49.2
49.6333333333333
49.1
49.7
49.7
49.8
49.9333333333333
49.3
49.3666666666667
49.7333333333333
49.6666666666667
49.7666666666667
49.4
49.3333333333333
49.8
49.7666666666667
49.3
49.3666666666667
49.6333333333333
50.2
48.9333333333333
49.1
49.3666666666667
49.5333333333333
49.8
50.2
49.4666666666667
49.2333333333333
49.4666666666667
49.6
49.9666666666667
49.3666666666667
49.7333333333333
49.1666666666667
49.4333333333333
49.8
49.5666666666667
49.9
49.5333333333333
49.1333333333333
49.9
49.6666666666667
49.4666666666667
49.5666666666667
49.8
49.4
49.7666666666667
49.8666666666667
49.7666666666667
50
50.3666666666667
49.7
49.6333333333333
49.7666666666667
49.3
49.8666666666667
49.4666666666667
50
49.8333333333333
49.5666666666667
50.3
49.5
49.9
49.4
49.8333333333333
49.4
49.5666666666667
49.5333333333333
49.2333333333333
49.3666666666667
49.4666666666667
49.6666666666667
49.6333333333333
50.3666666666667
49.4
48.8
49.9333333333333
50.0333333333333
49.4666666666667
49.2333333333333
50.3
49.5666666666667
49.7
49.1
49.7666666666667
49.7666666666667
49.5333333333333
49.5666666666667
49.7
49.7333333333333
49
49.8
49.4666666666667
49.0333333333333
50.1666666666667
49.5333333333333
49.5333333333333
49.8333333333333
50.1333333333333
49.2333333333333
50.1666666666667
49.3
49.1666666666667
50.2
49.6666666666667
50.0666666666667
49.9333333333333
49.2333333333333
50.7
49.7666666666667
49.2666666666667
49.7333333333333
49.4
49.6333333333333
49.5
50.4
49.7
49.6333333333333
49.7333333333333
50.1333333333333
50.2333333333333
49.4
49.0666666666667
49.2666666666667
49.6333333333333
50.0666666666667
49.7333333333333
49.4666666666667
49.8333333333333
50.2
49.5333333333333
49.0666666666667
50.0333333333333
49.7666666666667
49.4
49.1666666666667
50
50.1333333333333
49.8333333333333
49.6666666666667
49.3666666666667
49.2666666666667
49.5
49.7666666666667
50.3
49.5333333333333
49.7
49.0333333333333
49.6333333333333
49.7333333333333
49.0666666666667
49.8666666666667
50.4
49.4333333333333
49.8333333333333
49.4
49.9333333333333
49.4
50
49.3
49.9333333333333
50.0333333333333
49.6333333333333
50.8666666666667
49.4666666666667
49.3666666666667
49.3666666666667
50.1
49.5333333333333
49.8
50.2333333333333
50.2
50.5
49.2
49.8
49.8333333333333
49.3
49.8666666666667
50
50.1333333333333
49.5
50.1333333333333
49.8333333333333
49.8
49.7666666666667
50.3666666666667
49.2333333333333
49.6333333333333
50.0333333333333
49.7
49.3333333333333
49.9
50.1666666666667
49.8
50.1333333333333
49.4
50.1
49.5666666666667
50.4
50.0666666666667
49.4666666666667
49.8666666666667
48.9666666666667
50.0666666666667
50.0666666666667
49.8666666666667
50.2333333333333
49.3333333333333
49.9333333333333
49.6
49.5333333333333
50.2333333333333
49.7666666666667
49.3666666666667
49.6
49.5
50.4
50.3
50.2
50.2666666666667
49.8666666666667
49.8666666666667
50.0666666666667
49.7333333333333
49.4666666666667
49.4333333333333
50.1333333333333
50.2666666666667
49.3
50.7
49.8
50.0666666666667
49.6333333333333
49.2
49.5333333333333
49.5
49.6666666666667
49.0666666666667
49.9333333333333
49.6
50.3666666666667
49.7333333333333
49.8
50.5333333333333
49.6
49.8333333333333
49.5333333333333
49.8
49.6333333333333
49.0333333333333
49.9666666666667
50.9666666666667
