0
0
18.29122
21.41998
26.23345
26.35379
26.35379
26.47413
26.47413
27.19615
28.15884
28.15884
28.27918
28.27918
28.51986
28.51986
28.64019
28.64019
28.88087
29.0012
29.0012
29.12154
29.24188
29.24188
29.48255
29.60289
29.60289
29.60289
29.60289
29.84356
29.9639
29.9639
29.9639
30.08424
30.20457
30.20457
30.32491
30.32491
30.44525
30.44525
30.44525
30.92659
31.04693
31.04693
31.16727
31.16727
31.28761
31.28761
31.40794
31.52828
31.52828
31.64862
31.76895
31.88929
32.00963
32.00963
32.00963
32.12996
32.12996
32.2503
32.2503
32.2503
32.37064
32.49097
32.61131
32.61131
32.73165
32.73165
32.73165
32.73165
32.85199
32.97232
32.97232
32.97232
33.09266
33.213
33.33333
33.45367
33.57401
33.57401
33.57401
33.69434
33.69434
33.81468
33.81468
33.93502
33.93502
33.93502
34.05535
34.05535
34.05535
34.17569
34.17569
34.29603
34.29603
34.41637
34.41637
34.5367
34.65704
34.89771
35.01805
35.13839
35.25872
35.25872
35.4994
35.74007
35.98075
35.98075
35.98075
36.10108
36.8231
36.94344
37.06378
37.06378
37.18412
37.18412
37.42479
37.42479
37.42479
37.54513
37.54513
37.90614
38.38748
38.50782
38.7485
38.7485
38.86883
39.47052
39.95187
40.0722
40.0722
40.55355
41.15523
42.23827
42.47894
42.59928
43.92298
44.88568
50.78219
52.94826
54.27196
58.72443
61.37184
64.86161
68.95307
70.0361
70.27677
81.34777
81.46811
91.33574
96.26955
0
0
17.15576
20.09029
24.60497
24.71783
24.71783
24.8307
24.8307
25.5079
26.41084
26.41084
26.5237
26.5237
26.74944
26.74944
26.8623
26.8623
27.08804
27.2009
27.2009
27.31377
27.42664
27.42664
27.65237
27.76524
27.76524
27.76524
27.76524
27.99097
28.10384
28.10384
28.10384
28.2167
28.32957
28.32957
28.44244
28.44244
28.5553
28.5553
28.5553
29.00677
29.11964
29.11964
29.23251
29.23251
29.34537
29.34537
29.45824
29.57111
29.57111
29.68397
29.79684
29.90971
30.02257
30.02257
30.02257
30.13544
30.13544
30.24831
30.24831
30.24831
30.36117
30.47404
30.58691
30.58691
30.69977
30.69977
30.69977
30.69977
30.81264
30.92551
30.92551
30.92551
31.03837
31.15124
31.26411
31.37698
31.48984
31.48984
31.48984
31.60271
31.60271
31.71558
31.71558
31.82844
31.82844
31.82844
31.94131
31.94131
31.94131
32.05418
32.05418
32.16704
32.16704
32.27991
32.27991
32.39278
32.50564
32.73138
32.84424
32.95711
33.06998
33.06998
33.29571
33.52144
33.74718
33.74718
33.74718
33.86005
34.53725
34.65011
34.76298
34.76298
34.87585
34.87585
35.10158
35.10158
35.10158
35.21445
35.21445
35.55305
36.00451
36.11738
36.34312
36.34312
36.45598
37.02032
37.47178
37.58465
37.58465
38.03612
38.60045
39.61625
39.84199
39.95485
41.19639
