0
0
0
0
0
0
0
0
26.62539
30.34056
32.97214
32.97214
33.43653
33.90093
34.21053
35.13932
35.44892
35.44892
35.60372
35.60372
35.91331
35.91331
36.06811
36.37771
36.37771
36.37771
36.53251
36.53251
36.68731
36.68731
36.68731
36.68731
36.84211
36.84211
37.4613
37.6161
37.9257
38.0805
38.23529
38.23529
38.23529
38.54489
38.69969
38.85449
39.00929
39.16409
39.16409
39.16409
39.31889
39.31889
39.31889
39.47368
39.78328
39.93808
39.93808
40.09288
40.09288
40.24768
40.24768
40.24768
40.40248
40.40248
40.40248
40.71207
40.71207
40.86687
40.86687
41.17647
41.33127
41.48607
41.48607
41.64087
41.79567
42.10526
42.26006
42.26006
42.26006
42.56966
43.03406
43.34365
43.34365
43.34365
44.11765
44.27245
44.27245
44.27245
44.58204
44.89164
45.35604
45.51084
45.82043
46.74923
47.36842
47.67802
47.67802
47.83282
47.98762
48.14241
48.60681
48.91641
48.91641
49.22601
49.22601
49.6904
51.08359
51.70279
52.01238
52.78638
53.25077
54.02477
55.10836
57.27554
68.42105
74.7678
79.87616
85.60372
89.62848
93.65325
9.907121
0
0
0
0
0
0
0
0
23.2747
26.52233
28.82273
28.82273
29.22869
29.63464
29.90528
30.71719
30.98782
30.98782
31.12314
31.12314
31.39378
31.39378
31.52909
31.79973
31.79973
31.79973
31.93505
31.93505
32.07037
32.07037
32.07037
32.07037
32.20568
32.20568
32.74696
32.88227
33.15291
33.28823
33.42355
33.42355
33.42355
33.69418
33.8295
33.96482
34.10014
34.23545
34.23545
34.23545
34.37077
34.37077
34.37077
34.50609
34.77673
34.91204
34.91204
35.04736
35.04736
35.18268
35.18268
35.18268
35.318
35.318
35.318
35.58863
35.58863
35.72395
35.72395
35.99459
36.12991
36.26522
36.26522
36.40054
36.53586
36.8065
36.94181
36.94181
36.94181
37.21245
37.6184
37.88904
37.88904
37.88904
38.56563
38.70095
38.70095
38.70095
38.97158
39.24222
39.64817
39.78349
40.05413
40.86604
41.40731
41.67794
41.67794
41.81326
41.94858
42.0839
42.48985
42.76049
42.76049
43.03112
43.03112
43.43708
44.65494
45.19621
45.46685
46.14344
46.54939
47.22598
48.17321
50.06766
59.81055
65.35859
69.82409
74.83085
78.34912
81.86739
88.90392
93.64005
99.59405
8.660352
0
0
0
0
0
0
0
0
8.097928
9.227872
10.02825
10.02825
10.16949
10.31073
10.4049
10.68738
10.78154
10.78154
10.82863
10.82863
10.92279
10.92279
10.96987
11.06403
11.06403
11.06403
11.11111
11.11111
11.15819
11.15819
11.15819
11.15819
11.20527
11.20527
11.3936
11.44068
11.53484
11.58192
11.629
11.629
11.629
11.72316
11.77024
11.81733
11.86441
11.91149
11.91149
