48.1333333333333
48.2333333333333
48.3
47.8666666666667
38.6333333333333
45.9
47.8666666666667
47.6333333333333
47.4666666666667
47.4333333333333
47.3666666666667
46.4
45
45.1333333333333
45.1666666666667
45.3333333333333
37.1333333333333
43.0333333333333
44.7
44.6
44.5333333333333
44.8666666666667
44.6666666666667
44.7666666666667
44.8333333333333
44.6666666666667
44.7333333333333
44.7666666666667
36.7
43.0666666666667
44.8
44.8666666666667
44.9333333333333
44.9
44.8333333333333
44.7333333333333
44.9666666666667
44.9666666666667
44.9
44.7666666666667
36.3
43.8666666666667
45.3666666666667
45.5333333333333
45.4333333333333
46.6333333333333
45.4333333333333
45.6
45.6
45.5333333333333
45.3666666666667
45.5333333333333
37.5
43.1
45.1
45.0666666666667
44.9333333333333
44.9666666666667
44.9333333333333
45.0333333333333
45.2333333333333
45.1
45.0333333333333
45
36.9666666666667
43.3
44.5
44.8333333333333
45
45
44.8
44.8
44.6666666666667
44.9
44.9666666666667
44.9333333333333
36.9666666666667
43.4
44.9
44.9666666666667
44.6666666666667
44.9
45.1333333333333
45.0333333333333
45.1
45.0666666666667
45.1333333333333
45.3
37.1
43.2333333333333
44.7
45
44.9333333333333
45
44.9
44.9333333333333
45
45
45.1333333333333
44.9
36.3333333333333
43.2666666666667
44.7
44.6333333333333
44.6666666666667
44.6
44.8
44.7333333333333
44.8666666666667
44.8666666666667
44.6666666666667
44.7666666666667
36.2333333333333
41.8333333333333
43.0333333333333
43.7666666666667
44.3333333333333
43.6666666666667
41
44.2666666666667
42.5333333333333
44.4333333333333
42.2666666666667
44.1
35.1333333333333
42.0666666666667
43.6333333333333
44.5
44.6333333333333
45.0666666666667
45.1
44.2333333333333
43.8666666666667
44.7333333333333
43.9333333333333
44.1333333333333
35.9333333333333
42.0333333333333
44.9333333333333
45.0333333333333
45.1666666666667
45.2333333333333
45.1666666666667
44.9333333333333
45.7666666666667
45.4
45.1333333333333
45.4
37.2333333333333
43.2
44.7666666666667
44.6333333333333
44.8666666666667
45.1
45.2333333333333
44.8333333333333
45.4333333333333
45.4666666666667
44.9666666666667
45.5
36.8
43
44.6666666666667
44.7333333333333
44.5
44.5333333333333
44.7
44.7666666666667
44.8333333333333
44.6333333333333
44.6666666666667
44.7
36.8
43.3666666666667
45.1
44.9333333333333
44.9
45.0333333333333
44.9333333333333
44.8
44.8
44.8666666666667
44.9
44.9666666666667
36.5666666666667
43.0666666666667
44.9
45.2333333333333
45.2666666666667
45.3
45.0333333333333
44.8666666666667
44.9333333333333
45.0333333333333
45.1333333333333
45.1333333333333
36.6
43.4
44.5333333333333
45.2
45.0666666666667
46.1666666666667
45.1333333333333
45.2
44.9666666666667
45.2333333333333
45.1
45.4
37.3
43.0333333333333
45
45.0333333333333
45.0333333333333
45.0666666666667
44.9333333333333
45.0333333333333
45.1666666666667
45.2
45
44.9333333333333
37.1333333333333
43.2
44.7666666666667
44.8333333333333
44.8333333333333
44.7666666666667
44.7333333333333
44.8666666666667
44.8333333333333
44.9333333333333
44.8333333333333
44.7666666666667
36.5666666666667
43.2666666666667
45.0333333333333
45.0333333333333
45.3
45.2
45.1333333333333
45.0333333333333
45.0333333333333
44.9333333333333
45.0666666666667
45.0666666666667
37.1666666666667
42.8
44.9
44.8
44.7333333333333
44.8
45.0666666666667
52.5333333333333
48.9333333333333
44.9666666666667
47.3333333333333
45.6666666666667
37.4333333333333
44.2666666666667
45.9333333333333
46.1
46.1666666666667
52
51.3666666666667
45.9333333333333
45.8
45.6333333333333
45.6
45.7333333333333
37.5666666666667
43.9666666666667
45.7333333333333
45.7333333333333
45.8
45.9
45.8333333333333
58.9333333333333
52.8666666666667
53.7333333333333
50.3
51.1666666666667
41.9
47.3333333333333
50.5333333333333
49.7333333333333
48.9666666666667
48.7666666666667
49.1333333333333
49.1
