0
0
0
0
0
0
0
0
0
0
0
0
24.613
25.0774
25.2322
25.387
29.25697
30.18576
30.34056
33.28173
34.52012
34.82972
34.98452
34.98452
35.13932
35.13932
35.29412
35.29412
35.44892
35.44892
35.44892
35.75851
35.91331
35.91331
35.91331
36.06811
36.06811
36.06811
36.22291
36.22291
36.22291
36.37771
36.37771
36.53251
36.53251
36.68731
36.68731
36.84211
36.84211
36.84211
36.9969
36.9969
37.1517
37.1517
37.1517
37.1517
37.3065
37.3065
37.3065
37.4613
37.4613
37.6161
37.6161
37.6161
37.6161
37.7709
37.7709
37.7709
37.9257
37.9257
37.9257
37.9257
37.9257
37.9257
37.9257
37.9257
37.9257
38.0805
38.0805
38.0805
38.0805
38.23529
38.23529
38.39009
38.39009
38.39009
38.39009
38.39009
38.54489
38.54489
38.54489
38.69969
38.69969
38.69969
38.69969
38.69969
38.85449
38.85449
38.85449
39.00929
39.00929
39.16409
39.16409
39.31889
39.31889
39.47368
39.47368
39.47368
39.47368
39.62848
39.62848
39.62848
39.62848
39.78328
39.78328
39.78328
39.78328
39.78328
39.93808
39.93808
39.93808
39.93808
39.93808
39.93808
40.09288
40.09288
40.09288
40.09288
40.24768
40.24768
40.24768
40.24768
40.24768
40.24768
40.24768
40.24768
40.40248
40.40248
40.40248
40.40248
40.55728
40.55728
40.55728
40.71207
40.71207
40.71207
40.71207
40.71207
40.71207
40.86687
40.86687
40.86687
40.86687
40.86687
40.86687
41.02167
41.02167
41.02167
41.17647
41.17647
41.17647
41.33127
41.33127
41.33127
41.33127
41.33127
41.33127
41.33127
41.33127
41.33127
41.48607
41.48607
41.48607
41.48607
41.48607
41.48607
41.64087
41.64087
41.64087
41.64087
41.64087
41.64087
41.79567
41.79567
41.79567
41.79567
41.79567
41.95046
41.95046
41.95046
41.95046
41.95046
41.95046
42.10526
42.10526
42.10526
42.10526
42.26006
42.26006
42.26006
42.41486
42.41486
42.41486
42.41486
42.41486
42.41486
42.41486
42.41486
42.56966
42.56966
42.56966
42.56966
42.56966
42.72446
42.72446
42.72446
42.72446
42.87926
42.87926
42.87926
42.87926
42.87926
43.03406
43.03406
43.03406
43.03406
43.03406
43.18885
43.34365
43.34365
43.34365
43.34365
43.34365
43.34365
43.34365
43.34365
43.49845
43.49845
43.49845
43.65325
43.65325
43.65325
43.65325
43.65325
43.65325
43.65325
43.80805
43.80805
43.80805
43.80805
43.80805
43.80805
43.96285
43.96285
43.96285
43.96285
43.96285
44.11765
44.11765
44.11765
44.11765
44.11765
44.27245
44.27245
44.27245
44.42724
44.42724
44.42724
44.58204
44.58204
44.58204
44.58204
44.58204
44.58204
44.58204
44.58204
44.58204
44.73684
44.73684
44.73684
44.73684
44.73684
44.73684
44.73684
44.89164
44.89164
45.04644
45.04644
