0
0
0
0
0
0
0
0
0
0
0
24.35724
26.92828
28.28146
28.5521
29.76996
29.76996
30.17591
30.17591
30.44655
30.58187
30.71719
30.71719
30.8525
31.39378
31.39378
31.52909
31.52909
31.66441
31.66441
31.93505
31.93505
32.07037
32.07037
32.07037
32.20568
32.20568
32.341
32.341
32.47632
32.47632
32.61164
32.74696
33.01759
33.01759
33.01759
33.15291
33.28823
33.28823
33.42355
33.42355
33.42355
33.42355
33.42355
33.55886
33.55886
33.55886
33.55886
33.69418
33.69418
33.69418
33.69418
33.8295
33.8295
33.8295
33.8295
33.96482
33.96482
33.96482
33.96482
34.10014
34.10014
34.10014
34.23545
34.23545
34.23545
34.37077
34.37077
34.37077
34.37077
34.37077
34.37077
34.37077
34.37077
34.37077
34.50609
34.50609
34.50609
34.50609
34.50609
34.64141
34.64141
34.77673
34.77673
34.77673
34.91204
34.91204
34.91204
34.91204
34.91204
35.04736
35.04736
35.04736
35.04736
35.04736
35.04736
35.04736
35.04736
35.18268
35.18268
35.18268
35.18268
35.18268
35.318
35.318
35.318
35.318
35.318
35.318
35.45332
35.58863
35.58863
35.58863
35.58863
35.58863
35.58863
35.58863
35.72395
35.72395
35.72395
35.72395
35.72395
35.72395
35.72395
35.72395
35.72395
35.72395
35.85927
35.85927
35.85927
35.85927
35.99459
35.99459
35.99459
35.99459
35.99459
35.99459
36.12991
36.12991
36.12991
36.12991
36.12991
36.12991
36.12991
36.12991
36.26522
36.26522
36.26522
36.26522
36.26522
36.26522
36.40054
36.40054
36.40054
36.40054
36.40054
36.40054
36.53586
36.53586
36.53586
36.53586
36.53586
36.53586
36.53586
36.53586
36.53586
36.67118
36.67118
36.67118
36.67118
36.67118
36.8065
36.8065
36.8065
36.8065
36.8065
36.8065
36.8065
36.8065
36.8065
36.94181
36.94181
36.94181
36.94181
36.94181
36.94181
36.94181
36.94181
36.94181
37.07713
37.07713
37.07713
37.07713
37.21245
37.21245
37.21245
37.21245
37.21245
37.21245
37.21245
37.21245
37.34777
37.34777
37.48309
37.48309
37.48309
37.48309
37.6184
37.6184
37.6184
37.75372
37.75372
37.75372
37.75372
37.75372
37.75372
37.75372
37.88904
37.88904
37.88904
37.88904
37.88904
37.88904
37.88904
37.88904
37.88904
37.88904
37.88904
38.02436
38.02436
38.02436
38.15968
38.15968
38.15968
38.15968
38.15968
38.15968
38.15968
38.15968
38.15968
38.15968
38.29499
38.29499
38.29499
38.29499
38.29499
38.29499
38.29499
38.29499
38.56563
38.56563
38.56563
38.56563
38.70095
38.70095
38.70095
38.70095
38.70095
38.70095
38.70095
38.83627
38.83627
38.83627
38.83627
38.97158
38.97158
38.97158
38.97158
38.97158
38.97158
38.97158
39.1069
39.1069
39.1069
39.1069
39.1069
39.1069
39.1069
