86.9098712446351
75.5597014925373
72.4508050089445
66.9421487603305
65.4281098546042
60.9022556390977
59.2972181551976
58.8662790697674
57.3654390934844
55.8620689655172
54.1443850267379
52.5291828793774
51.5923566878981
50.6883604505632
49.8154981549815
49.0314769975787
47.7031802120141
46.9293163383545
45.9183673469387
45.2008928571428
42.9936305732484
42.3640167364016
41.7956656346749
41.5811088295688
40.785498489426
40.2584493041749
40.0593471810089
39.8622047244094
39.7058823529411
38.6450381679389
38.2797731568998
38.135593220339
37.9924953095685
37.0201096892139
36.4208633093525
35.9680284191829
35.5263157894737
34.9740932642487
34.3803056027164
33.9765100671141
33.8628762541806
32.9804560260586
32.1428571428571
30.8689024390244
29.6486090775988
29.3478260869565
29.2630057803468
28.969957081545
28.7642045454545
28.6827195467422
28.4810126582278
28.4011220196353
28.2821229050279
28.125
27.5135869565217
26.7503302509907
26.5748031496063
26.5052356020942
26.332899869961
26.1966364812419
25.5037783375315
25.0618811881188
25
24.9077490774908
24.7858017135863
24.6350364963503
24.4270205066345
24.2224880382775
24.1646778042959
23.6565420560748
23.4646581691773
23.3294930875576
23.1428571428571
23.037542662116
22.9591836734694
22.9072398190045
22.8555304740406
22.6004464285714
22.5501113585746
22.5
22.3756906077348
22.3263506063947
22.2772277227723
22.1069868995633
22.0348204570185
21.7741935483871
21.7041800643087
21.6577540106952
21.5654952076677
21.4968152866242
21.2486883525708
21.1820083682008
20.9844559585492
20.9410548086866
20.8333333333333
20.7479508196721
20.6422018348624
20.6002034587996
20.5375253549696
20.495951417004
20.4545454545454
20.3109327983952
20.1693227091633
20.1292246520875
20.0296735905044
19.8919449901768
19.8529411764706
19.775390625
19.6984435797665
19.4337811900192
19.3225190839695
18.9606741573034
18.8547486033519
18.7847866419295
18.6808118081181
18.543956043956
18.3423913043478
18.3092224231465
18.1777378815081
18.0160142348754
17.8257042253521
17.7943760984183
17.7631578947368
17.6086956521739
17.578125
17.5173010380623
17.4870466321243
17.3969072164948
17.278156996587
17.1901528013582
17.1610169491525
17.0741989881956
17.0454545454545
16.988255033557
16.875
16.7632450331126
16.7079207920792
16.5441176470588
16.4902280130293
16.4634146341463
16.4100486223663
16.2520064205457
16.1741214057508
16.1483253588517
16.0205696202532
15.795631825273
15.6009244992296
14.9556868537666
14.402560455192
10.9696641386782
10.7029598308668
10.1963746223565
8.27205882352941
8.12600321027287
7.43392070484581
7.3157514450867
6.97314049586776
5.04233067729083
3.98622047244094
90.1119402985075
86.4042933810376
79.8347107438017
78.0290791599354
72.6315789473685
70.7174231332358
70.2034883720931
68.4135977337111
66.6206896551725
64.572192513369
62.6459143968872
61.5286624203822
60.450563204005
59.409594095941
58.4745762711865
56.8904593639576
55.9675550405562
54.7619047619048
53.90625
51.2738853503185
50.5230125523013
49.8452012383901
49.5893223819302
48.6404833836858
48.0119284294235
47.7744807121662
47.5393700787402
47.3529411764706
46.087786259542
45.6521739130435
45.4802259887006
45.3095684803002
44.1499085923218
43.4352517985612
42.8952042628775
42.3684210526316
41.7098445595855
41.0016977928693
40.5201342281879
40.3846153846154
39.3322475570033
38.3333333333334
36.8140243902439
35.3587115666179
35
34.8988439306359
34.549356223176
34.3039772727273
34.2067988668555
33.9662447257384
33.8709677419355
33.7290502793296
33.5416666666667
32.8125
31.9022457067371
31.6929133858268
31.6099476439791
31.4044213263979
31.24191461837
30.4156171284635
29.8886138613862
29.8148148148148
29.7047970479705
29.5593635250918
29.3795620437956
29.1314837153197
28.8875598086125
28.81861575179
28.2126168224299
27.9837775202781
27.8225806451613
27.6
27.4744027303754
27.3809523809524
27.3190045248869
27.2573363431151
26.953125
26.8930957683742
26.8333333333333
26.6850828729282
26.6262403528115
26.5676567656766
26.3646288209607
26.278563656148
25.9677419354839
25.8842443729904
25.8288770053476
25.7188498402556
25.6369426751593
25.3410283315845
25.2615062761506
25.0259067357513
24.9741468459152
24.8456790123457
24.7438524590164
24.6177370030581
24.5676500508647
24.4929006085193
24.4433198380567
24.3939393939394
24.222668004012
24.0537848605578
24.0059642147117
23.8872403560831
23.7229862475442
23.6764705882353
23.583984375
23.4922178988327
23.1765834932822
23.043893129771
22.6123595505618
22.4860335195531
22.4025974025974
22.2785977859779
22.1153846153846
21.875
21.8354430379747
21.6786355475763
21.4857651245552
21.2588028169014
21.2214411247803
21.1842105263158
21
20.9635416666667
20.8910034602076
20.8549222797928
20.7474226804124
20.6058020477816
