0
0
0
0
0
0
0
0
0
0
0
0
0
0
0
0
0
0
0
0
0
0
0
0
0
0
0
0
0
0
0
0
0
0
0
0
0
0
0
0
0
0
0
0
0
0
0
0
0
0
0
0
0
0
0
0
74.2671009771987
59.1439688715953
56.7870485678705
53.0849825378347
51.7006802721088
50.8928571428571
50.6666666666667
50.1650165016502
49.890590809628
47.9495268138801
47.0588235294118
46.5781409601634
45.9214501510574
45.7372116349047
45.5089820359281
44.2718446601942
44.100580270793
43.9306358381503
43.6781609195402
42.5373134328358
37.6859504132231
35.6807511737089
34.441087613293
32.9479768786127
32.4786324786325
31.9775596072931
31.2757201646091
31.1475409836066
31.0626702997275
30.4
30.1986754966887
30.1188903566711
30.0395256916996
29.3814432989691
28.7153652392947
28.643216080402
28.4644194756554
28.2178217821782
27.9754601226994
27.7372262773723
26.7605633802817
25.0825082508251
24.8908296943231
24.3850267379679
23.9244491080797
23.8493723849372
22.9145728643216
22.7544910179641
22.507403751234
21.6318785578748
21.4689265536723
20.1413427561837
19.9300699300699
19.2893401015228
17.6470588235294
5.67729083665339
79.6416938110749
63.4241245136186
60.8966376089663
56.9266589057043
55.4421768707483
54.5758928571428
54.3333333333333
53.7953795379538
53.5010940919037
51.4195583596214
50.4643962848297
49.9489274770173
49.2447129909365
49.0471414242728
48.8023952095808
47.4757281553398
47.2920696324951
47.1098265895954
46.8390804597701
45.615671641791
40.4132231404958
38.262910798122
36.9335347432024
35.3323699421965
34.8290598290598
34.2917251051893
33.5390946502057
33.4016393442623
33.3106267029973
32.6
32.3841059602649
32.2985468956407
32.2134387351778
31.5077319587629
30.7934508816121
30.71608040201
30.5243445692884
30.259900990099
30
29.7445255474452
28.6971830985915
26.8976897689769
26.6921397379912
26.1497326203208
25.6558237145855
25.5753138075314
24.572864321608
24.4011976047904
24.1362290227048
23.1973434535104
23.0225988700565
21.5989399293286
21.3723776223776
20.6852791878172
18.9241486068111
6.08814741035856
85.9934853420196
68.4824902723735
65.7534246575342
61.4668218859139
59.8639455782313
58.9285714285714
58.6666666666667
58.0858085808581
57.7680525164114
55.5205047318612
54.4891640866873
53.9325842696629
53.1722054380665
52.9588766298897
52.6946107784431
51.2621359223301
51.063829787234
50.8670520231214
50.5747126436782
49.2537313432836
43.6363636363636
41.3145539906103
39.8791540785499
38.150289017341
37.6068376068376
37.0266479663394
36.2139917695473
36.0655737704918
35.9673024523161
35.2
34.9668874172185
34.8745046235139
34.7826086956522
34.020618556701
33.2493702770781
33.1658291457286
32.9588014981273
32.6732673267327
32.3926380368098
32.1167883211679
30.9859154929577
29.042904290429
28.82096069869
28.2352941176471
27.7019937040923
27.6150627615063
26.5326633165829
26.3473053892216
26.0612043435341
25.0474383301708
24.8587570621469
23.321554770318
23.0769230769231
22.3350253807107
20.4334365325077
6.57370517928287
89.2508143322476
71.0765239948119
68.2440846824408
63.7951105937136
62.1315192743764
61.1607142857143
60.8888888888889
60.2860286028603
59.9562363238512
57.6235541535226
56.5531475748194
55.9754851889683
55.1863041289023
54.9648946840522
54.6906187624751
53.2038834951456
52.9980657640232
52.7938342967245
52.4904214559387
51.1194029850746
45.2892561983471
42.8794992175274
41.3897280966767
39.5953757225434
39.031339031339
38.4291725105189
37.5857338820302
37.431693989071
37.3297002724796
36.5333333333333
36.2913907284768
36.1955085865258
36.1001317523057
35.3092783505155
34.5088161209068
34.4221105527638
34.207240948814
33.9108910891089
33.6196319018405
33.3333333333333
32.1596244131455
30.1430143014301
29.9126637554585
29.3048128342246
28.7513116474292
28.6610878661088
27.5376884422111
27.3453093812375
27.0483711747285
25.9962049335863
25.8003766478343
24.2049469964664
23.9510489510489
23.1810490693739
21.2074303405573
6.82270916334661
98.6970684039089
78.5992217898833
75.4669987546701
70.547147846333
68.7074829931973
67.6339285714286
67.3333333333334
66.6666666666667
