0
0
0
0
0
0
0
24.30806
26.83514
26.95548
27.07581
27.19615
27.55716
27.6775
27.6775
27.91817
27.91817
27.91817
28.03851
28.27918
28.39952
28.51986
28.76053
28.76053
29.0012
29.12154
29.24188
29.24188
29.24188
29.36221
29.36221
29.36221
29.36221
29.36221
29.48255
29.48255
29.60289
29.60289
29.60289
29.60289
29.72323
29.72323
29.72323
29.84356
29.84356
29.84356
29.9639
29.9639
30.08424
30.08424
30.08424
30.20457
30.20457
30.20457
30.32491
30.32491
30.32491
30.32491
30.32491
30.44525
30.44525
30.44525
30.56558
30.56558
30.56558
30.56558
30.68592
30.68592
30.68592
30.68592
30.68592
30.80626
30.80626
30.80626
30.80626
30.80626
30.80626
30.80626
30.80626
30.92659
30.92659
30.92659
30.92659
31.04693
31.04693
31.04693
31.04693
31.04693
31.16727
31.16727
31.16727
31.16727
31.16727
31.16727
31.28761
31.28761
31.28761
31.28761
31.40794
31.40794
31.40794
31.40794
31.40794
31.40794
31.52828
31.52828
31.52828
31.52828
31.52828
31.64862
31.64862
31.64862
31.64862
31.64862
31.64862
31.76895
31.76895
31.76895
31.88929
31.88929
31.88929
31.88929
31.88929
32.00963
32.00963
32.00963
32.00963
32.00963
32.00963
32.00963
32.12996
32.12996
32.12996
32.12996
32.12996
32.12996
32.12996
32.12996
32.2503
32.2503
32.2503
32.2503
32.2503
32.37064
32.37064
32.37064
32.37064
32.37064
32.37064
32.37064
32.49097
32.49097
32.49097
32.49097
32.49097
32.49097
32.49097
32.49097
32.49097
32.49097
32.61131
32.61131
32.61131
32.61131
32.73165
32.73165
32.73165
32.73165
32.73165
32.73165
32.73165
32.73165
32.73165
32.73165
32.85199
32.85199
32.85199
32.85199
32.85199
32.97232
32.97232
32.97232
32.97232
33.09266
33.09266
33.09266
33.09266
33.09266
33.213
33.213
33.213
33.213
33.33333
33.33333
33.33333
33.33333
33.45367
33.45367
33.45367
33.45367
33.45367
33.45367
33.45367
33.45367
33.45367
33.45367
33.45367
33.45367
33.45367
33.57401
33.57401
33.57401
33.69434
33.69434
33.69434
33.69434
33.69434
33.69434
33.69434
33.81468
33.81468
33.81468
33.81468
33.81468
33.81468
33.81468
33.81468
33.81468
33.81468
33.81468
33.81468
33.81468
33.81468
33.81468
33.93502
33.93502
33.93502
34.05535
34.05535
34.05535
34.05535
34.05535
34.17569
34.17569
34.17569
34.17569
34.17569
34.17569
34.17569
34.17569
34.17569
34.17569
34.17569
34.17569
34.17569
34.17569
34.29603
34.29603
34.29603
34.29603
34.29603
34.41637
34.41637
34.41637
34.41637
34.41637
34.5367
34.5367
34.5367
34.5367
34.5367
34.5367
34.5367
34.65704
34.65704
34.65704
34.65704
34.65704
34.77738
34.77738
34.77738
34.77738
34.77738
34.77738
34.77738
34.89771
34.89771
34.89771
