0
39.49843
39.49843
39.49843
39.49843
39.49843
39.49843
39.49843
39.49843
39.81191
39.81191
39.81191
39.81191
39.81191
39.81191
39.81191
39.81191
39.81191
39.81191
40.12539
40.12539
40.12539
40.12539
40.12539
40.12539
40.12539
40.12539
40.12539
40.12539
40.12539
40.12539
40.12539
40.12539
40.12539
40.12539
40.43887
40.43887
40.43887
40.43887
40.43887
40.43887
40.43887
40.43887
40.43887
40.43887
40.43887
40.43887
40.43887
40.43887
40.43887
40.43887
40.43887
40.43887
40.43887
40.75235
40.75235
40.75235
40.75235
40.75235
40.75235
40.75235
40.75235
40.75235
40.75235
40.75235
40.75235
40.75235
40.75235
40.75235
40.75235
40.75235
40.75235
40.75235
40.75235
40.75235
40.75235
40.75235
40.75235
40.75235
40.75235
41.06583
41.06583
41.06583
41.06583
41.06583
41.06583
41.06583
41.06583
41.06583
41.06583
41.06583
41.06583
41.06583
41.06583
41.06583
41.06583
41.06583
41.06583
41.06583
41.06583
41.06583
41.06583
41.06583
41.06583
41.06583
41.06583
41.06583
41.06583
41.06583
41.06583
41.37931
41.37931
41.37931
41.37931
41.37931
41.37931
41.37931
41.37931
41.37931
41.37931
41.37931
41.37931
41.37931
41.37931
41.37931
41.37931
41.37931
41.37931
41.37931
41.37931
41.37931
41.37931
41.37931
41.37931
41.37931
41.37931
41.37931
41.37931
41.37931
41.37931
41.37931
41.37931
41.37931
41.37931
41.37931
41.37931
41.37931
41.37931
41.37931
41.37931
41.37931
41.37931
41.37931
41.37931
41.37931
41.69279
41.69279
41.69279
41.69279
41.69279
41.69279
41.69279
41.69279
41.69279
41.69279
41.69279
41.69279
41.69279
41.69279
41.69279
41.69279
41.69279
41.69279
41.69279
41.69279
41.69279
41.69279
41.69279
41.69279
41.69279
41.69279
41.69279
41.69279
41.69279
41.69279
41.69279
41.69279
41.69279
41.69279
41.69279
41.69279
41.69279
41.69279
41.69279
41.69279
41.69279
42.00627
42.00627
42.00627
42.00627
42.00627
42.00627
42.00627
42.00627
42.00627
42.00627
42.00627
42.00627
42.00627
42.00627
42.00627
42.00627
42.00627
42.00627
42.00627
42.00627
42.00627
42.00627
42.00627
42.00627
42.00627
42.00627
42.00627
42.00627
42.00627
42.00627
42.00627
42.00627
42.00627
42.00627
42.00627
42.00627
42.00627
42.00627
42.00627
42.00627
42.00627
42.00627
42.00627
42.00627
42.00627
42.00627
42.00627
42.00627
42.00627
42.00627
42.00627
42.00627
42.00627
42.00627
42.31975
42.31975
42.31975
42.31975
42.31975
42.31975
42.31975
42.31975
42.31975
42.31975
42.31975
42.31975
42.31975
42.31975
42.31975
42.31975
42.31975
42.31975
42.31975
42.31975
42.31975
42.31975
42.31975
42.31975
42.31975
42.31975
42.31975
42.31975
42.31975
42.31975
42.31975
42.31975
42.31975
42.31975
42.31975
42.31975
42.31975
42.31975
