88.5026737967915
80.5352798053529
78.8095238095239
68.2474226804124
67.6891615541923
67.004048582996
64.6484375000001
59.2128801431128
58.274647887324
57.8671328671329
56.872852233677
55.1666666666667
54.7107438016529
53.9087947882737
52.7070063694268
52.373417721519
51.5576323987539
51.2383900928793
50.1515151515152
49.4768310911809
48.7481590574374
48.4626647144949
46.5541490857947
46.2290502793296
45.9722222222223
45.6551724137931
45.4046639231825
43.4383202099738
42.9312581063554
42.4358974358975
41.4267834793492
40.9653465346535
40.5140758873929
40.0726392251816
39.4047619047619
39.1715976331361
38.3545770567787
37.9152348224513
37.5283446712018
37.3589164785553
35.6681034482759
35.4769560557342
35.1380042462845
34.9894291754757
34.4791666666667
34.1589267285862
33.502024291498
33.3333333333334
32.4509803921569
31.7049808429119
31.2854442344046
31.1676082862524
31.0506566604128
29.981884057971
29.8736462093863
29.7661870503597
29.2402826855124
28.682842287695
28.5837651122625
27.768456375839
27.2652388797364
26.7366720516963
26.3535031847134
26.0629921259843
25.6987577639752
25.5007704160247
25.2286585365854
25.0757575757576
25
24.8872180451128
24.8125937031484
24.7384155455905
24.5548961424333
24.3024963289281
24.2313323572475
24.1253644314869
24.0552325581396
23.7446197991392
23.6766809728183
23.5754985754986
23.5085227272727
23.4419263456091
23.2770745428973
23.1145251396648
22.9224376731302
22.7647867950482
22.4864130434783
21.9205298013245
21.8626155878468
21.7191601049869
21.6057441253264
21.5214564369311
21.4100905562743
21.2724935732648
20.8964646464647
20.6616729088639
20.6102117061021
20.4826732673267
20.2075702075702
19.9638118214717
19.9157641395909
19.3793911007026
19.3341121495327
19.1108545034642
18.9142857142857
18.8282138794084
18.7641723356009
18.6164229471316
18.1072210065646
18.0676855895197
17.9695982627579
17.8725701943845
17.8340517241379
17.7005347593583
17.4394099051633
17.2755741127349
17.2395833333333
17.0794633642931
16.5997993981946
16.5169660678643
16.4840637450199
16.2254901960784
15.7919847328244
15.7020872865275
15.1834862385321
15.1003649635037
15.0728597449909
14.9909420289855
14.9368231046932
14.8032200357782
14.568661971831
14.5430579964851
14.4667832167832
14.4163763066202
13.6101973684211
13.3683360258482
13.3252818035427
9.95788206979544
7.97206165703276
7.63376383763838
7.02461799660442
6.07562408223202
5.97904624277457
5.51666666666667
4.84484777517565
3.81688191881919
1.85704667863555
1.22701660735469
0.985119047619048
87.0103092783506
86.2985685071576
85.425101214575
82.4218750000001
75.4919499105547
74.2957746478874
73.7762237762239
72.5085910652922
70.3333333333334
69.7520661157026
68.7296416938112
67.1974522292994
66.7721518987343
65.7320872274144
65.3250773993809
63.939393939394
63.0792227204784
62.1502209131076
61.7862371888727
59.353023909986
58.9385474860336
58.6111111111112
58.2068965517242
57.8875171467765
55.3805774278216
54.7341115434501
54.1025641025642
52.8160200250313
52.2277227722773
51.6523867809058
51.089588377724
50.2380952380953
49.9408284023669
48.899188876014
48.3390607101948
47.8458049886622
47.6297968397292
45.4741379310345
45.2304394426582
44.7983014861996
44.6088794926005
43.9583333333334
43.5500515995873
42.7125506072875
42.4974823766365
41.3725490196079
40.4214559386974
39.8865784499055
39.7363465160076
39.5872420262665
38.2246376811595
38.086642599278
37.9496402877698
37.2791519434629
36.5684575389948
36.4421416234888
35.4026845637584
34.7611202635915
34.0872374798062
33.5987261146497
33.228346456693
32.7639751552795
32.5115562403698
32.1646341463415
31.969696969697
31.8731117824774
31.7293233082707
31.6341829085458
31.5396113602392
31.3056379821959
30.9838472834068
30.8931185944363
30.7580174927114
30.6686046511628
30.2725968436155
30.1859799713877
30.0569800569801
29.9715909090909
29.886685552408
29.676511954993
29.4692737430168
29.224376731302
29.0233837689134
28.6684782608696
27.9470198675497
27.8731836195509
27.6902887139108
27.5456919060053
27.4382314694409
27.2962483829237
27.120822622108
26.6414141414142
26.3420724094882
26.2764632627647
26.1138613861386
25.7631257631258
25.4523522316044
25.3910950661853
24.7072599531616
24.6495327102804
24.364896073903
24.1142857142857
24.0045506257111
23.9229024943311
23.7345331833521
23.0853391684902
23.0349344978166
22.9098805646037
22.7861771058316
22.7370689655173
22.5668449197861
22.2339304531086
22.0250521920668
21.9791666666667
21.7750257997936
21.1634904714143
21.057884231537
21.0159362549801
20.6862745098039
20.1335877862596
20.0189753320683
19.3577981651376
19.2518248175183
19.2167577413479
