94.7269303201507
85.1099830795263
83.1404958677686
80.7383627608347
78.3489096573209
77.2657450076805
75.186846038864
74.079528718704
73.6456808199122
72.6878612716763
71.6524216524217
71.2464589235128
68.5286103542235
66.8882978723405
65.2399481193256
64.0764331210192
63.3501259445844
60.5294825511432
57.9493087557604
57.6174112256587
54.2025862068966
53.9121114683816
53.1712473572939
52.3958333333334
52.1243523316062
51.3789581205312
50.9109311740891
50.6545820745217
50.4513540621866
50
49.3137254901961
48.8349514563107
48.1800766283525
47.8136882129278
47.3634651600754
46.9216417910448
45.8105646630237
44.1228070175439
43.7391304347826
43.213058419244
42.9180887372014
42.056856187291
41.7774086378738
41.4332784184514
41.0947712418301
40.9609120521173
40.8279220779221
40.6300484652666
40.499194847021
40.047770700637
39.9206349206349
39.7943037974684
39.4819466248038
38.3384146341464
38.2218844984803
38.1060606060606
37.7061469265368
37.4255952380953
37.3145400593472
37.039764359352
36.9309838472834
36.5552325581396
36.3439306358382
36.1870503597123
34.8337950138504
34.6896551724138
34.5942228335626
34.3579234972678
34.0324763193505
33.9406207827261
33.8492597577389
32.704811443433
32.6199740596628
32.0382165605096
31.7550505050505
31.6750629722922
31.5954773869347
31.0493827160494
30.9348093480935
30.5218446601942
30.4479418886199
30.1920768307323
29.9404761904762
29.8339264531436
29.7633136094675
29.6930342384888
29.2102206736353
29.0415704387991
28.9746543778802
28.9080459770115
28.7428571428572
28.6120591581343
28.514739229025
28.4502262443439
28.3860045146727
27.728776185226
27.3072747014115
27.2481040086674
26.8983957219252
26.8409818569904
26.6419491525424
26.4458464773922
26.2526096033403
26.1979166666667
26.0621761658031
25.6894790602656
25.4554655870446
25.2763819095478
25.1751751751752
24.9256689791873
24.5845552297165
24.4649805447471
24.3230174081238
24.1362763915547
23.9980916030534
23.952380952381
23.8614800759013
23.7712665406427
23.1158088235294
22.9890310786106
22.8221415607986
22.7807971014493
22.6576576576577
22.3357015985791
21.8315972222222
21.7560553633218
21.7184801381693
21.6437177280551
21.606529209622
21.4957264957265
21.2057335581788
21.1700336700337
21.0284280936455
20.8887043189369
20.7508250825083
20.2495974235105
20.2170418006431
19.8343848580442
19.4961240310078
19.435857805255
19.3759630200308
19.0819423368741
17.085597826087
14.7248243559719
14.3386545039909
13.4635974304069
10.4791666666667
9.23274596182086
8.93110795454546
8.78142458100559
8.46231493943473
7.26039260969977
6.98611111111112
6.81202600216685
6.26245019920319
4.99801271860096
3.78309265944645
3.56030577576444
2.33909970238095
2.27149566473989
2.26169064748202
1.68656115879828
1.63057572614108
1.62216202270382
1.37161867364747
1.26764112903226
1.18364081325301
97.3634651600753
87.4788494077834
85.4545454545454
82.9855537720706
80.5295950155763
79.4162826420891
77.2795216741405
76.141384388807
75.6954612005856
74.7109826589595
73.6467236467236
73.2294617563739
70.4359673024523
68.75
67.0557717250324
65.8598726114649
65.1133501259446
62.2141997593261
59.5622119815668
59.2210767468499
55.7112068965517
55.4126473740621
54.6511627906976
53.8541666666667
53.5751295336787
52.8089887640449
52.327935222672
52.0644511581067
51.8555667001003
51.3916500994035
50.6862745098039
50.1941747572815
49.5210727969348
49.1444866920152
48.6817325800376
48.2276119402985
47.0856102003643
45.3508771929824
44.9565217391304
44.4158075601374
44.1126279863481
43.2274247491639
42.9401993355482
42.5864909390445
42.2385620915033
42.100977198697
41.9642857142857
41.7609046849757
41.6264090177133
41.1624203821656
41.031746031746
40.9018987341772
40.5808477237048
39.405487804878
39.2857142857143
39.1666666666667
38.7556221889055
38.4672619047619
38.353115727003
38.0706921944035
37.9588839941263
37.5726744186046
37.3554913294797
37.1942446043165
35.803324099723
35.6551724137931
35.5570839064649
35.3142076502732
34.9797023004059
34.885290148448
34.7913862718708
33.6150845253576
33.5278858625162
32.9299363057325
32.6388888888889
32.5566750629723
32.4748743718593
31.9135802469136
31.7958179581796
31.371359223301
31.2953995157385
31.0324129651861
30.7738095238095
30.6642941874258
30.5917159763313
30.5194805194805
30.0232288037166
29.8498845265589
29.7811059907834
29.7126436781609
29.5428571428571
29.4084186575654
29.3083900226757
29.2420814479638
29.176072234763
28.5005512679162
28.0673181324647
28.0065005417118
27.6470588235294
27.5880469583778
27.3834745762712
27.1819137749737
26.9832985386221
26.9270833333333
26.7875647668394
26.4044943820225
26.163967611336
25.9798994974874
25.8758758758759
25.619425173439
25.2688172043011
25.1459143968871
25
24.8080614203455
24.6660305343511
24.6190476190476
24.5256166982922
24.4328922495274
23.7591911764706
