92.8571428571429
88.183807439825
85.5626326963907
77.2030651340997
76.6159695817491
75.8945386064031
73.9449541284404
72.093023255814
71.5808170515098
70.9507042253522
65.6351791530945
64.171974522293
63.265306122449
62.772585669782
61.0606060606061
59.3519882179676
59.0043923865301
58.2369942196532
56.2849162011174
55.5862068965518
55.281207133059
52.6109660574413
51.3375796178344
50.7556675062973
49.326805385557
49.0267639902677
48.4957882069796
48.2057416267943
47.4676089517079
47.1896955503513
46.6975666280417
45.9521094640821
45.2300785634119
44.9776785714286
44.7777777777778
41.5892672858617
41.3757700205339
41.1644535240041
40.0596421471173
39.8615232443126
39.6653543307087
39.126213592233
38.8246628131021
38.6015325670498
38.4541984732825
38.0907372400756
37.3148148148148
36.9724770642202
36.5036231884058
36.046511627907
35.9180035650624
35.7904085257549
35.6007067137809
35.4753521126761
35.2272727272727
34.9220103986135
34.8013816925734
33.8087248322148
33.6956521739131
33.305785123967
32.8175895765473
32.711038961039
31.386292834891
31.1919504643963
30.5303030303031
30.4380664652568
29.9851190476191
29.5888399412629
29.3731778425656
29.1184971098266
28.9928057553957
28.5410764872521
28.4203102961918
28.3403656821379
28.0640668523677
27.9861111111111
27.9085872576178
27.3777173913044
26.9385026737968
26.7952127659575
26.6887417218543
26.3054830287206
26.0672703751617
25.76726342711
25.1560549313358
25.093399750934
24.4538834951456
24.3063932448734
24.1028708133971
24.0453460620525
23.8461538461539
23.733804475854
23.6502347417841
23.5948477751757
23.5397196261682
23.4575087310827
23.4030197444832
23.2678983833718
22.7426636568849
22.615039281706
22.4888392857143
22.3145071982281
22.2651933701658
22.094298245614
21.9978165938865
21.9260065288357
21.830985915493
21.7133620689655
21.6666666666667
21.5508021390374
21.4589989350373
21.3906581740977
21.3453389830509
21.1437565582372
20.7946336429309
20.1097804391218
19.8914116485686
19.8326771653543
19.5251937984496
19.449806949807
19.3007662835249
18.937969924812
18.9024390243903
18.7966417910448
18.7616387337058
18.6229205175601
18.5202205882353
18.452380952381
18.418647166362
18.3850364963504
18.3515482695811
18.2849364791289
18.2188065099458
18.1859205776173
18.0879712746858
17.9270462633452
17.7065026362039
17.6136363636364
17.4913194444445
17.1052631578947
17.0473773265652
16.9043624161074
15.4761904761905
15.4524539877301
14.5592485549133
9.48681732580038
6.81664411366712
6.61089238845145
93.3179723502303
88.6214442013129
85.9872611464967
77.5862068965517
76.9961977186311
76.2711864406779
74.3119266055045
72.4508050089445
71.9360568383658
71.3028169014084
65.9609120521172
64.4904458598726
63.5792778649921
63.0841121495327
61.3636363636363
59.6465390279823
59.2972181551976
58.5260115606936
56.5642458100558
55.8620689655172
55.5555555555555
52.8720626631853
51.5923566878981
51.0075566750629
49.5716034271725
49.2700729927007
48.7364620938628
48.444976076555
47.7031802120141
47.423887587822
46.9293163383545
46.1801596351197
45.4545454545454
45.2008928571428
45
41.7956656346749
41.5811088295688
41.3687436159346
40.2584493041749
40.0593471810089
39.8622047244094
39.3203883495145
39.0173410404624
38.7931034482758
38.6450381679389
38.2797731568998
37.5
37.1559633027523
36.6847826086956
36.2254025044722
36.0962566844919
35.9680284191829
35.7773851590106
35.6514084507042
35.4020979020979
35.0953206239168
34.9740932642487
33.9765100671141
33.8628762541806
33.4710743801653
32.9804560260586
32.8733766233766
31.5420560747663
31.3467492260062
30.6818181818182
30.5891238670695
30.1339285714285
29.7356828193832
29.5189504373178
29.2630057803468
29.136690647482
28.6827195467422
28.5613540197461
28.4810126582278
28.2033426183844
28.125
28.0470914127424
27.5135869565217
27.072192513369
26.9281914893617
26.8211920529801
26.4360313315927
26.1966364812419
25.8951406649616
25.2808988764045
25.2179327521793
24.5752427184466
24.4270205066345
24.2224880382775
24.1646778042959
23.9644970414201
23.8515901060071
23.7676056338028
23.711943793911
23.6565420560748
23.5739231664726
23.5191637630662
23.3833718244804
22.8555304740406
22.7272727272727
22.6004464285714
22.4252491694352
22.3756906077348
22.203947368421
22.1069868995633
22.0348204570185
21.9393282773564
21.8211206896552
21.7741935483871
21.6577540106952
21.5654952076677
21.4968152866242
21.4512711864407
21.2486883525708
20.8978328173374
20.2095808383233
19.990128331688
19.9311023622047
19.6220930232558
19.546332046332
19.3965517241379
19.031954887218
18.9962476547842
18.8899253731343
18.8547486033519
18.7153419593346
18.6121323529412
18.543956043956
18.5100548446069
18.4762773722628
18.4426229508197
18.3756805807622
18.3092224231465
18.2761732851985
18.1777378815081
18.0160142348754
