98.8732394366198
97.5000000000001
95.1219512195123
90.4639175257733
88.4130982367759
73.1250000000001
66.7300380228137
66.1016949152543
61.3636363636364
60.8318890814559
59.8976109215018
56.7043618739904
55.891719745223
55.5379746835443
55.1020408163266
54.6728971962617
53.9170506912443
52.7819548872181
51.6936671575847
50.7225433526012
50
49.7167138810199
49.367088607595
48.75
46.6755319148937
45.822454308094
43.440594059406
42.7007299270073
40.6720741599073
39.795918367347
39.3939393939394
39
38.7845303867404
38.1936887921654
37.823275862069
37.6205787781351
37.4599786552828
35.0299401197605
34.8906560636183
34.7181008902077
34.27734375
33.9458413926499
33.8150289017341
33.6206896551724
33.4923664122138
32.5
32.380073800738
31.9672131147541
31.6787003610109
31.1722912966253
29.5952782462058
29.4463087248322
29.3478260869565
29.1528239202658
28.9126853377265
28.6764705882353
28.4902597402598
28.3521809369952
28.2608695652174
27.9458598726115
27.8571428571429
27.2515527950311
26.7530487804878
26.6717325227964
26.5909090909091
26.5105740181269
26.390977443609
26.311844077961
26.2331838565023
26.1160714285715
26.0385756676558
25.9615384615385
25.8468335787924
25.7709251101322
25.3612716763006
25.2517985611511
24.9289772727273
24.6835443037975
24.5111731843576
24.375
23.9754098360656
23.8451086956522
23.7483085250338
23.6842105263158
23.6204576043069
22.9712041884817
22.911227154047
22.8218465539662
22.7037516170763
22.5
22.4424552429668
21.9101123595506
21.8555417185554
21.7741935483871
21.5867158671587
21.5337423312884
20.9928229665072
20.9427207637232
20.8185053380783
20.6713780918728
20.5503512880562
20.3832752613241
20.2655889145497
19.8081264108352
19.7412823397076
19.6969696969697
19.5870535714286
19.5
19.4352159468439
19.3922651933702
19.3495038588754
19.0968443960827
19.0553745928339
19.0140845070423
18.9524838012959
18.9116379310345
18.8102893890675
18.2242990654206
18.1489141675285
17.9815573770492
17.8899082568807
17.6737160120846
17.6028084252758
17.3934588701685
17.324777887463
17.0719844357977
16.9401544401545
16.9075144508671
16.8103448275862
16.4943609022557
16.3104089219331
16.2801484230056
15.8393501805054
15.6976744186047
15.6417112299465
15.4217926186292
15.1032702237522
14.9744027303754
14.6984924623116
14.504132231405
14.3617021276596
14.3148450244698
13.9285714285714
8.45375722543353
4.47247706422019
4.22687861271677
3.6200495049505
0.997159090909092
0.995349364791289
0.881732315112541
0.715975848563969
0.636977351916377
86.0416666666666
78.5171102661596
77.7777777777777
72.2027972027972
71.5771230502599
70.4778156996586
66.7205169628432
65.764331210191
65.3481012658227
64.8351648351648
64.3302180685358
63.4408602150537
62.1052631578947
60.8247422680412
59.6820809248555
58.8319088319088
58.4985835694051
58.0872011251758
57.3611111111111
54.9202127659574
53.9164490861618
51.1138613861386
50.2433090024331
47.856315179606
46.8253968253968
46.3524130190797
45.8888888888889
45.6353591160221
44.9401523394994
44.5043103448276
44.2658092175777
44.076840981857
41.2175648702595
41.0536779324055
40.8506429277942
40.33203125
39.9419729206963
39.7880539499036
39.55938697318
39.4083969465649
38.2407407407407
38.0996309963099
37.6138433515482
37.2743682310469
36.6785079928952
34.822934232715
34.6476510067114
34.5317725752508
34.3023255813953
34.0197693574959
33.7418300653595
33.5227272727273
33.3602584814216
33.2528180354267
32.8821656050955
32.7777777777778
32.0652173913043
31.4786585365853
31.3829787234042
31.2878787878788
31.1933534743202
31.0526315789473
30.95952023988
30.8669656203288
30.7291666666666
30.6379821958457
30.5473372781065
30.4123711340206
30.3230543318649
29.8410404624277
29.7122302158273
29.3323863636363
29.0436005625879
28.840782122905
28.6805555555555
28.2103825136612
28.0570652173913
27.9431664411367
27.8677462887989
27.792732166891
27.0287958115183
26.9582245430809
26.853055916775
26.7141009055627
26.474358974359
26.4066496163683
25.7802746566791
25.7160647571606
25.6203473945409
25.39975399754
25.3374233128834
24.700956937799
24.6420047732697
24.4958481613286
24.3227326266195
24.1803278688524
23.9837398373984
23.8452655889145
23.3069977426636
23.2283464566929
23.1762065095398
23.046875
22.9444444444444
22.8682170542635
22.817679558011
22.7673649393605
22.4700761697497
22.4212812160695
22.3726977248104
22.3002159827214
22.2521551724138
22.1329046087888
21.4434060228453
21.3547052740434
21.1577868852459
21.0499490316004
20.7955689828801
20.7121364092277
20.4658077304261
20.3849950641658
20.0875486381323
19.9324324324324
19.8940269749518
19.77969348659
19.4078947368421
