0
0
0
0
0
0
0
23.0717185385656
24.6955345060893
25.8457374830853
26.319350473613
26.319350473613
26.9282814614344
27.6048714479026
27.6725304465494
27.6725304465494
28.3491204330176
29.2963464140731
29.2963464140731
29.5669824086603
29.5669824086603
29.7699594046008
29.9729364005413
30.2435723951286
30.3788903924222
30.8525033829499
30.9201623815967
30.9878213802435
31.1231393775372
31.190798376184
31.3261163734777
32.0027063599459
32.0703653585927
32.2733423545331
32.34100135318
33.1529093369418
33.1529093369418
33.3558863328823
33.6941813261163
33.6941813261163
33.6941813261163
33.82949932341
34.2354533152909
34.3031123139378
34.5737483085251
35.1150202976996
35.6562922868742
35.723951285521
36.1975642760487
36.7388362652233
36.8064952638701
36.9418132611637
37.1447902571042
37.8890392422192
38.2273342354533
38.2949932341002
38.362652232747
38.362652232747
38.5656292286874
38.8362652232747
38.9039242219215
39.1069012178619
39.4451962110961
39.6481732070365
39.6481732070365
40.0541271989175
40.2571041948579
40.2571041948579
40.7307171853856
41.001353179973
41.3396481732071
41.4749661705007
41.6102841677943
41.6779431664411
41.9485791610284
41.9485791610284
42.5575101488498
42.5575101488498
42.6251691474967
43.0987821380243
45.0608930987821
45.3991880920163
46.0081190798376
49.5940460081191
53.1123139377537
53.5182679296347
54.3301759133965
59.2016238159675
60.0811907983762
60.2841677943167
64.5466847090663
75.642760487145
76.1840324763195
80.9201623815971
92.8281461434374
93.0987821380244
94.5872801082546
95.1285520974291
95.1285520974291
97.9702300405954
99.4587280108256
0
0
0
0
0
0
0
21.7197452229299
23.2484076433121
24.3312101910828
24.7770700636942
24.7770700636942
25.3503184713376
25.9872611464968
26.0509554140127
26.0509554140127
26.687898089172
27.5796178343949
27.5796178343949
27.8343949044586
27.8343949044586
28.0254777070064
28.2165605095542
28.4713375796178
28.5987261146497
29.0445859872611
29.1082802547771
29.171974522293
29.2993630573248
29.3630573248407
29.4904458598726
30.1273885350318
30.1910828025477
30.3821656050955
30.4458598726115
31.2101910828025
31.2101910828025
31.4012738853503
31.7197452229299
31.7197452229299
31.7197452229299
31.8471337579618
32.2292993630573
32.2929936305733
32.547770700637
33.0573248407643
33.5668789808917
33.6305732484076
34.0764331210191
34.5859872611465
34.6496815286624
34.7770700636942
34.968152866242
35.6687898089172
35.9872611464968
36.0509554140128
36.1146496815287
36.1146496815287
36.3057324840764
36.5605095541402
36.6242038216561
36.8152866242038
37.1337579617835
37.3248407643312
37.3248407643312
37.7070063694268
37.8980891719745
37.8980891719745
38.3439490445859
38.5987261146497
38.9171974522293
39.0445859872611
39.171974522293
39.2356687898089
39.4904458598726
39.4904458598726
40.0636942675159
40.0636942675159
40.1273885350319
40.5732484076433
42.4203821656051
42.7388535031847
43.312101910828
46.687898089172
50
50.3821656050956
51.1464968152866
55.7324840764331
56.5605095541401
56.7515923566879
60.764331210191
71.2101910828027
71.7197452229301
76.1783439490449
87.3885350318475
87.6433121019108
89.0445859872613
89.5541401273887
89.5541401273887
92.2292993630573
93.6305732484078
0
0
0
0
0
0
0
20.517448856799
21.9614921780987
22.9843561973526
23.4055354993983
23.4055354993983
23.9470517448857
24.5487364620939
24.6089049338147
24.6089049338147
25.2105896510229
26.0529482551143
26.0529482551143
26.2936221419976
26.2936221419976
26.47412755716
26.6546329723225
26.8953068592058
27.0156438026474
27.4368231046931
27.4969915764139
27.5571600481347
27.6774969915764
27.7376654632972
27.8580024067389
28.459687123947
28.5198555956678
28.7003610108303
28.7605294825512
29.4825511432009
29.4825511432009
29.6630565583634
29.9638989169675
29.9638989169675
29.9638989169675
30.0842358604091
30.445246690734
30.5054151624549
30.7460890493382
31.2274368231047
31.7087845968713
31.7689530685921
32.1901323706378
32.6714801444043
32.7316486161252
32.8519855595668
33.0324909747292
33.6943441636582
33.9951865222623
34.0553549939832
34.115523465704
34.115523465704
34.2960288808664
34.5367027677497
34.5968712394705
34.7773766546329
35.0782190132371
35.2587244283995
35.2587244283995
35.6197352587244
35.8002406738869
35.8002406738869
36.2214199759326
36.4620938628159
36.76293622142
36.8832731648616
37.0036101083033
37.0637785800241
37.3044524669073
37.3044524669073
37.8459687123947
37.8459687123947
37.9061371841156
38.3273164861612
40.0722021660649
40.3730445246691
40.9145607701564
44.1034897713598
47.2322503008423
47.5932611311673
