0
0
32.07037
32.47632
32.47632
32.74696
33.42355
33.69418
33.8295
33.8295
33.8295
34.64141
34.64141
35.18268
35.45332
35.45332
35.45332
35.58863
35.58863
35.85927
35.99459
35.99459
35.99459
35.99459
35.99459
36.12991
36.12991
36.26522
36.40054
36.40054
36.40054
36.53586
36.53586
36.67118
36.67118
36.67118
36.8065
36.8065
36.8065
36.94181
37.07713
37.07713
37.07713
37.07713
37.07713
37.21245
37.21245
37.34777
37.34777
37.34777
37.34777
37.48309
37.6184
37.75372
37.88904
37.88904
38.02436
38.02436
38.02436
38.02436
38.02436
38.02436
38.02436
38.02436
38.02436
38.02436
38.15968
38.15968
38.29499
38.29499
38.43031
38.43031
38.43031
38.56563
38.56563
38.56563
38.56563
38.70095
38.70095
38.70095
38.70095
38.70095
38.83627
38.83627
38.83627
38.97158
38.97158
38.97158
39.1069
39.1069
39.1069
39.1069
39.24222
39.24222
39.37754
39.37754
39.37754
39.51286
39.51286
39.51286
39.51286
39.51286
39.51286
39.64817
39.64817
39.64817
39.64817
39.64817
39.64817
39.78349
39.78349
39.78349
39.78349
39.78349
39.91881
39.91881
39.91881
39.91881
39.91881
39.91881
39.91881
40.05413
40.18945
40.18945
40.18945
40.18945
40.32476
40.46008
40.46008
40.5954
40.5954
40.5954
40.5954
40.73072
40.73072
40.73072
40.73072
40.73072
40.86604
40.86604
40.86604
41.00135
41.00135
41.00135
41.00135
41.13667
41.13667
41.13667
41.13667
41.13667
41.13667
41.13667
41.27199
41.27199
41.27199
41.27199
41.40731
41.40731
41.54263
41.54263
41.54263
41.54263
41.67794
41.67794
41.81326
41.81326
41.81326
41.94858
41.94858
41.94858
42.0839
42.0839
42.21922
42.21922
42.35453
42.48985
42.48985
42.48985
42.48985
42.62517
42.62517
42.62517
42.62517
42.62517
42.62517
42.76049
42.76049
42.76049
42.76049
42.76049
42.76049
42.76049
42.89581
43.16644
43.16644
43.16644
43.30176
43.30176
43.30176
43.43708
43.43708
43.5724
43.5724
43.5724
43.70771
43.70771
43.70771
43.84303
43.84303
43.84303
43.97835
43.97835
43.97835
44.11367
44.11367
44.11367
44.24899
44.24899
44.24899
44.65494
44.79026
44.79026
44.79026
44.92558
44.92558
44.92558
44.92558
45.06089
45.06089
45.06089
45.06089
45.06089
45.19621
45.19621
45.19621
45.33153
45.33153
45.46685
45.46685
45.46685
45.46685
45.60217
45.60217
45.60217
45.73748
45.73748
45.73748
45.8728
45.8728
46.00812
46.00812
46.14344
46.14344
46.27876
46.27876
46.27876
46.27876
46.41407
46.41407
46.41407
46.41407
46.54939
46.54939
46.68471
46.68471
46.68471
46.68471
46.68471
46.68471
46.82003
46.82003
46.95535
46.95535
46.95535
46.95535
46.95535
47.09066
47.09066
47.09066
47.09066
47.22598
47.3613
47.3613
47.3613
47.3613
47.49662
47.49662
47.63194
