0
0
0
0
0
0
0
0
20.16048
20.86259
21.06319
21.46439
21.8656
22.1665
22.2668
22.3671
22.668
22.7683
23.16951
23.26981
23.67101
23.77131
23.87161
23.97192
23.97192
24.17252
24.37312
24.37312
24.47342
24.47342
24.57372
24.67402
24.77432
24.77432
24.87462
24.87462
25.07523
25.17553
25.17553
25.17553
25.17553
25.27583
25.27583
25.27583
25.27583
25.27583
25.37613
25.47643
25.47643
25.57673
25.57673
25.57673
25.67703
25.77733
25.77733
25.77733
25.77733
25.77733
25.87763
25.87763
26.07823
26.07823
26.07823
26.07823
26.07823
26.17854
26.17854
26.17854
26.17854
26.27884
26.27884
26.37914
26.37914
26.37914
26.37914
26.37914
26.37914
26.37914
26.37914
26.47944
26.47944
26.47944
26.47944
26.47944
26.57974
26.57974
26.68004
26.68004
26.68004
26.78034
26.78034
26.78034
26.78034
26.78034
26.88064
26.98094
26.98094
26.98094
27.08124
27.08124
27.08124
27.08124
27.08124
27.08124
27.18154
27.18154
27.18154
27.18154
27.28185
27.28185
27.28185
27.28185
27.38215
27.38215
27.48245
27.48245
27.48245
27.48245
27.58275
27.58275
27.58275
27.68305
27.68305
27.68305
27.78335
27.88365
27.88365
27.88365
27.88365
27.88365
27.98395
27.98395
27.98395
27.98395
27.98395
28.08425
28.08425
28.08425
28.08425
28.08425
28.08425
28.18455
28.18455
28.18455
28.28485
28.38516
28.38516
28.38516
28.38516
28.48546
28.48546
28.58576
28.58576
28.58576
28.58576
28.58576
28.68606
28.68606
28.68606
28.78636
28.88666
28.88666
28.88666
28.88666
28.98696
28.98696
28.98696
28.98696
28.98696
28.98696
29.08726
29.08726
29.08726
29.18756
29.18756
29.18756
29.28786
29.28786
29.28786
29.38816
29.48847
29.48847
29.48847
29.48847
29.58877
29.68907
29.78937
29.78937
29.78937
29.88967
29.88967
29.88967
29.98997
29.98997
29.98997
29.98997
29.98997
30.09027
30.09027
30.09027
30.19057
30.29087
30.29087
30.29087
30.29087
30.29087
30.39117
30.49147
30.49147
30.49147
30.59178
30.59178
30.59178
30.69208
30.69208
30.79238
30.79238
30.79238
30.99298
30.99298
31.09328
31.09328
31.09328
31.19358
31.39418
31.39418
31.49448
31.49448
31.49448
31.49448
31.59478
31.59478
31.69509
31.69509
31.99599
31.99599
32.09629
32.09629
32.09629
32.19659
32.29689
32.29689
32.29689
32.39719
32.39719
32.39719
32.49749
32.59779
32.69809
32.69809
32.69809
32.69809
32.69809
32.69809
32.7984
32.7984
33.0993
33.0993
33.2999
33.4002
33.4002
33.4002
33.5005
33.6008
33.7011
33.90171
33.90171
33.90171
34.10231
34.20261
34.20261
34.40321
34.40321
34.50351
34.50351
34.60381
34.60381
34.90471
34.90471
35.10532
35.20562
35.20562
35.40622
35.40622
35.40622
35.50652
35.60682
35.60682
