0
0
87.8048780487805
0
0
20.6369426751592
26.687898089172
27.1337579617834
28.5987261146497
29.3630573248407
30.1910828025477
31.4012738853503
32.3566878980892
32.9936305732484
33.312101910828
33.4394904458599
33.5031847133758
33.5668789808917
33.6305732484076
33.6942675159236
35.3503184713376
35.796178343949
36.4968152866242
36.4968152866242
37.1974522292994
37.2611464968153
37.2611464968153
37.3248407643312
37.3885350318471
37.7707006369427
37.8980891719745
38.28025477707
38.3439490445859
38.4076433121019
38.5987261146497
38.7261146496815
39.4267515923567
39.5541401273885
39.8089171974522
40.2547770700637
40.6369426751593
40.7643312101911
40.9554140127389
41.4012738853503
41.5286624203822
41.5286624203822
41.656050955414
41.9108280254777
41.9108280254777
41.9108280254777
42.6751592356688
42.8025477707006
42.9299363057324
43.0573248407643
43.9490445859872
44.3312101910828
44.4585987261146
44.4585987261146
44.6496815286624
45.1592356687898
45.2229299363058
45.2866242038217
45.4777070063694
45.6050955414013
45.6687898089172
45.7324840764332
45.9872611464968
46.4968152866242
46.8789808917197
46.9426751592357
47.1337579617834
47.452229299363
47.7070063694267
47.8980891719745
48.0891719745223
48.4076433121019
48.5350318471337
49.171974522293
49.2993630573249
49.6815286624204
49.8089171974523
50.5095541401274
50.7006369426752
50.9554140127389
51.4012738853503
51.4012738853503
51.8471337579618
52.484076433121
53.0573248407643
53.5031847133758
53.9490445859873
54.3949044585988
55.0955414012739
55.1592356687898
55.3503184713376
56.1783439490446
56.6878980891719
56.8789808917197
58.4076433121019
59.4267515923567
60.5095541401274
60.828025477707
70.0636942675163
72.7388535031849
74.1401273885354
77.0700636942673
79.3630573248409
81.1464968152865
83.184713375796
95.0318471337576
97.5796178343952
99.1082802547767
0
0
17.5514626218852
22.6977248104009
23.0769230769231
24.3228602383532
24.9729144095341
25.6771397616468
26.7063921993499
27.5189599133261
28.0606717226436
28.3315276273023
28.4398699891658
28.4940411700975
28.5482123510293
28.602383531961
28.6565547128927
30.0650054171181
30.4442036836403
31.0400866738895
31.0400866738895
31.6359696641387
31.6901408450704
31.6901408450704
31.7443120260021
31.7984832069339
32.1235102925244
32.2318526543879
32.5568797399783
32.61105092091
32.6652221018418
32.8277356446371
32.9360780065005
33.5319609967497
33.6403033586132
33.8569880823402
34.2361863488624
34.5612134344529
34.6695557963164
34.8320693391116
35.2112676056338
35.3196099674973
35.3196099674973
35.4279523293608
35.6446370530877
35.6446370530877
35.6446370530877
36.2946912242687
36.4030335861322
36.5113759479956
36.6197183098592
37.3781148429035
37.703141928494
37.8114842903575
37.8114842903575
37.9739978331528
38.4073672806067
38.4615384615385
38.5157096424702
38.6782231852654
38.7865655471289
38.8407367280607
38.8949079089925
39.1115926327194
39.5449620801733
39.8699891657638
39.9241603466955
40.0866738894908
40.3575297941495
40.5742145178765
40.7367280606717
40.899241603467
41.1700975081257
41.2784398699891
41.8201516793066
41.9284940411701
42.2535211267606
42.3618634886241
42.9577464788732
43.1202600216685
43.3369447453954
43.7161430119177
43.7161430119177
44.0953412784399
44.6370530877573
45.124593716143
45.5037919826652
45.8829902491874
46.2621885157097
46.8580715059588
46.9122426868905
47.0747562296858
47.7789815817985
48.2123510292524
48.3748645720477
49.6749729144095
50.5417118093174
51.4626218851571
51.7334777898158
59.588299024919
61.8634886240522
63.0552546045507
65.5471289274105
67.4972914409536
69.0140845070421
70.7475622968579
80.8234019501622
82.9902491874326
84.2903575297939
87.7573131094255
88.5157096424701
93.2827735644636
94.1495124593715
95.1245937161433
98.1581798483204
0
0
13.5
17.4583333333333
17.75
18.7083333333333
19.2083333333333
19.75
20.5416666666667
21.1666666666667
21.5833333333334
21.7916666666667
21.875
21.9166666666667
21.9583333333333
22
22.0416666666667
23.125
23.4166666666666
23.875
23.875
24.3333333333333
24.375
24.375
24.4166666666666
24.4583333333333
24.7083333333333
24.7916666666667
25.0416666666667
25.0833333333333
25.125
25.25
25.3333333333333
25.7916666666667
25.875
26.0416666666667
26.3333333333333
26.5833333333334
26.6666666666667
26.7916666666667
27.0833333333333
27.1666666666667
27.1666666666667
27.25
27.4166666666666
27.4166666666666
27.4166666666666
27.9166666666667
28
28.0833333333333
28.1666666666667
28.75
29
29.0833333333333
29.0833333333333
29.2083333333333
29.5416666666667
29.5833333333334
29.625
29.75
29.8333333333333
