0
0
0
30.44218
34.35374
37.58503
38.09524
38.26531
38.43537
38.60544
38.94558
38.94558
39.28571
39.28571
39.45578
39.79592
39.79592
39.96599
40.13605
40.47619
40.64626
40.64626
40.81633
40.81633
40.81633
40.98639
41.15646
41.15646
41.15646
41.15646
41.4966
41.4966
41.66667
41.83673
41.83673
42.0068
42.0068
42.0068
42.17687
42.17687
42.17687
42.34694
42.34694
42.51701
42.68707
42.68707
42.68707
42.68707
42.85714
42.85714
43.02721
43.02721
43.02721
43.02721
43.02721
43.02721
43.19728
43.19728
43.19728
43.19728
43.36735
43.53741
43.53741
43.53741
43.53741
43.53741
43.53741
43.70748
43.70748
43.87755
43.87755
43.87755
44.04762
44.04762
44.04762
44.04762
44.04762
44.04762
44.04762
44.04762
44.04762
44.04762
44.04762
44.21769
44.21769
44.21769
44.38776
44.38776
44.38776
44.38776
44.38776
44.38776
44.38776
44.38776
44.55782
44.55782
44.55782
44.55782
44.55782
44.55782
44.55782
44.72789
44.72789
44.72789
44.72789
44.72789
44.72789
44.89796
44.89796
44.89796
45.06803
45.06803
45.2381
45.2381
45.2381
45.2381
45.2381
45.2381
45.2381
45.2381
45.40816
45.40816
45.40816
45.57823
45.57823
45.57823
45.57823
45.57823
45.57823
45.57823
45.57823
45.57823
45.7483
45.7483
45.7483
45.7483
45.7483
45.7483
45.91837
45.91837
46.08844
46.08844
46.08844
46.08844
46.2585
46.2585
46.2585
46.2585
46.2585
46.2585
46.42857
46.42857
46.42857
46.42857
46.59864
46.59864
46.59864
46.59864
46.76871
46.93878
46.93878
46.93878
46.93878
47.10884
47.10884
47.10884
47.10884
47.10884
47.27891
47.27891
47.27891
47.27891
47.44898
47.44898
47.44898
47.44898
47.44898
47.44898
47.44898
47.61905
47.61905
47.61905
47.61905
47.78912
47.78912
47.78912
47.78912
47.95918
47.95918
47.95918
47.95918
47.95918
48.12925
48.12925
48.29932
48.29932
48.29932
48.29932
48.46939
48.46939
48.46939
48.46939
48.46939
48.46939
48.46939
48.63946
48.80952
48.80952
48.80952
48.80952
48.80952
48.97959
48.97959
48.97959
49.14966
49.14966
49.14966
49.14966
49.14966
49.31973
49.4898
49.4898
49.4898
49.4898
49.4898
49.4898
49.65986
49.65986
49.65986
49.82993
49.82993
50
50
50
50
50
50.17007
50.17007
50.17007
50.17007
50.17007
50.17007
50.17007
50.17007
50.34014
50.34014
50.34014
50.34014
50.5102
50.5102
50.5102
50.5102
50.5102
50.5102
50.5102
50.5102
50.5102
50.68027
50.68027
50.85034
50.85034
50.85034
51.02041
51.02041
51.02041
51.02041
51.02041
51.19048
51.19048
51.19048
51.19048
51.36054
51.36054
51.36054
51.36054
51.36054
51.53061
51.53061
51.70068
51.70068
51.70068
51.70068
51.70068
51.70068
51.87075
51.87075
51.87075
51.87075
