0
0
0
0
0
0
0
62.65823
67.72152
72.78481
74.05063
76.58228
76.89873
77.8481
79.74684
80.37975
80.37975
82.59494
82.91139
84.17722
84.49367
85.12658
85.12658
85.44304
86.70886
87.02532
87.97468
87.97468
88.60759
88.60759
88.60759
88.92405
89.24051
89.87342
90.50633
90.82278
91.13924
91.13924
91.13924
91.4557
91.77215
92.08861
92.08861
94.3038
95.25316
96.20253
96.51899
96.83544
97.46835
97.46835
98.10127
98.10127
99.36709
99.68354
100
100
0
0
0
0
0
0
0
26.79296
28.95805
31.12314
31.66441
32.74696
32.88227
33.28823
34.10014
34.37077
34.37077
35.318
35.45332
35.99459
36.12991
36.40054
36.40054
36.53586
37.07713
37.21245
37.6184
37.6184
37.88904
37.88904
37.88904
38.02436
38.15968
38.43031
38.70095
38.83627
38.97158
38.97158
38.97158
39.1069
39.24222
39.37754
39.37754
40.32476
40.73072
41.13667
41.27199
41.40731
41.67794
41.67794
41.94858
41.94858
42.48985
42.62517
42.76049
42.76049
42.89581
43.5724
43.5724
43.70771
43.70771
43.70771
43.70771
43.84303
43.84303
44.11367
44.11367
44.3843
44.51962
44.65494
44.65494
44.79026
45.60217
45.60217
46.00812
46.27876
46.41407
46.82003
47.22598
47.3613
47.49662
47.76725
47.76725
48.03789
48.44384
48.44384
48.44384
48.44384
48.44384
48.57916
48.98512
50.47361
50.87957
51.01488
51.1502
51.28552
51.42084
51.82679
52.77402
52.90934
53.99188
55.48038
55.6157
56.29229
83.35589
0
0
0
0
0
0
0
21.45179
23.18527
24.91874
25.35211
26.21885
26.32719
26.65222
27.30228
27.51896
27.51896
28.27736
28.3857
28.81907
28.92741
29.1441
29.1441
29.25244
29.68581
29.79415
30.11918
30.11918
30.33586
30.33586
30.33586
30.4442
30.55255
30.76923
30.98592
31.09426
31.2026
31.2026
31.2026
31.31094
31.41928
31.52763
31.52763
32.28602
32.61105
32.93608
33.04442
33.15276
33.36945
33.36945
33.58613
33.58613
34.0195
34.12784
34.23619
34.23619
34.34453
34.88624
34.88624
34.99458
34.99458
34.99458
34.99458
35.10293
35.10293
35.31961
35.31961
35.53629
35.64464
35.75298
35.75298
35.86132
36.51138
36.51138
36.8364
37.05309
37.16143
37.48646
37.81148
37.91983
38.02817
38.24485
38.24485
38.46154
38.78657
38.78657
38.78657
38.78657
38.78657
38.89491
39.21993
40.4117
40.73673
40.84507
40.95341
41.06176
41.1701
41.49512
42.25352
42.36186
43.2286
44.42037
44.52871
45.07042
66.73889
0
0
0
0
0
0
0
11.91336
12.87605
13.83875
14.07942
14.56077
14.62094
14.80144
15.16245
15.28279
15.28279
15.70397
15.76414
16.00481
16.06498
16.18532
