0
0
0
0
28.06859
48.73646
85.37906
0
0
22.7672
39.53148
69.25329
0
0
12.20565
21.19309
37.12716
73.15542
89.32496
91.83673
97.64521
99.37206
0
0
3.032371
5.265211
9.223869
18.17473
22.19189
22.81591
24.25897
24.68799
25.50702
28.51014
33.42434
33.81435
34.47738
35.1014
36.42746
36.70047
37.20749
37.36349
37.36349
37.71451
38.02652
38.06552
38.41654
38.49454
38.68955
38.76755
39.04056
39.07956
39.11856
39.15757
39.15757
39.19657
39.27457
39.39158
39.46958
39.54758
39.58658
39.85959
39.8986
39.9376
40.17161
40.24961
40.32761
40.40562
40.48362
40.48362
40.48362
40.56162
40.56162
40.63963
40.63963
40.87363
40.87363
40.87363
40.95164
40.95164
40.95164
41.02964
41.02964
41.26365
41.26365
41.34165
41.49766
41.80967
41.96568
42.04368
42.12168
42.12168
42.19969
42.27769
42.35569
42.35569
42.4337
42.4337
42.5897
42.74571
42.74571
42.82371
42.82371
42.90172
43.05772
43.13573
43.13573
43.13573
43.21373
43.21373
43.21373
43.36973
43.44774
43.44774
43.52574
43.52574
43.75975
43.83775
43.83775
44.07176
44.07176
44.07176
44.07176
44.14977
44.14977
44.30577
44.30577
44.30577
44.38378
44.38378
44.46178
44.46178
44.53978
44.53978
44.53978
44.61778
44.69579
44.69579
44.69579
44.69579
44.69579
44.77379
44.77379
44.85179
44.85179
44.85179
44.9298
44.9298
44.9298
44.9298
44.9298
45.0078
45.0078
45.0858
45.0858
45.0858
45.0858
45.16381
45.16381
45.16381
45.24181
45.24181
45.24181
45.24181
45.31981
45.31981
45.31981
45.39782
45.39782
45.47582
45.47582
45.55382
45.55382
45.63183
45.63183
45.63183
45.63183
45.63183
45.70983
45.78783
45.78783
45.78783
45.78783
45.86583
45.94384
45.94384
45.94384
45.94384
46.02184
46.02184
46.02184
46.02184
46.02184
46.09984
46.09984
46.09984
46.09984
46.17785
46.25585
46.25585
46.25585
46.25585
46.25585
46.33385
46.33385
46.33385
46.33385
46.41186
46.41186
46.41186
46.41186
46.41186
46.41186
46.48986
46.48986
46.48986
46.48986
46.48986
46.48986
46.56786
46.64587
46.64587
46.72387
46.72387
46.72387
46.72387
46.80187
46.87988
46.87988
46.95788
46.95788
46.95788
47.03588
47.11388
47.11388
47.11388
47.11388
47.11388
47.11388
47.19189
47.19189
47.19189
47.19189
47.19189
47.26989
47.26989
47.34789
47.34789
47.34789
47.34789
47.34789
47.4259
47.4259
47.4259
47.4259
47.4259
47.5039
47.5039
47.5039
47.5039
47.5039
47.5819
47.5819
47.5819
47.5819
47.5819
47.5819
47.5819
47.65991
47.65991
47.65991
47.65991
47.73791
47.73791
47.73791
47.73791
47.81591
47.81591
47.81591
47.81591
47.81591
47.81591
47.89392
47.89392
47.89392
47.97192
47.97192
48.04992
