0
0
0
0
0
0
0
0
0
0
0
0
0
0
0
0
0
0
0
0
0
0
0
0
0
0
0
0
0
0
0
0
0
0
0
0
0
0
0
0
0
0
0
0
0
0
0
0
0
0
0
0
0
0
0
23.7020316027087
23.7020316027087
24.6049661399548
24.6049661399548
25.0564334085779
25.2821670428894
25.2821670428894
25.7336343115123
25.7336343115123
25.7336343115123
25.7336343115123
25.7336343115123
25.959367945824
25.959367945824
25.959367945824
26.1851015801354
26.1851015801354
26.1851015801354
26.4108352144469
26.4108352144469
26.4108352144469
26.6365688487586
26.6365688487586
26.86230248307
26.86230248307
26.86230248307
27.0880361173815
27.3137697516929
27.5395033860044
27.5395033860044
27.5395033860044
27.7652370203161
27.9909706546275
27.9909706546275
27.9909706546275
28.216704288939
28.4424379232507
28.6681715575621
28.8939051918736
28.8939051918736
29.119638826185
29.119638826185
29.3453724604965
29.3453724604965
29.5711060948082
29.5711060948082
29.7968397291196
29.7968397291196
30.0225733634311
30.0225733634311
30.0225733634311
30.2483069977428
30.4740406320542
30.4740406320542
30.6997742663657
30.9255079006771
31.1512415349886
31.3769751693003
31.3769751693003
31.6027088036117
32.7313769751692
32.9571106094807
33.4085778781038
33.4085778781038
33.4085778781038
34.0857787810384
34.3115124153499
34.3115124153499
34.5372460496613
34.7629796839728
34.7629796839728
34.9887133182845
34.9887133182845
35.2144469525959
35.2144469525959
35.2144469525959
35.4401805869074
35.4401805869074
35.4401805869074
35.8916478555305
36.3431151241534
36.3431151241534
36.5688487584649
36.7945823927766
36.7945823927766
37.020316027088
37.2460496613995
37.2460496613995
37.6975169300226
37.9232505643341
37.9232505643341
37.9232505643341
37.9232505643341
38.1489841986455
38.1489841986455
38.374717832957
38.374717832957
38.374717832957
38.6004514672687
38.8261851015801
38.8261851015801
39.0519187358916
39.0519187358916
39.5033860045147
39.5033860045147
39.7291196388262
39.7291196388262
39.7291196388262
39.7291196388262
39.7291196388262
39.9548532731376
39.9548532731376
39.9548532731376
40.1805869074491
40.1805869074491
40.1805869074491
40.1805869074491
40.4063205417608
40.4063205417608
40.4063205417608
40.4063205417608
40.6320541760722
40.6320541760722
40.6320541760722
40.6320541760722
40.8577878103837
40.8577878103837
40.8577878103837
41.0835214446954
41.0835214446954
41.0835214446954
41.3092550790068
41.3092550790068
41.7607223476297
41.7607223476297
41.7607223476297
41.7607223476297
41.7607223476297
41.9864559819412
41.9864559819412
41.9864559819412
41.9864559819412
42.2121896162529
42.2121896162529
42.2121896162529
42.4379232505643
42.4379232505643
42.4379232505643
42.4379232505643
42.8893905191875
42.8893905191875
42.8893905191875
42.8893905191875
42.8893905191875
43.1151241534989
43.1151241534989
43.3408577878104
43.3408577878104
43.7923250564333
43.7923250564333
43.7923250564333
44.018058690745
44.018058690745
44.018058690745
44.018058690745
44.2437923250564
44.2437923250564
44.2437923250564
44.2437923250564
44.4695259593679
44.4695259593679
44.4695259593679
44.4695259593679
44.6952595936796
44.6952595936796
44.6952595936796
45.1467268623025
45.1467268623025
45.1467268623025
45.1467268623025
45.1467268623025
45.1467268623025
45.1467268623025
45.1467268623025
45.3724604966139
45.3724604966139
45.3724604966139
45.5981941309254
45.5981941309254
45.8239277652371
45.8239277652371
45.8239277652371
45.8239277652371
46.27539503386
46.27539503386
46.27539503386
46.5011286681717
46.5011286681717
46.5011286681717
46.5011286681717
46.5011286681717
46.5011286681717
46.5011286681717
46.5011286681717
46.7268623024831
46.7268623024831
46.7268623024831
46.7268623024831
46.7268623024831
46.7268623024831
46.9525959367946
46.9525959367946
46.9525959367946
46.9525959367946
47.178329571106
47.178329571106
47.178329571106
47.178329571106
47.178329571106
47.178329571106
47.4040632054175
47.4040632054175
47.4040632054175
47.4040632054175
47.4040632054175
47.4040632054175
47.6297968397292
47.8555304740406
47.8555304740406
47.8555304740406
47.8555304740406
47.8555304740406
47.8555304740406
