0
0
0
0
0
0
0
1.44404332129964
0
0
0
0
0
0
0
1.0840108401084
0
0
0
0
0
0
0
49.8194945848376
53.67027677497
54.8736462093863
55.1143200962695
55.3549939831528
56.3176895306859
56.6787003610109
57.4007220216606
57.641395908544
57.7617328519856
57.8820697954272
57.8820697954272
58.0024067388688
59.0854392298436
59.6871239470517
60.7701564380264
60.890493381468
61.6125150421179
61.7328519855595
62.2141997593261
62.6955475330926
63.0565583634176
63.1768953068592
64.3802647412756
64.7412755716004
65.3429602888087
65.7039711191335
66.6666666666666
69.0734055354995
70.6377858002407
71.2394705174489
75.3309265944644
79.9037304452467
80.3850782190132
82.3104693140794
98.676293622142
0.481347773766546
0
0
0
0
0
0
0
34.5
37.1666666666667
38
38.1666666666666
38.3333333333333
39
39.25
39.75
39.9166666666667
40
40.0833333333333
40.0833333333333
40.1666666666666
40.9166666666667
41.3333333333333
42.0833333333333
42.1666666666666
42.6666666666667
42.75
43.0833333333333
43.4166666666667
43.6666666666667
43.75
44.5833333333333
44.8333333333333
45.25
45.5
46.1666666666666
47.8333333333334
48.9166666666667
49.3333333333333
52.1666666666666
55.3333333333333
55.6666666666667
57
68.3333333333333
71.1666666666667
71.5
0.333333333333333
0
0
0
0
0
0
0
29.9132947976879
32.2254335260116
32.9479768786127
33.0924855491329
33.2369942196532
33.8150289017341
34.0317919075145
34.4653179190751
34.6098265895954
34.6820809248555
34.7543352601156
34.7543352601156
34.8265895953757
35.4768786127168
35.8381502890173
36.4884393063584
36.5606936416185
36.9942196531792
37.0664739884393
37.3554913294797
37.6445086705202
37.8612716763006
37.9335260115607
38.6560693641619
38.8728323699422
39.2341040462428
39.4508670520231
40.028901734104
41.4739884393064
42.4132947976879
42.7745664739884
45.2312138728323
47.9768786127168
48.2658959537572
49.4219653179191
59.2485549132948
61.7052023121388
61.9942196531792
99.4219653179191
0.289017341040462
0
0
0
0
0
0
0
24.9097472924188
26.835138387485
27.4368231046931
27.5571600481347
27.6774969915764
28.158844765343
28.3393501805054
28.7003610108303
28.820697954272
28.8808664259928
28.9410348977136
28.9410348977136
29.0012033694344
29.5427196149218
29.8435619735259
30.3850782190132
30.445246690734
30.806257521059
30.8664259927798
31.107099879663
31.3477737665463
31.5282791817088
31.5884476534296
32.1901323706378
32.3706377858002
32.6714801444043
32.8519855595668
33.3333333333333
34.5367027677497
35.3188929001204
35.6197352587244
37.6654632972322
39.9518652226233
40.1925391095066
41.1552346570397
49.338146811071
51.3838748495789
51.6245487364621
82.791817087846
84.8375451263536
87.48495788207
90.4933814681107
92.6594464500599
99.6389891696751
0.240673886883273
0
0
0
0
0
0
0
23.6031927023946
25.4275940706956
25.9977194982896
26.1117445838084
26.2257696693273
26.6818700114025
26.8529076396807
27.1949828962372
27.309007981756
27.3660205245154
27.4230330672748
27.4230330672748
27.4800456100342
27.9931584948689
28.2782212086659
28.7913340935006
28.8483466362599
29.1904218928164
29.2474344355758
29.4754846066134
29.7035347776511
29.8745724059293
29.9315849486887
30.5017103762828
30.672748004561
30.9578107183581
31.1288483466362
31.5849486887115
32.7251995438997
33.466362599772
33.751425313569
35.6898517673888
37.8563283922463
38.0843785632839
38.9965792474344
46.7502850627138
48.6887115165337
48.9167616875712
78.4492588369441
80.3876852907638
82.896237172178
85.7468643101482
87.7993158494866
94.4127708095781
98.4036488027368
98.6316989737741
0.228050171037628
0
0
0
0
0
0
0
22.4268689057422
24.160346695558
24.7020585048754
24.8104008667389
24.9187432286024
25.3521126760563
25.5146262188516
25.839653304442
25.9479956663055
26.0021668472373
26.056338028169
26.056338028169
26.1105092091007
26.5980498374865
26.8689057421452
27.3564463705309
27.4106175514626
27.7356446370531
27.7898158179848
28.0065005417118
28.2231852654388
28.385698808234
