0
0
0
0
0
0
0
0
0
0
0
0
0
0
0
0
0
0
26.38701
27.19892
28.01083
28.28146
29.09337
29.36401
29.36401
29.49932
29.63464
30.31123
30.44655
30.44655
30.58187
30.71719
30.71719
30.71719
30.8525
30.8525
30.8525
30.8525
30.98782
30.98782
30.98782
30.98782
31.12314
31.25846
31.25846
31.39378
31.52909
31.52909
31.52909
31.66441
31.66441
31.79973
31.79973
31.79973
31.93505
31.93505
31.93505
31.93505
32.07037
32.07037
32.341
32.341
32.341
32.341
32.341
32.47632
32.47632
32.47632
32.74696
32.74696
32.74696
32.88227
32.88227
33.01759
33.01759
33.01759
33.01759
33.01759
33.15291
33.15291
33.15291
33.15291
33.28823
33.28823
33.28823
33.28823
33.28823
33.28823
33.28823
33.28823
33.42355
33.42355
33.55886
33.55886
33.69418
33.69418
33.69418
33.8295
33.8295
33.8295
33.8295
33.8295
33.8295
33.96482
33.96482
33.96482
33.96482
33.96482
33.96482
33.96482
33.96482
33.96482
34.10014
34.10014
34.10014
34.10014
34.10014
34.10014
34.23545
34.23545
34.23545
34.23545
34.23545
34.37077
34.37077
34.50609
34.50609
34.50609
34.50609
34.64141
34.64141
34.64141
34.64141
34.64141
34.64141
34.64141
34.77673
34.77673
34.77673
34.77673
34.77673
34.77673
34.77673
34.77673
34.77673
34.77673
34.77673
34.91204
34.91204
34.91204
34.91204
34.91204
34.91204
35.04736
35.04736
35.04736
35.04736
35.04736
35.18268
35.18268
35.18268
35.18268
35.18268
35.318
35.318
35.318
35.318
35.318
35.318
35.318
35.318
35.318
35.45332
35.45332
35.45332
35.45332
35.58863
35.58863
35.58863
35.58863
35.58863
35.58863
35.58863
35.58863
35.58863
35.58863
35.72395
35.72395
35.72395
35.72395
35.72395
35.72395
35.72395
35.85927
35.85927
35.85927
35.85927
35.85927
35.85927
35.85927
35.85927
35.99459
35.99459
35.99459
35.99459
35.99459
35.99459
35.99459
35.99459
35.99459
36.12991
36.12991
36.12991
36.12991
36.12991
36.12991
36.12991
36.26522
36.26522
36.26522
36.26522
36.40054
36.40054
36.40054
36.40054
36.40054
36.40054
36.40054
36.40054
36.40054
36.40054
36.53586
36.53586
36.53586
36.53586
36.53586
36.53586
36.53586
36.53586
36.67118
36.67118
36.67118
36.67118
36.67118
36.67118
36.67118
36.67118
36.67118
36.67118
36.67118
36.8065
36.8065
36.8065
36.8065
36.8065
36.8065
36.8065
36.94181
36.94181
36.94181
36.94181
36.94181
36.94181
36.94181
37.07713
37.07713
37.07713
37.07713
37.07713
37.07713
37.07713
37.07713
37.07713
37.07713
37.07713
37.07713
37.07713
37.21245
37.21245
37.21245
37.34777
37.34777
37.34777
37.34777
37.34777
37.48309
37.48309
37.48309
