0
0
0
0
0
0
14.25206
14.36985
16.3722
16.72556
18.61013
19.08127
23.08598
23.08598
23.55713
23.55713
23.67491
24.02827
24.26384
24.38163
24.49941
24.49941
24.73498
24.73498
24.85277
24.85277
24.97055
25.08834
25.32391
25.32391
25.4417
25.4417
25.55948
25.55948
25.55948
25.55948
25.55948
25.55948
25.67727
25.67727
25.79505
25.79505
25.79505
25.91284
25.91284
25.91284
26.03062
26.03062
26.03062
26.03062
26.03062
26.03062
26.03062
26.03062
26.14841
26.14841
26.14841
26.14841
26.14841
26.14841
26.14841
26.2662
26.2662
26.2662
26.38398
26.38398
26.38398
26.50177
26.50177
26.50177
26.61955
26.61955
26.61955
26.61955
26.61955
26.73734
26.73734
26.73734
26.73734
26.73734
26.73734
26.73734
26.85512
26.85512
26.85512
26.85512
26.97291
26.97291
26.97291
26.97291
26.97291
26.97291
26.97291
26.97291
26.97291
26.97291
26.97291
27.09069
27.09069
27.09069
27.09069
27.09069
27.09069
27.09069
27.09069
27.09069
27.09069
27.20848
27.20848
27.20848
27.20848
27.20848
27.20848
27.32627
27.32627
27.32627
27.32627
27.32627
27.32627
27.32627
27.32627
27.44405
27.44405
27.44405
27.44405
27.44405
27.44405
27.44405
27.44405
27.56184
27.56184
27.56184
27.56184
27.56184
27.56184
27.56184
27.56184
27.67962
27.67962
27.67962
27.67962
27.67962
27.67962
27.67962
27.79741
27.79741
27.79741
27.79741
27.79741
27.79741
27.79741
27.91519
27.91519
27.91519
27.91519
27.91519
27.91519
27.91519
28.03298
28.03298
28.03298
28.03298
28.03298
28.03298
28.03298
28.03298
28.03298
28.15077
28.15077
28.15077
28.15077
28.15077
28.15077
28.15077
28.15077
28.26855
28.26855
28.26855
28.26855
28.26855
28.26855
28.26855
28.26855
28.26855
28.26855
28.26855
28.38634
28.38634
28.38634
28.38634
28.38634
28.38634
28.38634
28.38634
28.38634
28.38634
28.38634
28.38634
28.38634
28.38634
28.38634
28.50412
28.50412
28.50412
28.50412
28.50412
28.50412
28.50412
28.50412
28.62191
28.62191
28.62191
28.62191
28.62191
28.73969
28.73969
28.73969
28.73969
28.73969
28.73969
28.73969
28.73969
28.73969
28.73969
28.73969
28.73969
28.73969
28.73969
28.85748
28.85748
28.85748
28.85748
28.85748
28.85748
28.97527
28.97527
28.97527
28.97527
28.97527
28.97527
28.97527
28.97527
29.09305
29.09305
29.09305
29.09305
29.09305
29.09305
29.09305
29.09305
29.09305
29.09305
29.21084
29.21084
29.21084
29.21084
29.21084
29.21084
29.21084
29.21084
29.21084
29.21084
29.21084
29.21084
29.32862
29.32862
29.32862
29.32862
29.32862
29.32862
29.32862
29.32862
29.32862
29.32862
29.44641
29.44641
29.44641
29.44641
29.44641
29.44641
29.44641
29.44641
29.44641
29.44641
29.56419
29.56419
29.56419
29.56419
