0
0
0
0
60.8294930875576
62.6728110599078
64.9769585253457
66.05222734255
68.8172043010753
73.4254992319509
75.4224270353303
76.036866359447
79.4162826420891
79.5698924731184
80.3379416282642
81.4132104454684
81.4132104454684
82.9493087557604
83.410138248848
85.7142857142858
89.0937019969278
89.2473118279569
89.7081413210445
90.6298003072198
90.6298003072198
91.7050691244239
95.2380952380952
96.0061443932411
96.1597542242703
96.4669738863287
96.6205837173579
96.7741935483872
99.8463901689707
0
0
0
0
22.680412371134
23.3676975945017
24.2268041237114
24.6277205040092
25.6586483390607
27.37686139748
28.1214203894616
28.3505154639175
29.610538373425
29.667812142039
29.9541809851088
30.3550973654066
30.3550973654066
30.9278350515464
31.0996563573883
31.958762886598
33.2187857961054
33.2760595647193
33.4478808705613
33.7915234822452
33.7915234822452
34.1924398625429
35.5097365406644
35.7961053837342
35.8533791523482
35.9679266895762
36.0252004581901
36.0824742268042
37.2279495990836
37.5715922107675
37.7434135166094
37.7434135166094
37.8579610538373
37.9152348224513
38.602520045819
38.659793814433
38.7743413516609
39.4616265750286
39.6334478808706
40.950744558992
42.2680412371134
42.4398625429553
42.5544100801833
42.7835051546392
43.298969072165
44.2153493699885
44.3871706758305
44.6162657502864
44.9026345933562
45.0171821305842
45.1317296678121
45.53264604811
45.7044673539519
45.8190148911798
46.3917525773196
46.3917525773196
46.6208476517755
48.1099656357388
48.2817869415808
48.3963344788087
49.0263459335624
49.3699885452463
49.5418098510882
49.5418098510882
49.7136311569301
50.114547537228
50.2290950744559
51.0882016036655
51.4891179839634
52.0618556701031
52.5200458190149
54.2382588774342
63.9175257731962
65.979381443299
67.3539518900344
67.6975945017184
67.8121420389462
68.0412371134018
75.6013745704467
80.1832760595647
87.1706758304695
88.8888888888889
90.9507445589917
91.9816723940437
92.7835051546389
99.541809851088
0
0
0
0
21.4517876489707
22.1018418201517
22.9144095341279
23.2936078006501
24.2686890574215
25.8938244853738
26.5980498374865
26.8147345612134
28.0065005417118
28.0606717226436
28.3315276273023
28.7107258938245
28.7107258938245
29.2524377031419
29.4149512459372
30.2275189599134
31.4192849404117
31.4734561213434
31.6359696641387
31.9609967497292
31.9609967497292
32.3401950162513
33.5861321776815
33.8569880823402
33.9111592632719
34.0195016251354
34.0736728060672
34.1278439869989
35.2112676056338
35.5362946912243
35.6988082340195
35.6988082340195
35.807150595883
35.8613217768148
36.5113759479956
36.5655471289274
36.6738894907909
37.3239436619718
37.4864572047671
38.7323943661972
39.9783315276273
40.1408450704225
40.249187432286
40.465872156013
40.9534127843987
41.8201516793066
41.9826652221019
42.1993499458288
42.4702058504875
42.578548212351
42.6868905742145
43.0660888407367
43.228602383532
43.3369447453954
43.8786565547129
43.8786565547129
44.0953412784399
45.5037919826652
45.6663055254605
45.7746478873239
46.3705308775731
46.6955579631636
46.8580715059588
46.8580715059588
47.0205850487541
47.3997833152763
47.5081256771398
48.3206933911159
48.6998916576381
49.2416034669556
49.6749729144095
51.3001083423619
60.4550379198269
62.4052004333694
63.7053087757313
64.0303358613219
64.1386782231853
64.355362946912
71.5059588299025
75.839653304442
82.4485373781147
84.0736728060672
86.0238353196097
86.9989165763815
87.7573131094255
94.1495124593715
98.0498374864571
0
0
0
0
21.3362068965517
21.9827586206897
22.7909482758621
23.1681034482759
24.1379310344828
25.7543103448276
26.4547413793104
26.6702586206897
27.8556034482759
27.9094827586207
28.1788793103448
28.5560344827586
28.5560344827586
29.0948275862069
29.2564655172414
30.0646551724138
31.25
31.3038793103448
31.4655172413793
31.7887931034483
31.7887931034483
32.1659482758621
33.4051724137931
33.6745689655172
33.728448275862
33.8362068965517
33.8900862068965
33.9439655172414
35.0215517241379
35.3448275862069
35.5064655172414
35.5064655172414
35.614224137931
35.6681034482759
36.3146551724138
36.3685344827586
36.4762931034483
37.1228448275862
37.2844827586207
38.5237068965517
39.7629310344827
39.9245689655172
40.0323275862069
40.2478448275862
40.7327586206897
41.5948275862069
41.7564655172414
41.9719827586207
42.2413793103448
42.3491379310345
42.4568965517241
42.8340517241379
42.9956896551724
43.1034482758621
43.6422413793103
43.6422413793103
43.8577586206897
45.2586206896552
45.4202586206897
45.5280172413793
46.1206896551724
46.4439655172414
46.6056034482759
46.6056034482759
46.7672413793103
47.1443965517241
47.2521551724138
48.0603448275862
48.4375
48.9762931034483
