0
0
0
0
0
0
0
0
30.30303
31.38528
31.60173
33.33333
33.33333
34.19913
35.71429
37.01299
38.96104
38.96104
39.61039
39.82684
40.69264
41.55844
41.55844
42.20779
42.20779
42.42424
42.42424
42.42424
42.64069
42.85714
42.85714
42.85714
42.85714
43.07359
43.07359
43.50649
43.50649
43.50649
43.50649
43.50649
43.50649
43.50649
43.72294
43.72294
43.72294
43.72294
43.72294
43.93939
43.93939
43.93939
43.93939
44.15584
44.15584
44.15584
44.15584
44.37229
44.37229
44.37229
44.37229
44.58874
44.80519
44.80519
44.80519
44.80519
44.80519
44.80519
44.80519
44.80519
45.2381
45.2381
45.2381
45.2381
45.2381
45.2381
45.45455
45.45455
45.45455
45.45455
45.671
45.671
45.671
45.671
45.88745
45.88745
45.88745
45.88745
46.1039
46.1039
46.1039
46.1039
46.1039
46.1039
46.1039
46.1039
46.32035
46.32035
46.32035
46.32035
46.32035
46.32035
46.32035
46.32035
46.32035
46.5368
46.5368
46.5368
46.5368
46.5368
46.5368
46.75325
46.75325
46.75325
46.75325
46.75325
46.75325
46.75325
46.75325
46.75325
46.75325
46.9697
46.9697
46.9697
46.9697
46.9697
46.9697
46.9697
46.9697
46.9697
47.18615
47.18615
47.18615
47.18615
47.18615
47.18615
47.4026
47.4026
47.4026
47.4026
47.4026
47.4026
47.4026
47.4026
47.61905
47.61905
47.61905
47.61905
47.61905
47.61905
47.61905
47.61905
47.61905
47.8355
47.8355
47.8355
47.8355
47.8355
47.8355
47.8355
47.8355
47.8355
47.8355
47.8355
48.05195
48.05195
48.05195
48.05195
48.05195
48.05195
48.05195
48.05195
48.05195
48.2684
48.2684
48.2684
48.2684
48.2684
48.2684
48.2684
48.2684
48.2684
48.2684
48.48485
48.48485
48.48485
48.48485
48.48485
48.48485
48.48485
48.7013
48.7013
48.7013
48.7013
48.7013
48.7013
48.7013
48.7013
48.7013
48.7013
48.91775
48.91775
48.91775
48.91775
48.91775
49.1342
49.1342
49.1342
49.1342
49.1342
49.1342
49.1342
49.1342
49.35065
49.35065
49.35065
49.35065
49.35065
49.5671
49.5671
49.5671
49.5671
49.5671
49.5671
49.5671
49.5671
49.5671
49.5671
49.5671
49.5671
49.5671
49.78355
49.78355
49.78355
49.78355
49.78355
49.78355
49.78355
50
50
50
50
50
50
50
50
50
50
50
50.21645
50.21645
50.21645
50.21645
50.21645
50.4329
50.4329
50.4329
50.4329
50.4329
50.4329
50.4329
50.4329
50.64935
50.64935
50.64935
50.64935
50.64935
50.64935
50.64935
50.64935
50.64935
50.64935
50.64935
50.8658
50.8658
50.8658
50.8658
50.8658
50.8658
50.8658
50.8658
50.8658
50.8658
50.8658
50.8658
51.08225
51.08225
51.08225
51.08225
51.08225
