97.4609375000001
95.5938697318008
91.559633027523
85.1535836177475
76.0670731707317
62.4530663329162
61.7574257425743
61.3776137761378
60.0481347773767
58.4309133489462
57.8215527230591
57.4884792626728
57.1592210767469
55.1381215469614
53.771551724138
53.2550693703309
52.1966527196653
51.9791666666667
51.7098445595855
51.4963880288958
50.0501504513541
49.1141732283465
48.0732177263969
47.7969348659004
47.1644612476371
45.6124314442413
45.0361010830325
44.4741532976827
44.316163410302
43.3913043478261
42.5767918088737
42.2165820642978
41.8624161073826
40.1771336553945
36.9082840236687
34.4137931034483
33.8994565217392
33.7618403247632
33.6707152496626
33.355614973262
33.1781914893617
33.0463576158941
32.9590488771466
32.742782152231
32.6570680628272
32.5718015665797
32.0694087403599
31.5025252525253
30.0965018094089
30.0240673886883
29.2840375586855
28.0652418447694
27.0901194353963
26.9438444924406
26.5708200212993
25.4332313965342
24.6785361028685
24.6298124383021
24.3890518084067
23.8984674329502
23.8527724665392
23.6717267552182
23.5377358490566
21.361301369863
20.8961474036851
20.3839869281046
20.0885668276973
19.6147798742138
19.1628264208909
18.0274566473989
15.8917197452229
15.0120336943442
13.8611111111111
13.2150423728814
12.2785433070866
10.8102253032929
10.1919934640523
10.0120385232745
9.32361733931241
8.71159217877095
8.06921086675291
7.94585987261147
7.2026558891455
6.59355179704017
6.00915221579962
5.70155393053017
5.68078324225865
5.62951263537906
98.8281249999999
96.934865900383
92.8440366972476
86.3481228668941
77.1341463414633
63.3291614518147
62.6237623762376
62.2386223862238
60.890493381468
59.2505854800936
58.6326767091541
58.294930875576
57.9610538373424
55.9116022099447
54.5258620689655
54.0021344717182
52.928870292887
52.7083333333333
52.4352331606217
52.2187822497419
50.7522567703109
49.8031496062992
48.7475915221579
48.4674329501915
47.8260869565217
46.2522851919561
45.667870036101
45.0980392156862
44.9378330373001
44
43.1740614334471
42.8087986463621
42.4496644295302
40.7407407407407
37.4260355029585
34.8965517241379
34.375
34.2354533152909
34.1430499325236
33.8235294117647
33.6436170212766
33.5099337748344
33.4214002642008
33.2020997375328
33.1151832460733
33.0287206266318
32.5192802056555
31.9444444444444
30.518697225573
30.445246690734
29.6948356807511
28.4589426321709
27.4701411509229
27.3218142548596
26.9435569755058
25.7900101936799
25.024727992087
24.9753208292201
24.7311827956989
24.2337164750958
24.1873804971319
24.0037950664136
23.8679245283019
21.6609589041096
21.1892797319933
20.6699346405229
20.3703703703703
19.8899371069182
19.431643625192
18.2803468208092
16.1146496815286
15.222623345367
14.0555555555555
13.4004237288135
12.4507874015748
10.9618717504333
10.3349673202614
10.1524879614767
9.45440956651718
8.83379888268156
8.18240620957308
8.05732484076432
7.30369515011547
6.6860465116279
6.09344894026974
5.78153564899451
5.76047358834244
5.70848375451263
99.0421455938697
94.8623853211009
88.2252559726962
78.8109756097561
64.7058823529411
63.9851485148515
63.5916359163591
62.2141997593261
60.5386416861827
59.9073001158748
59.5622119815668
59.2210767468499
57.1270718232044
55.7112068965517
55.1760939167556
54.0794979079498
53.8541666666667
53.5751295336787
53.3539731682146
51.8555667001003
50.8858267716535
49.8073217726397
49.5210727969348
48.8657844990548
47.2577696526508
46.6606498194946
46.078431372549
45.9147424511545
44.9565217391304
44.1126279863481
43.7394247038917
43.3724832214765
41.6264090177133
38.2396449704142
35.6551724137931
35.1222826086956
34.9797023004059
34.885290148448
34.5588235294117
34.375
34.2384105960265
34.1479524438573
33.9238845144357
33.8350785340314
33.7467362924282
33.2262210796915
32.6388888888889
31.1821471652593
31.107099879663
30.3403755868544
29.0776152980877
28.0673181324647
27.9157667386609
27.5292864749734
26.3506625891947
25.568743818002
25.5182625863771
25.2688172043011
24.7605363984674
24.7131931166348
24.5256166982922
24.3867924528302
22.1318493150685
21.6499162479062
21.1192810457516
20.8132045088567
20.3223270440251
19.8540706605223
18.6777456647399
16.4649681528662
15.5535499398315
14.3611111111111
13.6917372881356
12.7214566929134
11.2001733102253
10.5596405228758
10.3731942215088
9.65994020926756
9.02583798882681
8.36028460543337
8.23248407643312
7.46247113163972
6.83139534883721
6.22591522157996
5.90722120658135
5.88570127504553
5.83258122743682
