99.68799
98.15668
98.00613
97.11246
95.94595
95.8021
94.387
91.15549
91.15549
91.02564
90.25424
86.93878
86.93878
86.93878
85.8871
85.31375
84.41215
83.42037
83.09493
79.97497
79.47761
78.88889
77.36077
76.71068
75.44274
75.35377
75.26502
74.91208
74.64953
73.78753
73.78753
73.70242
71.79775
71.55655
71.23746
69.98905
69.08108
68.70968
68.48875
68.34225
68.19637
67.61905
66.841
65.00509
64.41532
64.22111
64.22111
63.77246
62.95567
62.40234
61.79884
60.16949
59.94371
59.49721
57.88043
57.25806
54.80274
54.61538
54.33673
53.87858
51.44928
50.8758
50.71429
48.92802
46.98529
46.9163
46.9163
45.97122
45.19095
44.8736
44.00826
43.0593
43.00135
42.88591
42.6
41.71018
41.71018
41.27907
41.22581
41.17268
40.96154
40.85678
40.5972
40.5972
40.29004
40.18868
40.13819
40.03759
39.54208
39.29889
39.10649
38.91596
38.86861
38.72727
38.68039
38.63362
38.63362
38.40144
38.30935
38.30935
38.2177
37.81065
37.41218
37.32477
37.02202
36.85121
36.80876
36.68197
36.55606
36.51429
36.30682
36.26561
36.22449
36.18347
36.10169
35.93926
35.85859
35.77828
35.77828
35.77828
35.61873
35.5
35.4606
35.42129
35.42129
35.38206
35.38206
35.2649
35.22602
35.18722
35.18722
35.14851
35.14851
35.10989
35.07135
35.03289
34.99452
34.99452
34.87991
34.84188
34.84188
34.84188
34.80392
34.76605
34.72826
34.72826
34.69055
34.65293
34.65293
34.65293
34.61538
34.61538
34.57792
34.57792
34.57792
34.54054
34.50324
34.50324
34.50324
34.50324
34.50324
34.50324
34.46602
34.46602
34.46602
34.42888
34.42888
34.39182
34.39182
34.39182
34.39182
34.35484
34.35484
34.31794
34.31794
34.28112
34.28112
34.28112
34.24437
34.24437
34.24437
34.24437
34.24437
34.20771
34.20771
34.20771
34.20771
34.20771
34.20771
34.17112
34.13462
34.13462
34.13462
34.13462
34.13462
34.13462
34.13462
34.09819
34.09819
34.06183
34.06183
34.06183
34.06183
34.06183
34.06183
34.06183
34.06183
34.02556
34.02556
34.02556
34.02556
33.98936
33.98936
33.98936
33.98936
33.95324
33.95324
33.9172
33.9172
33.9172
33.9172
33.9172
33.9172
33.9172
33.9172
33.88123
33.88123
33.88123
33.88123
33.84534
33.84534
33.84534
33.80952
33.80952
33.80952
33.77378
33.77378
33.73812
33.73812
33.70253
33.70253
33.70253
33.70253
33.70253
33.70253
33.70253
33.66702
33.66702
33.66702
33.66702
33.66702
33.66702
33.66702
33.66702
33.66702
33.66702
33.63158
33.63158
33.63158
33.59621
33.59621
33.56092
33.56092
33.56092
33.52571
33.52571
33.52571
33.49057
33.49057
33.49057
33.49057
33.49057
33.49057
33.4555
33.4555
33.4555
33.4205
33.4205
33.4205
33.4205
33.4205
33.4205
33.4205
33.38558
33.38558
33.38558
33.38558
33.38558
