0
0
0
0
0
0
0
36.101083032491
39.1095066185319
39.71119133574
41.5162454873646
42.8399518652226
42.8399518652226
43.6823104693141
44.2839951865223
44.4043321299639
44.5246690734055
45.0060168471721
45.2466907340554
45.6077015643803
45.6077015643803
45.8483754512635
45.8483754512635
45.9687123947052
46.2093862815885
46.5703971119134
46.8110709987966
47.0517448856799
47.0517448856799
47.2924187725631
47.4127557160048
47.6534296028881
47.8941034897714
48.014440433213
48.9771359807461
49.2178098676293
49.4584837545127
49.6991576413959
49.6991576413959
49.8194945848376
50.1805054151624
50.300842358604
51.2635379061371
51.3838748495789
51.985559566787
52.2262334536702
53.309265944645
53.4296028880866
53.5499398315282
54.0312876052948
54.3922984356197
54.8736462093863
54.8736462093863
55.1143200962695
55.5956678700362
56.5583634175693
57.280385078219
60.1684717208183
61.251504211793
64.8616125150421
75.9326113116727
82.5511432009628
89.2900120336944
0
0
0
0
0
0
0
25
27.0833333333333
27.5
28.75
29.6666666666667
29.6666666666667
30.25
30.6666666666667
30.75
30.8333333333333
31.1666666666667
31.3333333333333
31.5833333333334
31.5833333333334
31.75
31.75
31.8333333333334
32
32.25
32.4166666666666
32.5833333333334
32.5833333333334
32.75
32.8333333333333
33
33.1666666666667
33.25
33.9166666666667
34.0833333333333
34.25
34.4166666666666
34.4166666666666
34.5
34.75
34.8333333333333
35.5
35.5833333333334
36
36.1666666666666
36.9166666666667
37
37.0833333333333
37.4166666666666
37.6666666666667
38
38
38.1666666666666
38.5
39.1666666666667
39.6666666666667
41.6666666666667
42.4166666666666
44.9166666666667
52.5833333333333
57.1666666666667
61.8333333333334
70.6666666666667
81
89.4999999999998
89.6666666666662
98.1666666666664
99.4999999999998
0
0
0
0
0
0
0
23.5478806907378
25.5102040816326
25.9026687598116
27.0800627943485
27.9434850863422
27.9434850863422
28.4929356357928
28.8854003139717
28.9638932496075
29.0423861852433
29.3563579277865
29.5133437990581
29.7488226059655
29.7488226059655
29.905808477237
29.905808477237
29.9843014128729
30.1412872841444
30.3767660910518
30.5337519623234
30.690737833595
30.690737833595
30.8477237048665
30.9262166405023
31.0832025117739
31.2401883830456
31.3186813186813
31.9466248037677
32.1036106750392
32.2605965463109
32.4175824175824
32.4175824175824
32.4960753532183
32.7315541601256
32.8100470957613
33.4379905808477
33.5164835164835
33.9089481946625
34.065934065934
34.7723704866562
34.850863422292
34.9293563579278
35.2433281004709
35.4788069073783
35.7927786499215
35.7927786499215
35.9497645211931
36.2637362637363
36.8916797488226
37.3626373626374
39.2464678178964
39.9529042386185
42.3076923076923
49.5290423861853
53.8461538461539
58.2417582417583
66.5620094191523
76.2951334379906
84.3014128728412
84.4583987441126
92.4646781789637
93.7205651491364
0
0
0
0
0
0
0
23.2198142414861
25.1547987616099
25.5417956656346
26.702786377709
27.5541795665635
27.5541795665635
28.0959752321982
28.4829721362229
28.5603715170278
28.6377708978328
28.9473684210527
29.1021671826625
29.3343653250774
29.3343653250774
29.4891640866873
29.4891640866873
29.5665634674923
29.7213622291022
29.9535603715171
30.1083591331269
30.2631578947369
30.2631578947369
30.4179566563467
30.4953560371517
30.6501547987616
30.8049535603716
30.8823529411765
31.5015479876161
31.656346749226
31.8111455108359
31.9659442724458
31.9659442724458
32.0433436532508
32.2755417956656
32.3529411764706
32.9721362229102
33.0495356037152
33.4365325077399
33.5913312693498
34.2879256965944
34.3653250773994
34.4427244582043
34.7523219814241
34.984520123839
35.2941176470588
35.2941176470588
35.4489164086687
35.7585139318886
36.3777089783282
36.8421052631579
38.6996904024768
39.3962848297213
41.71826625387
48.8390092879257
53.0959752321982
57.4303405572756
65.6346749226006
75.2321981424149
83.1269349845199
83.2817337461296
91.1764705882351
92.4148606811143
0
0
0
0
0
0
0
21.6763005780347
23.4826589595376
23.8439306358381
24.9277456647399
25.7225433526012
25.7225433526012
26.228323699422
26.5895953757225
26.6618497109826
26.7341040462427
27.0231213872833
