0
0
0
0
0
0
0
0
0
0
0
0
0
0
0
0
48.91775
49.78355
54.97835
55.41126
62.33766
64.50216
65.80087
69.26407
81.81818
85.71429
87.87879
89.61039
90.90909
90.90909
91.34199
91.34199
91.77489
92.64069
93.50649
94.37229
94.37229
94.37229
94.80519
95.2381
95.2381
95.671
95.671
96.1039
96.9697
96.9697
97.4026
97.8355
98.2684
98.2684
98.7013
98.7013
98.7013
99.1342
99.1342
99.1342
99.1342
99.5671
99.5671
99.5671
99.5671
0.4329004
0
0
0
0
0
0
0
0
0
0
0
0
0
0
0
0
16.28242
16.57061
18.29971
18.4438
20.74928
21.46974
21.90202
23.05476
27.23343
28.53026
29.25072
29.82709
30.25937
30.25937
30.40346
30.40346
30.54755
30.83573
31.12392
31.4121
31.4121
31.4121
31.5562
31.70029
31.70029
31.84438
31.84438
31.98847
32.27666
32.27666
32.42075
32.56484
32.70893
32.70893
32.85303
32.85303
32.85303
32.99712
32.99712
32.99712
32.99712
33.14121
33.14121
33.14121
33.14121
33.2853
33.42939
33.42939
33.57349
33.57349
33.57349
33.57349
33.86167
33.86167
34.00576
34.00576
34.00576
34.14986
34.14986
34.14986
34.14986
34.29395
34.29395
34.29395
34.29395
34.29395
34.29395
34.29395
34.43804
34.43804
34.43804
34.43804
34.43804
34.58213
34.58213
34.58213
34.72622
34.72622
34.72622
34.72622
34.72622
34.87032
34.87032
34.87032
34.87032
34.87032
34.87032
35.01441
35.01441
35.1585
35.1585
35.1585
35.1585
35.1585
35.1585
35.30259
35.30259
35.30259
35.30259
35.30259
35.30259
35.30259
35.30259
35.30259
35.44669
35.44669
35.44669
35.44669
35.44669
35.44669
35.44669
35.44669
35.44669
35.44669
35.59078
35.59078
35.59078
35.59078
35.59078
35.59078
35.59078
35.59078
35.59078
35.59078
35.59078
35.73487
35.73487
35.73487
35.87896
35.87896
36.02305
36.02305
36.16715
36.16715
36.31124
36.31124
36.31124
36.45533
36.45533
36.45533
36.45533
36.45533
36.45533
36.59942
36.59942
36.59942
36.59942
36.59942
36.59942
36.74352
36.74352
36.74352
36.74352
36.88761
36.88761
36.88761
36.88761
37.0317
37.0317
37.0317
37.0317
37.0317
37.0317
37.0317
37.17579
37.17579
37.17579
37.17579
37.17579
37.17579
37.17579
37.31988
37.31988
37.31988
37.31988
37.46398
37.46398
37.46398
37.46398
37.46398
37.46398
37.46398
37.60807
37.60807
37.60807
37.60807
37.60807
37.60807
37.60807
37.60807
37.60807
37.75216
37.75216
37.75216
37.75216
37.75216
37.89625
37.89625
37.89625
37.89625
37.89625
37.89625
37.89625
38.04035
38.04035
38.04035
38.04035
38.18444
38.18444
38.18444
