0
0
37.01997
37.01997
37.4808
38.55607
38.70968
38.70968
38.70968
39.0169
39.0169
39.17051
39.17051
39.47773
39.63134
39.78495
39.93856
40.09217
40.09217
40.09217
40.09217
40.24578
40.39939
40.39939
40.553
40.70661
40.70661
40.86022
40.86022
40.86022
41.01382
41.01382
41.16743
41.16743
41.32104
41.32104
41.32104
41.32104
41.32104
41.32104
41.47465
41.47465
41.47465
41.78187
41.78187
41.78187
41.93548
41.93548
41.93548
41.93548
42.08909
42.2427
42.2427
42.2427
42.2427
42.2427
42.39631
42.39631
42.39631
42.70353
42.85714
42.85714
42.85714
42.85714
43.01075
43.16436
43.16436
43.16436
43.16436
43.16436
43.16436
43.31797
43.31797
43.47158
43.47158
43.62519
43.62519
43.7788
43.7788
43.7788
43.7788
43.7788
43.7788
43.93241
43.93241
43.93241
43.93241
43.93241
44.08602
44.08602
44.08602
44.23963
44.23963
44.39324
44.39324
44.39324
44.54685
44.54685
44.54685
44.70046
44.70046
44.70046
44.85407
44.85407
44.85407
44.85407
44.85407
44.85407
45.00768
45.00768
45.00768
45.00768
45.00768
45.16129
45.3149
45.3149
45.3149
45.3149
45.3149
45.3149
45.46851
45.46851
45.46851
45.62212
45.62212
45.62212
45.62212
45.62212
45.77573
45.77573
45.77573
45.77573
45.77573
45.92934
45.92934
45.92934
45.92934
46.08295
46.08295
46.23656
46.23656
46.23656
46.23656
46.23656
46.23656
46.23656
46.23656
46.23656
46.39017
46.39017
46.69739
46.69739
46.69739
46.851
46.851
46.851
46.851
46.851
46.851
47.00461
47.00461
47.00461
47.15822
47.15822
47.15822
47.31183
47.31183
47.31183
47.31183
47.46544
47.46544
47.46544
47.61905
47.61905
47.61905
47.61905
47.61905
47.61905
47.77266
47.77266
47.77266
47.92627
47.92627
47.92627
47.92627
47.92627
47.92627
47.92627
48.07988
48.07988
48.07988
48.07988
48.07988
48.23349
48.23349
48.23349
48.23349
48.23349
48.3871
48.3871
48.3871
48.3871
48.3871
48.3871
48.3871
48.3871
48.54071
48.54071
48.54071
48.54071
48.69432
48.84793
48.84793
49.00154
49.00154
49.00154
49.15515
49.30876
49.30876
49.30876
49.30876
49.46237
49.46237
49.46237
49.46237
49.46237
49.46237
49.46237
49.61598
49.61598
49.61598
49.61598
49.76959
49.76959
49.76959
49.9232
49.9232
49.9232
49.9232
49.9232
50.0768
50.0768
50.0768
50.0768
50.23041
50.23041
50.23041
50.23041
50.23041
50.23041
50.23041
50.38402
50.38402
50.38402
50.38402
50.38402
50.53763
50.53763
50.53763
50.69124
50.69124
50.69124
50.69124
50.69124
50.69124
50.84485
50.84485
50.84485
50.99846
50.99846
50.99846
50.99846
51.15207
51.30568
51.30568
51.30568
51.30568
51.45929
51.45929
51.45929
51.45929
51.45929
51.45929
51.45929
51.6129
51.6129
51.6129
51.6129
