74.914089347079
73.7732656514382
61.7563739376771
61.3220815752461
55.2598225602028
54.911838790932
54.5682102628285
51.0538641686183
46.9827586206897
46.2845010615711
44.9948400412797
44.354018311292
43.7311935807422
43.1256181998022
42.7450980392157
42.1663442940039
42.0038535645472
41.0546139359699
40.5204460966543
40.2214022140221
40
39.7085610200364
38.7211367673179
38.1118881118881
37.0118845500849
36.4548494983278
35.5048859934853
35.2180936995153
34.3307086614173
33.9563862928349
33.4869431643625
32.1060382916053
31.3669064748201
30.4469273743017
28.8741721854305
28.0205655526992
27.9487179487179
27.8772378516624
27.700127064803
27.5252525252525
26.4563106796117
26.1704681872749
25.7378984651712
25.3783469150175
25.1732101616628
24.9142857142857
24.4668911335578
24.4120940649496
24.2761692650334
23.1422505307856
23.0932203389831
22.5906735751295
22.0647773279352
20.2602230483271
20.2226345083488
19.96336996337
19.6750902527076
18.6643835616438
18.4121621621622
15.2234636871508
12.1111111111111
8.28267477203647
8.00293685756241
7.37483085250338
7.15223097112861
5.97587719298246
5.55555555555556
5.2504816955684
1.91901408450704
1.49396929824561
1.46190987124464
1.0003671071953
78.1786941580756
76.9881556683588
64.4475920679887
63.9943741209564
57.6679340937896
57.3047858942066
56.9461827284105
53.2786885245902
49.0301724137931
48.3014861995754
46.9556243550052
46.2868769074263
45.6369107321966
45.0049455984174
44.6078431372549
44.0038684719536
43.8342967244702
42.8436911487759
42.2862453531599
41.9741697416974
41.7431192660551
41.4389799635702
40.4085257548846
39.7727272727273
38.6247877758914
38.0434782608696
37.0521172638437
36.7528271405493
35.8267716535433
35.4361370716511
34.9462365591398
33.5051546391753
32.7338129496403
31.7737430167598
30.1324503311258
29.241645244216
29.1666666666667
29.0920716112532
28.9072426937738
28.7247474747475
27.6092233009709
27.3109243697479
26.8595041322314
26.4842840512224
26.270207852194
26
25.5331088664422
25.4759238521837
25.3340757238308
24.1507430997877
24.0995762711865
23.5751295336788
23.0263157894737
21.1431226765799
21.1038961038961
20.8333333333333
20.5324909747293
19.4777397260274
19.214527027027
15.8868715083799
12.6388888888889
8.6436170212766
8.35168869309839
7.69621109607578
7.46391076115486
6.23629385964913
5.79765545361876
5.47928709055877
2.00264084507042
1.55907346491228
1.5256169527897
1.0439610866373
78.3505154639175
77.1573604060914
64.5892351274787
64.1350210970464
57.7946768060836
57.4307304785894
57.0713391739675
53.3957845433255
49.1379310344828
48.4076433121019
47.0588235294118
46.3886063072228
45.7372116349047
45.1038575667656
44.7058823529412
44.100580270793
43.9306358381503
42.9378531073446
42.3791821561338
42.0664206642066
41.8348623853211
41.5300546448087
40.4973357015986
39.8601398601399
38.7096774193548
38.1270903010033
37.1335504885993
36.8336025848142
35.9055118110236
35.5140186915888
35.0230414746544
33.5787923416789
32.8057553956835
31.8435754189944
30.1986754966887
29.305912596401
29.2307692307692
29.156010230179
28.9707750952986
28.7878787878788
27.6699029126214
27.3709483793517
26.9185360094451
26.5424912689173
26.3279445727483
26.0571428571429
25.5892255892256
25.531914893617
25.3897550111359
24.203821656051
24.1525423728814
23.6269430051813
23.0769230769231
21.1895910780669
21.1502782931354
20.8791208791209
20.5776173285199
19.5205479452055
19.2567567567568
15.9217877094972
12.6666666666667
8.66261398176292
8.37004405286344
7.71312584573748
7.48031496062992
6.25
5.81039755351682
5.49132947976879
2.00704225352113
1.5625
1.52896995708155
1.04625550660793
79.2096219931271
78.0033840947546
65.2974504249291
64.8382559774964
58.4283903675538
58.0604534005037
57.6971214017521
53.9812646370023
49.676724137931
48.9384288747346
47.5748194014448
46.8972533062055
46.2387161484453
45.5984174085064
45.1960784313725
44.5841392649903
44.412331406551
43.4086629001883
42.8438661710037
42.5276752767527
42.2935779816513
41.9854280510018
40.9413854351687
40.2972027972028
39.1341256366723
38.5451505016722
37.5407166123778
37.2374798061389
36.2992125984252
35.9034267912772
35.4070660522273
33.9469808541973
33.1654676258993
32.1927374301676
30.5298013245033
29.6272493573265
29.551282051282
29.4757033248082
29.2884371029225
29.1035353535353
27.9733009708738
27.6710684273709
27.2136953955136
26.8335273573923
26.6166281755196
26.3428571428571
25.8698092031425
25.8118701007839
25.6681514476615
24.4692144373673
24.4173728813559
23.8860103626943
23.32995951417
21.4219330855018
21.3821892393321
21.1080586080586
20.8032490974729
19.7345890410959
19.4679054054054
16.0963687150838
12.8055555555555
8.75759878419452
8.46182085168869
7.797699594046
7.56233595800524
6.31853070175438
5.87410805300713
5.55154142581888
2.02904929577465
1.5796326754386
1.54573497854077
1.05772760646109
