99.7619047619048
96.5437788018434
89.9141630901288
87.2916666666667
83.9679358717435
74.9552772808587
74.4227353463588
71.9931271477664
71.5017064846417
70.8967851099831
70.3020134228188
69.8333333333334
66.71974522293
64.3625192012289
58.5195530726257
58.1944444444445
56.3930013458951
55.718085106383
54.6997389033943
53.7179487179488
49.5857988165681
48.2718894009217
46.2983425414365
46.0946094609461
45.8424507658644
41.4441147378833
40.6796116504855
40.5222437137331
40.3660886319846
38.9405204460967
38.6531365313653
38.4403669724771
37.8158844765343
37.6798561151079
37.0141342756184
36.7543859649123
36.6258741258742
36.4347826086957
35.7508532423208
35.3288364249579
35.1510067114094
35.0334448160535
34.6280991735537
34.4006568144499
34.2320261437909
33.2539682539683
33.1487341772152
32.7856025039124
32.6323987538941
32.5310559006211
32.2804314329738
31.4092953523239
31.0830860534125
30.7635829662262
30.6734992679356
30.5393586005831
30.4505813953489
30.1438848920864
29.6742209631728
29.5486600846263
29.465541490858
28.1965006729475
26.687898089172
26.6200762388818
26.3853904282116
26.2202753441802
25.9282178217822
25.7687576875769
25.2714113389626
25.2105896510229
25.0598086124402
25
24.5316159250586
24.1359447004608
23.9428571428572
23.6455981941309
23.3816964285714
23.0473047304731
22.9714912280702
22.8711790393013
22.7470141150923
22.6241900647948
22.5754310344828
22.5268817204301
22.310969116081
22.1458773784355
22.0758693361433
22.0294426919033
21.664943123061
21.3993871297242
20.9081836327345
20.8665338645418
20.8250497017893
20.7631318136769
20.6811451135242
20.5392156862745
20.3793774319066
20.3398058252427
20.1830443159923
20.0670498084291
19.876660341556
19.7641509433962
19.5429104477612
19.4702602230483
19.1849816849817
19.1149635036496
19.08014571949
18.9764492753623
18.7388193202147
18.5070671378092
18.4744268077602
18.4419014084507
18.4094903339192
18.3450087565674
18.2491289198606
18.1542461005199
17.9059829059829
17.7241962774958
17.4874791318865
17.4003322259136
17.3427152317881
17.2286184210526
17.0880913539967
17.0602605863192
16.9773095623987
16.8679549114332
6.30264741275572
4.49185248713551
3.75179083094556
3.26527431421447
3.08451118963487
2.90972222222222
2.50838122605364
94.6351931330472
91.8749999999999
88.376753507014
78.8908765652951
78.3303730017761
75.7731958762886
75.2559726962457
74.6192893401015
73.993288590604
73.5
70.2229299363057
67.7419354838709
61.5921787709497
61.25
59.3539703903095
58.6436170212766
57.5718015665796
56.5384615384615
52.189349112426
50.8064516129032
48.7292817679558
48.5148514851485
48.2494529540481
43.620178041543
42.8155339805825
42.6499032882011
42.4855491329479
40.9851301115241
40.6826568265682
40.4587155963302
39.8014440433213
39.6582733812949
38.9575971731449
38.6842105263158
38.548951048951
38.3478260869565
37.6279863481228
37.1838111298482
36.996644295302
36.8729096989966
36.4462809917355
36.2068965517241
36.0294117647059
35
34.8892405063291
34.5070422535211
34.3457943925233
34.2391304347826
33.9753466872111
33.0584707646177
32.7151335311572
32.3788546255506
32.2840409956076
32.1428571428571
32.0494186046511
31.726618705036
31.2322946175637
31.1001410437235
31.0126582278481
29.6769851951548
28.0891719745223
28.0177890724269
27.7707808564232
27.5969962453066
27.289603960396
27.1217712177122
26.5983112183353
26.5342960288808
26.3755980861244
26.3126491646778
25.8196721311475
25.4032258064516
25.2
24.8871331828442
24.609375
24.2574257425742
24.1776315789474
24.0720524017467
23.9413680781759
23.8120950323974
23.760775862069
23.7096774193548
23.482428115016
23.3086680761099
23.2349841938883
23.186119873817
22.8024819027921
22.5229826353422
22.0059880239521
21.9621513944223
21.9184890656063
21.8533201189296
21.7670286278381
21.6176470588235
21.4494163424124
21.4077669902913
21.242774566474
21.1206896551724
20.9203036053131
20.8018867924528
20.5690298507463
20.4925650557621
20.1923076923077
20.1186131386861
20.0819672131147
19.9728260869565
19.7227191413238
19.4787985865724
19.4444444444444
19.4102112676056
19.3760984182777
19.30823117338
19.2073170731707
19.107452339688
18.8461538461538
18.6548223350254
18.4056761268781
18.3139534883721
18.2533112582781
18.1332236842105
17.9853181076672
17.9560260586319
17.8687196110211
17.7536231884058
6.63357400722021
4.72770154373928
3.94878223495702
3.43672069825436
3.2464664310954
3.0625
2.64008620689655
96.351931330472
93.5416666666666
