0
0
0
0
0
35.92058
36.28159
37.00361
37.90614
38.80866
38.80866
39.16968
39.35018
39.35018
40.43321
40.61372
40.61372
40.79422
40.97473
41.15523
41.15523
41.15523
41.15523
41.33574
41.51625
41.51625
41.51625
41.51625
41.51625
41.69675
41.69675
41.69675
41.87726
42.05776
42.23827
42.23827
42.23827
42.41877
42.41877
42.41877
42.41877
42.59928
42.59928
42.59928
42.77978
42.77978
42.77978
42.77978
42.96029
42.96029
42.96029
42.96029
42.96029
42.96029
43.14079
43.3213
43.3213
43.3213
43.3213
43.3213
43.3213
43.50181
43.50181
43.68231
43.68231
43.68231
43.68231
43.68231
43.68231
43.68231
43.86282
43.86282
43.86282
43.86282
43.86282
44.04332
44.04332
44.04332
44.04332
44.04332
44.04332
44.22383
44.22383
44.22383
44.40433
44.40433
44.40433
44.40433
44.40433
44.40433
44.58484
44.58484
44.58484
44.58484
44.58484
44.58484
44.58484
44.76534
44.76534
44.76534
44.76534
44.76534
44.94585
44.94585
44.94585
44.94585
45.12635
45.12635
45.12635
45.12635
45.30686
45.48736
45.48736
45.48736
45.48736
45.48736
45.48736
45.48736
45.48736
45.66787
45.66787
45.66787
45.66787
45.66787
45.66787
45.66787
45.66787
45.66787
45.66787
45.66787
45.66787
45.66787
45.66787
45.66787
45.84838
45.84838
45.84838
45.84838
45.84838
45.84838
45.84838
46.02888
46.02888
46.20939
46.20939
46.38989
46.38989
46.38989
46.38989
46.38989
46.38989
46.38989
46.5704
46.5704
46.5704
46.5704
46.5704
46.5704
46.5704
46.5704
46.7509
46.7509
46.7509
46.93141
46.93141
46.93141
46.93141
46.93141
46.93141
46.93141
46.93141
46.93141
46.93141
46.93141
46.93141
47.11191
47.11191
47.11191
47.11191
47.11191
47.29242
47.29242
47.29242
47.29242
47.29242
47.29242
47.29242
47.29242
47.29242
47.29242
47.29242
47.29242
47.29242
47.47292
47.47292
47.47292
47.47292
47.65343
47.65343
47.65343
47.65343
47.65343
47.65343
47.65343
47.65343
47.83394
47.83394
47.83394
47.83394
47.83394
47.83394
47.83394
48.01444
48.01444
48.01444
48.01444
48.01444
48.01444
48.01444
48.01444
48.19495
48.19495
48.19495
48.19495
48.19495
48.19495
48.19495
48.19495
48.37545
48.37545
48.37545
48.37545
48.37545
48.55596
48.55596
48.55596
48.55596
48.55596
48.55596
48.55596
48.55596
48.73646
48.73646
48.73646
48.73646
48.73646
48.91697
48.91697
48.91697
48.91697
48.91697
48.91697
48.91697
48.91697
49.09747
49.09747
49.09747
49.09747
49.09747
49.09747
49.09747
49.27798
49.27798
49.45848
49.45848
49.45848
49.45848
49.45848
49.45848
49.45848
49.45848
49.45848
49.45848
49.63899
49.63899
49.63899
49.63899
49.63899
49.63899
49.63899
49.63899
49.81949
49.81949
49.81949
49.81949
49.81949
49.81949
49.81949
