98.9304812834223
97.6253298153033
82.5892857142856
81.8584070796459
70.8812260536398
69.6798493408662
69.0298507462686
67.3952641165755
66.7870036101082
66.1896243291591
65.7193605683836
65.1408450704224
64.6853146853146
62.6057529610828
61.6666666666666
60.7553366174055
60.2605863192182
58.9171974522292
57.2755417956656
56.4024390243902
56.060606060606
55.3064275037368
53.7790697674418
52.7065527065526
52.4079320113314
51.3888888888888
51.0344827586206
50.408719346049
50.0676589986467
49.2021276595744
46.8948035487959
46.5994962216624
46.077210460772
45.510455104551
45.0121654501216
44.5246690734055
44.2583732057416
43.5806831566548
43.3255269320843
41.5263748597081
41.1111111111111
40.7040704070406
40.2611534276387
39.8706896551724
39.48772678762
39.2781316348195
39.1120507399577
38.7029288702928
37.7936670071501
37.4493927125506
37.2608257804632
36.9261477045908
36.5974282888229
36.4173228346456
35.3053435114503
34.7091932457786
34.5149253731343
34.3866171003717
33.3935018050541
33.273381294964
33.0948121645796
32.8596802841918
32.3426573426573
32.1739130434782
31.9516407599309
31.5699658703071
31.409168081494
31.0402684563758
30.9364548494983
30.8333333333333
30.7308970099667
30.5785123966942
29.886914378029
29.6950240770465
29.4585987261146
29.2721518987341
28.6377708978328
28.2012195121951
28.1155015197568
27.9456193353474
27.6532137518684
26.9679300291545
26.8115942028985
26.5423242467718
26.3532763532763
25.8379888268156
25.1358695652174
24.798927613941
24.6666666666666
24.6010638297872
24.5033112582781
24.0572171651495
23.9327296248383
23.6572890025575
23.5069885641677
23.4474017743979
23.153942428035
23.0961298377028
23.038605230386
22.7552275522755
22.5060827250608
22.0763723150358
21.8934911242603
21.5366705471478
21.4368482039397
21.3625866050808
20.9750566893424
20.5555555555555
20.3520352035203
20.2850877192982
20.2407002188184
20.1965065502183
20.0433369447454
19.9784017278617
19.9353448275862
19.8285101822079
19.7018104366347
19.6390658174097
19.5560253699788
19.4942044257112
19.3110647181628
19.2708333333333
19.1313340227507
18.896833503575
18.6304128902316
18.3349851337958
18.2987141444114
18.0840664711632
17.9263565891473
17.8571428571428
17.6864244741874
17.5521821631878
17.4858223062382
17.4528301886792
17.4199623352165
17.3872180451128
17.3545966228893
17.1614100185529
16.8795620437956
16.6967509025271
16.6666666666666
16.5178571428571
16.2565905096661
15.9758203799654
15.7580919931857
15.6779661016949
15.6514382402707
15.5201342281879
15.4166666666666
15.2640264026402
14.776357827476
14.5211930926216
14.3188854489164
14.2307692307692
13.3670520231214
12.9189944134078
11.1311672683514
10.8313817330211
9.77801268498941
9.54592363261093
6.4594972067039
6.25845737483084
4.94652406417112
2.82356532356532
1.08874764595103
1.01425438596491
0.389047779273216
98.6807387862798
83.482142857143
82.7433628318585
71.6475095785442
70.4331450094163
69.7761194029852
68.1238615664846
67.5090252707582
66.9051878354205
66.429840142096
65.8450704225353
65.3846153846155
63.2825719120136
62.3333333333334
61.4121510673236
60.9120521172639
59.5541401273886
57.8947368421053
57.0121951219513
56.6666666666667
55.9043348281017
54.3604651162791
53.2763532763533
52.9745042492919
51.9444444444445
51.5862068965518
50.9536784741145
50.6089309878215
49.7340425531916
47.4017743979722
47.103274559194
46.5753424657535
46.0024600246003
45.4987834549879
45.0060168471721
44.7368421052632
44.0518256772674
43.7939110070258
41.9753086419754
41.5555555555556
41.1441144114412
40.69640914037
40.3017241379311
39.9146211312701
39.7027600849257
39.5348837209303
39.1213389121339
38.2022471910113
37.8542510121458
37.6636455186305
37.3253493013973
36.9930761622157
36.8110236220473
35.6870229007634
35.0844277673546
34.8880597014926
34.7583643122677
33.7545126353791
33.6330935251799
33.4525939177102
33.214920071048
32.6923076923077
32.5217391304348
32.2970639032816
31.9112627986349
31.7487266553481
31.3758389261745
31.2709030100335
31.1666666666667
31.0631229235881
30.909090909091
30.2100161550889
30.016051364366
29.7770700636943
29.5886075949368
28.9473684210527
28.5060975609756
28.419452887538
28.2477341389728
27.9521674140509
27.2594752186589
27.1014492753624
26.829268292683
26.6381766381767
26.1173184357542
25.4076086956522
25.0670241286864
24.9333333333334
24.8670212765958
24.7682119205298
24.3172951885566
24.1914618369987
23.9130434782609
23.7611181702669
23.7008871989861
23.404255319149
23.3458177278402
23.2876712328767
23.0012300123002
22.7493917274939
22.3150357995227
22.1301775147929
21.7694994179279
21.6685979142526
21.593533487298
21.2018140589569
20.7777777777778
20.5720572057206
20.5043859649123
20.4595185995624
20.4148471615721
20.2600216684724
20.1943844492441
20.1508620689655
20.042872454448
19.9148029818957
19.8513800424629
19.7674418604651
19.7049525816649
19.5198329853862
