0
0
0
0
0
0
0
0
0
18.65009
19.00533
19.36057
20.07105
20.24867
20.42629
20.42629
20.60391
20.78153
20.95915
20.95915
21.13677
21.49201
22.20249
22.38011
22.38011
22.38011
22.55773
22.55773
22.55773
23.09059
23.09059
23.26821
23.44583
23.44583
23.62345
23.62345
23.62345
23.80107
23.97869
23.97869
24.33393
24.51155
24.51155
24.68917
24.68917
24.86679
25.22202
25.39964
25.57726
25.57726
25.75488
25.9325
26.46536
26.8206
26.99822
27.53108
27.7087
27.88632
28.06394
28.41918
28.77442
28.95204
29.12966
29.12966
29.4849
29.84014
30.19538
30.373
30.55062
30.90586
31.2611
31.43872
32.32682
32.68206
32.85968
33.57016
34.45826
34.63588
34.8135
34.99112
34.99112
35.16874
35.16874
35.34636
35.34636
35.52398
36.76732
37.30018
37.83304
37.83304
38.18828
39.60924
39.60924
39.96448
39.96448
40.1421
41.38544
41.56306
42.27353
42.27353
42.62877
42.80639
42.98401
42.98401
43.33925
43.33925
43.33925
43.51687
43.69449
43.69449
43.87211
43.87211
44.22735
44.22735
44.40497
44.40497
44.58259
44.58259
44.76021
44.76021
44.93783
44.93783
44.93783
45.11545
45.11545
45.11545
45.29307
45.29307
45.29307
45.47069
45.47069
45.47069
45.47069
45.47069
45.64831
45.64831
45.64831
45.64831
45.64831
45.64831
45.64831
45.82593
45.82593
45.82593
45.82593
45.82593
45.82593
45.82593
46.00355
46.18117
46.18117
46.18117
46.18117
46.18117
46.35879
46.35879
46.53641
46.53641
46.53641
46.53641
46.53641
46.53641
46.53641
46.71403
46.71403
46.71403
46.71403
46.71403
46.89165
46.89165
46.89165
47.06927
47.06927
47.06927
47.24689
47.24689
47.24689
47.24689
47.24689
47.42451
47.42451
47.42451
47.42451
47.42451
47.60213
47.60213
47.60213
47.60213
47.60213
47.60213
47.60213
47.77975
47.77975
47.77975
47.77975
47.77975
47.95737
47.95737
47.95737
47.95737
47.95737
47.95737
48.13499
48.13499
48.13499
48.13499
48.13499
48.13499
48.31261
48.31261
48.31261
48.31261
48.31261
48.31261
48.31261
48.31261
48.31261
48.49023
48.49023
48.49023
48.49023
48.49023
48.49023
48.49023
48.49023
48.66785
48.66785
48.66785
48.66785
48.66785
48.66785
48.84547
48.84547
48.84547
48.84547
48.84547
48.84547
48.84547
49.02309
49.02309
49.02309
49.02309
49.02309
49.02309
49.02309
49.02309
49.02309
49.02309
49.20071
49.20071
49.20071
49.20071
49.20071
49.20071
49.20071
49.20071
49.20071
49.20071
49.20071
49.37833
49.37833
49.37833
49.37833
49.37833
49.37833
49.55595
49.55595
49.55595
49.55595
49.55595
49.73357
49.73357
49.73357
49.73357
49.73357
49.73357
49.73357
49.73357
49.73357
49.73357
49.73357
49.73357
49.73357
49.73357
49.91119
49.91119
49.91119
49.91119
