98.6725663716815
81.8348623853212
81.2386156648453
80.505415162455
79.2184724689166
67.9878048780489
66.6666666666667
65.6848306332843
64.8255813953489
59.6256684491979
59.3085106382979
57.1794871794872
56.8152866242039
56.1712846347608
55.1980198019803
54.5899632802938
53.0952380952382
51.6801853997683
51.3824884792627
51.0882016036656
50.8551881413912
50.3386004514673
50.0561167227835
49.7767857142858
49.5555555555556
48.7964989059082
48.0603448275863
47.8027867095392
46.0268317853458
45.5566905005108
45.3713123092574
44.5109780439122
44.1147378832839
43.7254901960785
43.5546875
42.1550094517959
41.8386491557224
41.6044776119403
41.1439114391144
40.7678244972578
40.6193078324226
40.2527075812275
39.8926654740609
39.7504456327986
38.7826086956522
38.6481802426344
38.5146804835924
38.3161512027492
37.7326565143824
37.4161073825504
37.2909698996656
37.1666666666667
37.0431893687708
36.6174055829229
36.2012987012987
36.0258481421648
35.6230031948882
35.0078492935636
33.8905775075988
32.6500732064422
31.9027181688126
31.7663817663818
31.6761363636364
31.586402266289
31.3642756680732
31.2762973352034
31.1452513966481
31.0584958217271
30.7586206896552
30.6740027510317
30.5898491083677
30.464480874317
30.1759133964818
30.0134589502019
29.8927613941019
29.3807641633729
28.7371134020619
28.4076433121019
28.3354510800509
28.1565656565657
27.8401997503121
27.6674937965261
27.5308641975309
27.3619631901841
27.2283272283273
26.7707082833134
26.6746411483254
26.6109785202864
26.4531435349941
26.3282172373082
26.2661955241461
26.0514018691589
25.7505773672056
25.6912442396314
25.632183908046
25.3697383390216
25.2834467120182
25.0843644544432
24.6954595791805
24.6408839779006
24.5324532453246
24.2128121606949
23.9784946236559
23.9013933547696
23.3997901364114
23.2291666666667
23.1088082901555
23.0134158926729
22.8952772073922
22.7319062181448
22.3223223223223
22.1010901883053
21.7986314760509
21.608527131783
21.5667311411993
21.4836223506744
21.401151631478
21.360153256705
21.0377358490566
20.9586466165414
20.9193245778612
20.7635009310987
20.7249070631971
20.6099815157117
20.4963235294118
20.4587155963303
20.4212454212454
20.3467153284672
20.1992753623189
20.1263537906137
20.0539568345324
19.5271453590193
19.493006993007
19.425087108014
19.3913043478261
19.2906574394464
19.2573402417962
19.1580756013746
19.0924657534247
18.9948892674617
18.93039049236
18.8026981450253
18.3087027914614
17.7547770700637
8.47264437689971
6.70878459687125
2.11816109422493
0.976015406162466
87.6524390243903
85.949177877429
84.6833578792342
83.5755813953489
76.8716577540107
76.4627659574468
73.7179487179487
73.2484076433121
72.4181360201512
71.1633663366337
70.3794369645043
68.452380952381
66.6280417149479
66.2442396313364
65.864833906071
65.5644241733182
64.8984198645598
64.5342312008979
64.1741071428572
63.8888888888889
62.910284463895
61.9612068965517
61.6291532690247
59.3395252837978
58.7334014300307
58.4944048830112
57.3852295409182
56.8743818001978
56.3725490196079
56.15234375
54.3478260869565
53.9399624765479
53.6380597014926
53.0442804428044
52.5594149908593
52.367941712204
51.8953068592058
51.4311270125224
51.2477718360071
50
49.8266897746967
49.6545768566494
49.3986254295533
48.6463620981388
48.2382550335571
48.0769230769231
47.9166666666667
47.7574750830565
47.208538587849
46.6720779220779
46.4458804523425
45.926517571885
45.1334379905809
43.693009118541
42.0937042459737
41.1301859799714
40.954415954416
40.8380681818182
40.7223796033995
40.4360056258791
40.3225806451613
40.1536312849162
40.041782729805
39.6551724137931
39.5460797799175
39.437585733882
39.275956284153
38.9039242219215
38.6944818304172
38.5388739946381
37.8787878787879
37.048969072165
36.6242038216561
36.5311308767472
36.3005050505051
35.892634207241
35.6699751861042
35.4938271604938
35.2760736196319
35.1037851037851
34.5138055222089
34.3899521531101
34.3078758949881
34.1043890865955
33.9433293978749
33.8633686690224
33.5864485981309
33.1986143187067
33.1221198156682
33.0459770114943
32.707622298066
32.5963718820862
32.3397075365579
31.8383167220377
31.767955801105
31.6281628162816
31.2160694896851
30.9139784946237
30.8145766345123
30.1678908709339
29.9479166666667
29.7927461139896
29.6697626418989
29.517453798768
29.3068297655454
28.7787787787788
28.4935579781962
28.1036168132942
27.858527131783
27.8046421663443
27.6974951830443
27.5911708253359
27.5383141762452
27.122641509434
27.0206766917293
26.9699812382739
26.7690875232775
26.7193308550186
26.5711645101664
26.4246323529412
26.3761467889908
26.3278388278388
26.2317518248175
26.0416666666667
25.9476534296029
25.8543165467626
25.1751313485114
25.1311188811189
25.0435540069686
25
24.8702422145329
24.8272884283247
24.6993127147766
24.6147260273973
24.488926746167
