21.41998
24.06739
24.78941
25.3911
25.51143
25.51143
25.51143
25.75211
26.23345
26.35379
26.47413
26.59446
26.7148
26.83514
26.95548
27.07581
27.07581
27.07581
27.31649
27.43682
27.43682
27.55716
27.55716
27.55716
27.6775
27.6775
27.79783
28.03851
28.03851
28.27918
28.27918
28.27918
28.27918
28.39952
28.51986
28.51986
28.64019
28.64019
28.76053
28.76053
28.76053
28.76053
28.76053
28.88087
28.88087
28.88087
29.0012
29.12154
29.12154
29.24188
29.36221
29.36221
29.48255
29.48255
29.48255
29.60289
29.60289
29.60289
29.60289
29.72323
29.72323
29.84356
29.84356
29.9639
30.08424
30.20457
30.20457
30.32491
30.32491
30.32491
30.32491
30.32491
30.44525
30.56558
30.56558
30.56558
30.56558
30.68592
30.68592
30.80626
30.92659
30.92659
31.04693
31.04693
31.04693
31.16727
31.16727
31.16727
31.16727
31.28761
31.28761
31.40794
31.40794
31.40794
31.52828
31.52828
31.64862
31.64862
31.76895
31.76895
31.88929
31.88929
32.00963
32.00963
32.12996
32.12996
32.37064
32.37064
32.37064
32.37064
32.37064
32.49097
32.49097
32.49097
32.49097
32.49097
32.61131
32.61131
32.73165
32.73165
32.85199
32.85199
32.97232
32.97232
32.97232
32.97232
32.97232
32.97232
33.09266
33.09266
33.09266
33.09266
33.213
33.213
33.213
33.33333
33.33333
33.33333
33.45367
33.45367
33.45367
33.57401
33.57401
33.57401
33.57401
33.69434
33.69434
33.69434
33.81468
33.81468
33.81468
33.81468
33.81468
34.05535
34.05535
34.17569
34.17569
34.29603
34.29603
34.41637
34.41637
34.41637
34.41637
34.41637
34.41637
34.5367
34.5367
34.5367
34.65704
34.77738
34.77738
34.89771
34.89771
34.89771
35.01805
35.13839
35.37906
35.37906
35.4994
35.61974
35.61974
35.61974
35.74007
35.86041
36.10108
36.10108
36.10108
36.10108
36.34176
36.46209
36.46209
36.58243
36.58243
36.8231
36.8231
36.8231
36.8231
36.94344
37.06378
37.06378
37.18412
37.30445
37.30445
37.30445
37.42479
37.42479
37.66546
37.7858
38.02647
38.26715
38.26715
38.26715
38.38748
38.38748
38.38748
38.50782
38.7485
38.98917
40.19254
40.79422
41.27557
41.75692
43.44164
43.44164
43.56197
45.24669
45.6077
46.08905
46.69073
46.93141
55.59567
56.19735
56.79904
57.88207
73.76655
74.00722
83.99519
95.78821
5.210773
5.854801
6.030445
6.176815
6.206089
6.206089
6.206089
6.264637
6.381733
6.411007
6.440281
6.469555
6.498829
6.528103
6.557377
6.586651
6.586651
6.586651
6.645199
6.674473
6.674473
6.703747
6.703747
6.703747
6.733021
6.733021
6.762295
6.820843
6.820843
6.879391
6.879391
6.879391
6.879391
6.908665
6.937939
6.937939
6.967213
6.967213
6.996487
6.996487
6.996487
6.996487
6.996487
7.025761
7.025761
7.025761
7.055035
7.084309
7.084309
7.113583
