0
48.93617
97.02128
0
45.27559
89.76378
0
44.40154
88.03089
0
41.51625
82.31047
0
38.33333
76
97.66667
0
34.63855
68.6747
88.25301
0
31.94444
63.33333
81.38889
0
29.63918
58.76289
75.51546
0
25.95937
51.46727
66.13995
0
25.44248
50.44248
64.82301
0
24.67811
48.92704
62.87554
0
24.15966
47.89916
61.55462
0
23.71134
47.01031
60.41237
0
22.86282
45.32803
58.2505
0
21.45522
42.53731
54.66418
0
18.1962
36.07595
46.36076
0
14.48363
28.71537
36.90176
0
13.54535
26.85512
34.51119
0
11.5346
22.86861
29.38816
0
11.3189
22.44094
28.83858
0
9.583333
19
24.41667
0
5.275229
10.45872
13.44037
0
1.220289
2.419355
3.109083
25
25.04244
26.01868
26.44312
26.78268
26.95246
27.37691
28.3107
28.6927
29.71138
29.96604
31.49406
31.74873
33.53141
33.74363
34.12564
35.61121
35.6961
35.6961
36.92699
37.09677
37.64856
37.86078
37.98812
38.20034
38.49745
39.13413
39.55857
39.81324
40.02547
40.06791
40.28014
40.5348
40.66214
40.66214
40.78947
41.12903
41.17148
41.25637
41.29881
41.34126
41.59593
41.72326
41.80815
41.80815
42.02037
42.06282
42.19015
42.2326
42.2326
42.57216
42.69949
42.74194
42.95416
43.08149
43.42105
43.4635
43.80306
43.88795
43.97284
44.05772
44.05772
44.05772
44.14261
44.2275
44.39728
44.39728
44.39728
44.48217
44.48217
44.65195
44.65195
44.82173
44.82173
44.90662
44.90662
44.99151
44.99151
45.0764
45.16129
45.16129
45.24618
45.33107
45.33107
45.41596
45.41596
45.50085
45.50085
45.75552
45.75552
45.75552
45.75552
45.84041
45.84041
45.9253
46.01019
46.09508
46.09508
46.09508
46.17997
46.17997
46.26486
46.34975
46.43463
46.43463
46.43463
46.43463
46.51952
46.60441
46.60441
46.6893
46.77419
46.85908
46.94397
47.02886
47.02886
47.02886
47.02886
47.11375
47.11375
47.28353
47.36842
47.45331
47.45331
47.5382
47.5382
47.62309
47.62309
47.62309
47.62309
47.62309
47.62309
47.70798
47.70798
47.87776
47.87776
47.87776
47.87776
47.87776
47.96265
47.96265
48.04754
48.04754
48.04754
48.04754
48.13243
48.13243
48.13243
48.21732
48.30221
48.30221
48.3871
48.3871
48.47199
48.55688
48.55688
48.64177
48.64177
48.64177
48.64177
48.72666
48.72666
48.72666
48.81154
48.89643
48.98132
49.06621
49.06621
49.06621
49.06621
49.1511
49.23599
49.23599
49.32088
49.32088
49.40577
49.49066
49.57555
49.57555
49.57555
49.66044
49.66044
49.74533
49.83022
49.83022
49.83022
49.83022
49.83022
49.91511
49.91511
49.91511
49.91511
50
50
50
50
50
50.08489
50.08489
50.08489
