8.06666666666667
2.26666666666667
4.4
3.46666666666667
3.26666666666667
4.16666666666667
6.5
5.06666666666667
5.86666666666667
15.6333333333333
2
2
1.83333333333333
1.96666666666667
1.9
1.9
3.16666666666667
4.16666666666667
7.16666666666667
6.8
2.76666666666667
4.2
5.76666666666667
3
1.93333333333333
2.56666666666667
1.86666666666667
1.9
2.1
2.93333333333333
3.76666666666667
3.5
2.9
2.2
2.16666666666667
1.9
1.9
1.86666666666667
2.23333333333333
1.9
2.46666666666667
3.2
3.93333333333333
3.23333333333333
2.86666666666667
3.1
2
1.83333333333333
1.9
2.16666666666667
1.96666666666667
1.9
2.13333333333333
3.13333333333333
3.63333333333333
4.9
3.36666666666667
4.56666666666667
2.8
1.86666666666667
1.86666666666667
2.1
1.86666666666667
1.9
2.06666666666667
2.46666666666667
3.16666666666667
2.56666666666667
3.6
1.83333333333333
1.96666666666667
1.86666666666667
1.86666666666667
2.03333333333333
2.4
2.03333333333333
9.33333333333333
10.6
2.96666666666667
2.7
2.6
3.96666666666667
2.2
1.86666666666667
2
2.03333333333333
2
2.2
2.2
2.3
2.33333333333333
2.03333333333333
1.83333333333333
2.03333333333333
2
1.96666666666667
1.93333333333333
2.43333333333333
2.33333333333333
1.93333333333333
2.56666666666667
2.1
1.93333333333333
2.03333333333333
3.16666666666667
2.93333333333333
2.46666666666667
2.03333333333333
2
2.23333333333333
1.96666666666667
1.9
5.96666666666667
31.2333333333333
24
26.4333333333333
19.6333333333333
22.6666666666667
24.3666666666667
22.5
19.8333333333333
24.1333333333333
25.4333333333333
21.5
19.7333333333333
21
20.0666666666667
19.7333333333333
17.7333333333333
17.1
17.9333333333333
17.0666666666667
19.6666666666667
20.9666666666667
20.6
19
20.7333333333333
21.2
22.9333333333333
22.1
17.6
21.7666666666667
23.7333333333333
25.7666666666667
49.8666666666667
33.8
25.7
29.2
29.0333333333333
29.5
29.0333333333333
28.5666666666667
27.4
26.3
24.9666666666667
27.2333333333333
27.3333333333333
26.4333333333333
24.4666666666667
27.2333333333333
26.0333333333333
35.4666666666667
39.0666666666667
2.03333333333333
1.93333333333333
2.03333333333333
1.96666666666667
1.8
1.86666666666667
2.03333333333333
2.33333333333333
1.9
2.86666666666667
2.4
2.23333333333333
2.4
3.23333333333333
2.16666666666667
2.56666666666667
1.96666666666667
1.86666666666667
1.96666666666667
1.86666666666667
2
2.3
2.03333333333333
2.2
1.9
1.9
1.9
1.93333333333333
1.86666666666667
1.9
1.96666666666667
2.2
1.9
2.1
2.1
1.86666666666667
2.16666666666667
2.26666666666667
2.23333333333333
2.8
2.26666666666667
9.06666666666667
2.56666666666667
3.13333333333333
3.9
4.83333333333333
3.66666666666667
1.96666666666667
1.96666666666667
3.73333333333333
2.06666666666667
2
1.86666666666667
1.83333333333333
4
3
2.03333333333333
2.33333333333333
2.43333333333333
2.93333333333333
3.4
2.36666666666667
4.2
2.16666666666667
2.63333333333333
4.6
10.0333333333333
4.16666666666667
2.6
5.53333333333333
5.86666666666667
5.26666666666667
6.26666666666667
3.83333333333333
7.63333333333333
2.73333333333333
4.26666666666667
3.03333333333333
3.53333333333333
2.56666666666667
3
3.3
3.7
3.86666666666667
4
3.46666666666667
4.56666666666667
3.5
1.96666666666667
1.86666666666667
1.96666666666667
1.86666666666667
1.86666666666667
2.13333333333333
2.86666666666667
3.93333333333333
4.23333333333333
2.7
3.03333333333333
1.96666666666667
1.9
3.2
3.86666666666667
3.06666666666667
3.66666666666667
3.2
5.33333333333333
3.46666666666667
3.26666666666667
5.5
6.2
3.26666666666667
1.93333333333333
2.63333333333333
5.66666666666667
5.33333333333333
6.03333333333333
9.4
7.13333333333333
9.63333333333333
2.93333333333333
5.6
7.5
3.76666666666667
4.36666666666667
