1.88333333333333
2.11666666666667
1.9
1.8
1.88333333333333
1.88333333333333
1.85
1.81666666666667
1.86666666666667
1.83333333333333
1.85
1.76666666666667
1.88333333333333
2.15
1.91666666666667
1.81666666666667
1.85
1.83333333333333
1.83333333333333
1.83333333333333
1.83333333333333
1.8
1.83333333333333
1.75
1.9
2.05
1.86666666666667
1.8
1.9
1.75
1.81666666666667
1.78333333333333
1.9
1.76666666666667
1.93333333333333
1.86666666666667
1.9
2.18333333333333
1.86666666666667
1.81666666666667
1.86666666666667
1.88333333333333
1.85
1.81666666666667
1.9
1.75
1.85
1.81666666666667
2.03333333333333
2.35
1.83333333333333
1.88333333333333
1.95
1.81666666666667
1.85
1.8
1.86666666666667
1.76666666666667
1.9
1.8
1.9
2.05
1.81666666666667
1.81666666666667
1.86666666666667
1.78333333333333
1.85
1.83333333333333
1.9
1.8
1.8
1.75
1.93333333333333
2.11666666666667
1.81666666666667
1.83333333333333
1.88333333333333
1.8
1.8
1.81666666666667
1.9
1.75
1.81666666666667
1.8
1.9
2.05
1.8
1.85
1.78333333333333
1.85
1.8
1.86666666666667
1.78333333333333
1.8
1.75
1.9
2.1
1.8
1.85
1.9
1.78333333333333
1.81666666666667
1.85
1.78333333333333
1.8
1.76666666666667
1.91666666666667
2.13333333333333
1.93333333333333
1.85
1.85
1.76666666666667
1.85
1.83333333333333
1.81666666666667
1.81666666666667
1.83333333333333
1.8
1.88333333333333
2.13333333333333
1.83333333333333
2
2
1.95
1.91666666666667
1.91666666666667
1.91666666666667
1.86666666666667
1.83333333333333
1.88333333333333
1.93333333333333
2.18333333333333
2
1.9
1.93333333333333
1.86666666666667
1.85
1.88333333333333
1.86666666666667
1.83333333333333
1.83333333333333
1.85
1.9
2.2
1.91666666666667
1.9
1.91666666666667
1.85
1.86666666666667
1.88333333333333
1.88333333333333
1.8
1.86666666666667
1.86666666666667
1.86666666666667
2.16666666666667
1.85
1.88333333333333
1.88333333333333
1.85
1.91666666666667
1.91666666666667
1.93333333333333
1.85
1.93333333333333
1.9
1.9
2.18333333333333
1.81666666666667
1.9
2.33333333333333
1.9
1.9
1.91666666666667
1.86666666666667
5.65
1.81666666666667
1.85
1.91666666666667
2.18333333333333
1.81666666666667
1.85
1.85
1.83333333333333
1.78333333333333
1.83333333333333
1.86666666666667
1.83333333333333
1.85
1.85
2.06666666666667
2.13333333333333
1.88333333333333
1.95
1.88333333333333
1.86666666666667
1.85
1.93333333333333
1.8
1.8
1.83333333333333
1.9
1.88333333333333
2.11666666666667
1.81666666666667
1.86666666666667
1.81666666666667
1.86666666666667
1.8
1.91666666666667
1.81666666666667
1.85
1.85
1.85
1.81666666666667
2.1
1.83333333333333
1.9
1.8
1.8
1.8
1.86666666666667
1.76666666666667
1.81666666666667
1.86666666666667
1.85
1.88333333333333
2.1
1.83333333333333
1.91666666666667
1.83333333333333
1.78333333333333
1.8
1.9
1.85
1.81666666666667
1.86666666666667
1.85
1.93333333333333
2.11666666666667
1.9
1.95
1.85
1.8
1.81666666666667
1.81666666666667
1.8
1.85
1.88333333333333
1.8
1.88333333333333
2.13333333333333
1.9
1.9
1.86666666666667
1.88333333333333
1.81666666666667
1.81666666666667
1.85
1.81666666666667
1.88333333333333
1.81666666666667
1.86666666666667
2.11666666666667
1.85
1.85
1.81666666666667
1.83333333333333
1.81666666666667
1.85
1.8
1.86666666666667
1.83333333333333
1.81666666666667
1.86666666666667
2.2
1.81666666666667
1.91666666666667
1.83333333333333
1.85
1.78333333333333
1.98333333333333
1.96666666666667
1.98333333333333
2
1.91666666666667
1.93333333333333
1.96666666666667
