2.11666666666667
2.1
2.06666666666667
2.06666666666667
2.26666666666667
2.15
2.11666666666667
2.08333333333333
2.13333333333333
2.08333333333333
2.08333333333333
2.13333333333333
2.1
2.08333333333333
2.08333333333333
2.1
2.25
2.13333333333333
2.1
2.1
2.1
2.06666666666667
2.15
2.21666666666667
2.08333333333333
2.06666666666667
2.05
2.08333333333333
2.28333333333333
2.15
2.1
2.08333333333333
2.06666666666667
2.11666666666667
2.06666666666667
2.16666666666667
2.11666666666667
2.18333333333333
2.16666666666667
2.1
2.31666666666667
2.16666666666667
2.06666666666667
2.05
2.05
2.06666666666667
2.08333333333333
2.1
2.08333333333333
2.06666666666667
2.1
2.1
2.26666666666667
2.13333333333333
2.1
2.1
2.11666666666667
2.06666666666667
2.06666666666667
2.1
2.1
2.08333333333333
2.06666666666667
2.1
2.31666666666667
2.15
2.06666666666667
2.06666666666667
2.08333333333333
2.05
2.06666666666667
2.11666666666667
2.16666666666667
2.06666666666667
2.06666666666667
2.06666666666667
2.26666666666667
2.13333333333333
2.11666666666667
2.08333333333333
2.06666666666667
2.08333333333333
2.06666666666667
2.15
2.1
2.13333333333333
2.08333333333333
2.1
2.3
2.13333333333333
2.08333333333333
2.03333333333333
2.06666666666667
2.06666666666667
2.08333333333333
2.1
2.13333333333333
2.08333333333333
2.06666666666667
2.1
2.25
2.13333333333333
1.98333333333333
1.96666666666667
2
2.03333333333333
2
2
2.01666666666667
2.61666666666667
1.98333333333333
2
2.2
1.93333333333333
1.96666666666667
1.93333333333333
1.93333333333333
1.96666666666667
1.93333333333333
2
1.93333333333333
1.93333333333333
1.98333333333333
1.93333333333333
2.2
2
1.96666666666667
1.93333333333333
2
2.01666666666667
1.95
1.98333333333333
1.93333333333333
1.93333333333333
1.9
1.95
2.16666666666667
2.01666666666667
1.98333333333333
2.01666666666667
1.93333333333333
1.91666666666667
2
2.01666666666667
2
2.11666666666667
1.95
1.88333333333333
2.9
2.81666666666667
2
1.98333333333333
1.98333333333333
2.28333333333333
1.98333333333333
2
1.96666666666667
1.95
1.93333333333333
1.96666666666667
2.18333333333333
2.01666666666667
2
2
2.01666666666667
1.98333333333333
1.96666666666667
1.98333333333333
1.93333333333333
1.96666666666667
2
1.96666666666667
2.18333333333333
2.03333333333333
2
2
2.01666666666667
1.98333333333333
1.98333333333333
2.01666666666667
2.06666666666667
1.96666666666667
1.95
2
2.18333333333333
2.03333333333333
2
1.95
1.96666666666667
1.96666666666667
1.96666666666667
2.01666666666667
1.96666666666667
1.98333333333333
2.05
2
2.16666666666667
2.05
2
2
2
1.91666666666667
2
2
1.98333333333333
1.96666666666667
1.98333333333333
1.96666666666667
2.15
2.03333333333333
1.95
1.96666666666667
1.98333333333333
2
1.91666666666667
2.05
1.93333333333333
2
1.98333333333333
2
2.15
2
2
1.96666666666667
1.96666666666667
2.01666666666667
1.96666666666667
2
2.05
2
2
1.93333333333333
2.18333333333333
2.18333333333333
2.01666666666667
2
1.9
1.93333333333333
1.93333333333333
1.96666666666667
1.96666666666667
2
1.98333333333333
1.96666666666667
2.18333333333333
1.98333333333333
1.96666666666667
1.98333333333333
1.98333333333333
2
1.96666666666667
1.98333333333333
2.05
1.96666666666667
1.98333333333333
2
2.15
2.01666666666667
2.01666666666667
2.01666666666667
1.93333333333333
2.01666666666667
1.98333333333333
1.98333333333333
2.01666666666667
2
1.98333333333333
1.98333333333333
2.16666666666667
2
1.93333333333333
1.91666666666667
2
1.98333333333333
1.91666666666667
2.03333333333333
2.11666666666667
2.1
2.1
2.06666666666667
2.28333333333333
2.13333333333333
2.06666666666667
2.06666666666667
2.06666666666667
2.06666666666667
2.06666666666667
2.15
