1.83333333333333
1.86666666666667
1.81666666666667
1.83333333333333
1.83333333333333
1.9
1.8
1.81666666666667
1.83333333333333
1.81666666666667
1.8
2.03333333333333
1.85
1.83333333333333
1.76666666666667
1.83333333333333
1.83333333333333
2
1.8
1.85
1.83333333333333
1.83333333333333
1.8
1.98333333333333
1.83333333333333
1.85
2
1.93333333333333
1.96666666666667
1.8
1.75
1.76666666666667
1.76666666666667
1.8
1.8
2
1.78333333333333
1.76666666666667
1.8
1.78333333333333
1.8
1.83333333333333
1.8
1.8
1.8
1.76666666666667
1.76666666666667
2
1.8
1.83333333333333
1.8
1.76666666666667
1.78333333333333
1.81666666666667
1.78333333333333
1.76666666666667
1.78333333333333
1.8
1.8
2
1.78333333333333
1.8
1.75
1.76666666666667
1.81666666666667
1.85
1.8
1.8
1.8
1.78333333333333
1.78333333333333
1.98333333333333
1.75
1.8
1.8
1.8
1.8
1.86666666666667
1.86666666666667
1.78333333333333
1.78333333333333
1.78333333333333
1.76666666666667
1.96666666666667
1.76666666666667
1.8
1.76666666666667
1.78333333333333
1.8
1.85
1.8
1.8
1.8
1.8
1.8
2
1.8
1.8
1.8
1.8
1.68333333333333
1.66666666666667
1.55
1.58333333333333
1.55
1.7
1.66666666666667
1.81666666666667
1.53333333333333
1.58333333333333
1.55
1.58333333333333
1.63333333333333
1.78333333333333
1.51666666666667
1.55
1.58333333333333
1.61666666666667
1.65
1.93333333333333
1.6
1.65
1.56666666666667
1.63333333333333
1.6
1.66666666666667
1.61666666666667
1.65
1.63333333333333
1.63333333333333
1.61666666666667
1.86666666666667
1.61666666666667
1.65
1.63333333333333
1.76666666666667
1.63333333333333
1.7
1.65
1.63333333333333
1.66666666666667
1.63333333333333
1.66666666666667
1.81666666666667
1.6
1.66666666666667
1.65
1.63333333333333
3.05
2.8
1.63333333333333
1.71666666666667
1.65
1.65
1.68333333333333
1.85
1.6
1.63333333333333
1.6
1.58333333333333
1.66666666666667
1.7
1.63333333333333
1.65
1.61666666666667
1.63333333333333
1.65
1.85
1.6
1.68333333333333
1.63333333333333
1.63333333333333
1.6
1.7
1.61666666666667
1.61666666666667
1.65
1.66666666666667
1.63333333333333
1.85
1.65
1.65
1.61666666666667
1.65
1.63333333333333
1.7
1.65
1.6
1.61666666666667
1.63333333333333
1.55
1.8
1.66666666666667
1.68333333333333
1.63333333333333
1.65
1.65
1.65
1.6
1.61666666666667
1.63333333333333
1.68333333333333
1.65
1.85
1.66666666666667
1.68333333333333
1.65
1.68333333333333
1.68333333333333
1.78333333333333
1.68333333333333
1.66666666666667
1.66666666666667
1.73333333333333
1.61666666666667
1.83333333333333
1.58333333333333
1.66666666666667
1.66666666666667
1.58333333333333
1.63333333333333
1.68333333333333
1.58333333333333
1.6
1.65
1.58333333333333
1.58333333333333
1.8
1.61666666666667
1.61666666666667
1.6
1.58333333333333
1.6
1.65
1.56666666666667
1.55
1.55
1.58333333333333
1.55
1.81666666666667
1.55
1.6
1.65
1.58333333333333
1.55
1.66666666666667
1.55
1.55
1.56666666666667
1.55
1.55
1.76666666666667
1.55
1.58333333333333
1.55
1.55
1.55
1.63333333333333
1.58333333333333
1.55
1.55
1.71666666666667
1.55
1.75
1.55
1.56666666666667
1.68333333333333
1.55
1.55
1.58333333333333
1.55
1.55
1.55
1.56666666666667
1.55
1.86666666666667
1.7
1.78333333333333
1.76666666666667
1.81666666666667
1.73333333333333
1.71666666666667
1.76666666666667
1.83333333333333
2.75
1.76666666666667
1.55
1.75
