1.53333333333333
1.6
1.6
1.63333333333333
1.6
1.83333333333333
1.6
1.76666666666667
1.83333333333333
1.6
1.6
1.86666666666667
1.66666666666667
1.76666666666667
3.6
1.96666666666667
1.86666666666667
1.73333333333333
1.66666666666667
1.8
2.06666666666667
1.66666666666667
1.7
1.7
1.83333333333333
1.73333333333333
1.66666666666667
1.6
1.66666666666667
1.76666666666667
1.73333333333333
1.86666666666667
2
1.73333333333333
1.66666666666667
1.6
1.6
1.73333333333333
1.5
1.63333333333333
1.7
1.7
1.63333333333333
1.83333333333333
1.86666666666667
1.6
1.66666666666667
1.66666666666667
1.7
1.83333333333333
1.76666666666667
1.6
1.6
1.83333333333333
1.9
2.03333333333333
1.8
1.6
1.63333333333333
1.66666666666667
1.63333333333333
1.7
1.73333333333333
1.6
1.83333333333333
1.76666666666667
1.8
1.93333333333333
1.93333333333333
1.63333333333333
1.63333333333333
1.7
1.73333333333333
1.56666666666667
1.73333333333333
1.83333333333333
1.6
1.76666666666667
1.6
1.96666666666667
1.73333333333333
1.6
1.66666666666667
1.83333333333333
1.66666666666667
1.66666666666667
1.66666666666667
1.6
1.63333333333333
1.9
1.63333333333333
1.86666666666667
1.86666666666667
1.63333333333333
1.63333333333333
1.66666666666667
1.8
1.7
1.7
1.63333333333333
1.46666666666667
1.33333333333333
1.4
1.7
1.7
1.5
1.5
1.5
2.63333333333333
1.5
1.5
1.5
1.5
1.86666666666667
1.5
1.73333333333333
1.73333333333333
1.5
1.5
1.5
1.5
1.5
1.5
1.5
1.9
2.83333333333333
10.2
1.53333333333333
1.8
1.5
1.5
1.5
1.5
1.5
1.5
1.5
1.5
1.5
1.5
1.7
1.66666666666667
1.5
1.5
1.5
1.5
1.5
1.5
1.5
3.83333333333333
3.46666666666667
1.5
1.63333333333333
1.63333333333333
1.5
1.5
1.5
1.53333333333333
1.5
1.5
1.5
1.5
1.5
1.5
1.73333333333333
1.63333333333333
1.5
1.5
1.5
1.5
1.5
1.5
1.5
1.5
1.5
1.5
1.76666666666667
1.76666666666667
1.5
1.5
1.5
1.5
1.5
1.5
1.5
1.53333333333333
1.5
1.6
1.73333333333333
1.66666666666667
1.5
1.5
1.5
1.5
1.5
1.5
1.5
1.53333333333333
1.53333333333333
1.5
1.8
1.63333333333333
1.5
1.5
1.5
1.5
1.56666666666667
1.3
1.23333333333333
1.33333333333333
1.36666666666667
1.4
1.46666666666667
1.4
1.3
1.33333333333333
1.5
1.3
1.3
1.33333333333333
1.5
1.33333333333333
1.4
1.36666666666667
1.56666666666667
1.4
1.33333333333333
1.23333333333333
1.3
1.36666666666667
1.3
1.3
1.43333333333333
1.3
1.33333333333333
1.36666666666667
1.43333333333333
1.53333333333333
1.33333333333333
1.3
1.3
1.4
1.36666666666667
1.3
1.36666666666667
1.26666666666667
1.33333333333333
1.36666666666667
1.6
1.46666666666667
1.36666666666667
1.3
1.26666666666667
1.36666666666667
1.4
1.4
1.33333333333333
1.33333333333333
1.33333333333333
1.3
1.66666666666667
1.43333333333333
1.33333333333333
1.36666666666667
1.3
1.26666666666667
1.33333333333333
1.26666666666667
1.26666666666667
1.36666666666667
1.33333333333333
1.2
1.63333333333333
1.36666666666667
1.23333333333333
1.33333333333333
1.33333333333333
1.6
1.7
1.63333333333333
1.6
1.56666666666667
1.6
1.6
2
1.86666666666667
1.6
1.66666666666667
1.6
