2.03333333333333
2.2
2.1
2.46666666666667
2.1
2.13333333333333
2.06666666666667
2.13333333333333
2.06666666666667
2.2
2.1
2.13333333333333
2.1
2.1
2.1
2.5
2.03333333333333
2.16666666666667
2.16666666666667
2.16666666666667
2.1
2.13333333333333
2
2.03333333333333
2.1
2.1
2.1
2.46666666666667
2.06666666666667
2.06666666666667
2
2.16666666666667
2.06666666666667
2.16666666666667
2.1
2.1
2.03333333333333
2.13333333333333
2
2.53333333333333
2
2.2
2.1
2.1
2.03333333333333
2.06666666666667
2
2.1
2.06666666666667
2.13333333333333
2.1
2.5
2.1
2.13333333333333
2
2.06666666666667
2.06666666666667
2.13333333333333
2.1
2.23333333333333
2.4
2.1
2.1
2.5
2.03333333333333
2.1
2
2.2
2.13333333333333
2.16666666666667
2.06666666666667
2.13333333333333
2.03333333333333
2.03333333333333
2
2.46666666666667
2.1
2.2
2.06666666666667
2.1
2.1
2.16666666666667
2.06666666666667
2.1
2
2.1
2
2.43333333333333
2.1
2.16666666666667
2.1
2.1
2.1
2.16666666666667
2.1
2.06666666666667
2.1
2.13333333333333
2.1
2.43333333333333
1.83333333333333
1.66666666666667
1.5
1.63333333333333
1.5
1.66666666666667
1.5
1.66666666666667
1.5
1.66666666666667
1.5
2.03333333333333
1.5
1.76666666666667
1.5
1.66666666666667
1.5
1.63333333333333
1.5
1.63333333333333
1.56666666666667
1.63333333333333
1.5
2
1.5
1.73333333333333
1.53333333333333
1.63333333333333
1.5
1.63333333333333
1.5
1.63333333333333
1.53333333333333
1.63333333333333
1.5
2.03333333333333
1.6
1.73333333333333
1.6
1.63333333333333
1.6
1.63333333333333
1.6
1.6
1.6
1.6
1.6
1.93333333333333
2.83333333333333
3
1.56666666666667
1.6
1.6
1.6
1.6
1.6
1.56666666666667
1.63333333333333
1.6
2
1.6
1.66666666666667
1.6
1.63333333333333
1.6
1.66666666666667
1.6
1.66666666666667
1.63333333333333
1.63333333333333
1.6
1.9
1.6
1.7
1.6
2.3
1.6
1.66666666666667
1.6
1.7
1.6
1.6
1.6
2.03333333333333
1.6
1.7
1.6
1.66666666666667
1.6
1.7
1.6
1.7
1.6
1.7
1.6
2.06666666666667
1.6
2.06666666666667
1.6
1.7
1.6
1.7
1.6
1.7
1.6
1.7
1.6
2.03333333333333
1.6
1.76666666666667
1.6
1.7
1.6
1.7
1.6
1.7
1.6
1.66666666666667
1.6
2
1.6
1.8
1.6
1.7
1.6
1.66666666666667
1.6
1.63333333333333
1.6
1.66666666666667
1.6
2
1.63333333333333
1.6
1.6
1.63333333333333
1.63333333333333
1.66666666666667
1.63333333333333
1.66666666666667
1.63333333333333
1.66666666666667
1.6
1.96666666666667
1.63333333333333
1.76666666666667
1.63333333333333
1.66666666666667
1.63333333333333
1.66666666666667
1.63333333333333
1.66666666666667
1.6
1.66666666666667
1.6
2
1.63333333333333
1.76666666666667
1.6
1.63333333333333
1.63333333333333
1.63333333333333
1.63333333333333
1.63333333333333
1.63333333333333
1.63333333333333
1.63333333333333
1.96666666666667
1.63333333333333
1.7
1.63333333333333
1.6
1.63333333333333
1.56666666666667
1.6
1.6
1.96666666666667
2.06666666666667
2.1
2.43333333333333
2.1
2.13333333333333
2.1
2.13333333333333
2.1
2.16666666666667
2.13333333333333
2.1
