1.5
1.5
1.5
1.5
1.5
1.5
1.5
1.5
1.5
1.5
1.5
1.5
1.5
1.5
1.63333333333333
1.76666666666667
1.5
1.5
1.5
1.5
1.5
1.5
1.56666666666667
1.5
1.5
1.5
1.5
1.5
1.5
1.5
1.5
1.5
1.5
1.5
1.5
1.5
1.5
1.5
1.63333333333333
1.76666666666667
1.5
1.5
1.5
1.5
1.5
1.5
1.5
1.5
1.5
1.5
1.5
1.5
1.5
1.5
1.5
1.5
1.5
1.5
1.5
1.5
1.5
1.5
1.63333333333333
1.76666666666667
1.5
1.5
1.5
1.5
1.5
1.5
1.6
1.5
1.5
1.5
1.5
1.5
1.5
1.5
1.5
1.5
1.5
1.5
1.5
1.5
1.5
1.5
1.63333333333333
1.76666666666667
1.5
1.5
1.5
1.5
1.56666666666667
1.5
1.5
1.8
1.5
1.5
1.5
1.5
1.5
1.5
1.5
1.5
1.5
1.5
1.5
1.5
1.5
1.5
1.63333333333333
1.76666666666667
1.5
1.5
1.5
1.5
1.5
1.5
1.6
1.5
1.5
1.5
1.5
1.5
1.5
1.5
1.5
1.5
1.5
1.5
1.5
1.5
1.56666666666667
1.5
1.63333333333333
1.76666666666667
1.5
1.5
1.5
1.5
1.5
1.5
1.5
1.5
1.5
1.5
1.5
1.5
2.46666666666667
1.6
1.5
1.5
1.5
1.5
1.5
1.5
1.53333333333333
1.53333333333333
1.73333333333333
1.93333333333333
1.96666666666667
1.56666666666667
1.5
1.5
1.5
1.5
1.5
1.5
1.5
1.5
1.5
1.5
1.5
1.5
1.5
1.5
1.5
1.5
1.5
1.5
1.5
1.5
1.76666666666667
1.83333333333333
1.5
1.5
1.5
1.5
1.5
1.5
1.5
1.5
1.5
1.5
1.5
1.5
1.5
1.5
1.5
1.5
1.5
1.5
1.5
1.5
1.5
1.5
1.63333333333333
1.76666666666667
1.5
1.5
1.5
1.5
1.5
1.5
1.5
1.5
1.5
1.5
1.5
1.5
1.5
1.5
1.5
1.5
1.5
1.5
1.5
1.5
1.5
1.5
1.63333333333333
1.76666666666667
1.5
1.5
1.5
1.5
1.5
1.5
1.5
1.5
1.5
1.5
1.5
1.5
1.5
1.5
1.5
1.5
1.5
1.5
1.5
1.5
1.5
1.5
1.63333333333333
1.76666666666667
1.5
1.5
1.5
1.5
1.5
1.5
1.5
1.5
1.56666666666667
1.5
1.5
1.5
1.5
1.5
1.5
1.5
1.5
1.5
1.5
1.5
1.5
1.5
1.63333333333333
1.76666666666667
1.5
1.5
1.5
1.5
1.5
1.5
1.5
1.5
