4.91666666666667
4.86666666666667
4.86666666666667
4.9
5.11666666666667
5.03333333333333
4.91666666666667
4.88333333333333
4.85
4.88333333333333
4.85
4.9
4.83333333333333
4.85
4.86666666666667
4.81666666666667
5.1
4.96666666666667
4.83333333333333
4.86666666666667
4.91666666666667
4.81666666666667
4.86666666666667
4.86666666666667
4.85
4.9
4.86666666666667
4.86666666666667
5.38333333333333
5.03333333333333
4.9
4.93333333333333
4.88333333333333
4.85
4.85
4.81666666666667
4.83333333333333
4.85
4.85
4.9
5.06666666666667
4.93333333333333
4.86666666666667
4.91666666666667
4.88333333333333
4.83333333333333
4.83333333333333
4.83333333333333
4.83333333333333
4.85
4.83333333333333
4.81666666666667
5.1
4.96666666666667
4.86666666666667
4.93333333333333
4.88333333333333
4.88333333333333
4.95
5.06666666666667
4.88333333333333
5.1
4.86666666666667
4.91666666666667
5.15
5
4.91666666666667
4.91666666666667
5.15
4.95
4.91666666666667
4.9
4.93333333333333
4.93333333333333
4.91666666666667
4.88333333333333
8.25
37.0333333333333
16.3666666666667
5.06666666666667
5.01666666666667
5.01666666666667
5.01666666666667
5.03333333333333
5.01666666666667
4.98333333333333
5.01666666666667
5
5.25
5.2
5.03333333333333
5.03333333333333
5.03333333333333
5.01666666666667
5.03333333333333
5.03333333333333
5.05
5.05
5.01666666666667
5.05
5.18333333333333
5.1
4.83333333333333
4.78333333333333
4.83333333333333
4.75
4.81666666666667
4.75
4.78333333333333
4.78333333333333
4.8
4.75
5.01666666666667
4.95
5.05
4.8
4.8
4.76666666666667
4.86666666666667
4.76666666666667
4.85
4.78333333333333
4.81666666666667
4.78333333333333
5.43333333333333
9.53333333333333
4.78333333333333
5.63333333333333
4.95
4.75
4.76666666666667
4.76666666666667
4.75
4.76666666666667
4.96666666666667
4.85
5.31666666666667
15.2166666666667
16.7833333333333
17.75
16.7166666666667
17.3
15.6166666666667
6.41666666666667
4.78333333333333
4.8
4.78333333333333
4.78333333333333
5.73333333333333
6.03333333333333
4.93333333333333
4.76666666666667
4.75
4.76666666666667
5
4.76666666666667
4.75
4.78333333333333
4.7
4.7
4.95
4.9
4.95
4.73333333333333
4.71666666666667
4.73333333333333
4.71666666666667
4.7
4.68333333333333
4.71666666666667
4.71666666666667
4.73333333333333
4.98333333333333
4.8
4.71666666666667
4.75
4.75
4.71666666666667
4.71666666666667
4.75
4.75
4.76666666666667
4.78333333333333
4.78333333333333
5.2
4.9
4.76666666666667
4.75
4.75
4.75
4.78333333333333
4.75
4.76666666666667
4.75
4.78333333333333
4.76666666666667
4.91666666666667
4.86666666666667
4.76666666666667
4.75
4.73333333333333
4.75
4.8
4.75
4.75
4.75
4.76666666666667
4.75
4.98333333333333
4.86666666666667
4.78333333333333
4.76666666666667
4.75
4.75
4.71666666666667
4.76666666666667
4.73333333333333
4.93333333333333
4.8
4.81666666666667
4.98333333333333
4.83333333333333
4.8
4.78333333333333
4.83333333333333
4.76666666666667
4.76666666666667
4.75
4.76666666666667
4.78333333333333
4.78333333333333
4.75
4.95
4.88333333333333
4.8
4.8
4.78333333333333
4.76666666666667
4.8
4.78333333333333
5
4.78333333333333
4.75
4.73333333333333
4.93333333333333
4.91666666666667
4.73333333333333
4.96666666666667
4.78333333333333
4.78333333333333
4.7
4.71666666666667
4.7
4.76666666666667
4.75
4.75
4.95
4.9
4.76666666666667
4.9
4.76666666666667
4.73333333333333
5
4.75
4.75
4.76666666666667
10.0333333333333
4.78333333333333
4.95
4.88333333333333
4.73333333333333
4.76666666666667
4.73333333333333
5.43333333333333
4.75
4.78333333333333
4.85
4.91666666666667
4.85
7.73333333333333
8.11666666666667
6.4
4.91666666666667
4.91666666666667
4.88333333333333
4.93333333333333
4.88333333333333
6.03333333333333
