1.8
1.55
1.55
1.55
1.58333333333333
1.63333333333333
1.51666666666667
1.6
1.58333333333333
1.55
1.55
1.56666666666667
9.5
2.03333333333333
1.83333333333333
1.83333333333333
9.8
2.05
1.8
1.8
1.9
1.8
1.76666666666667
1.78333333333333
1.95
10.0833333333333
2.11666666666667
2
2
2.01666666666667
2.13333333333333
1.95
1.86666666666667
1.88333333333333
1.9
1.81666666666667
1.96666666666667
1.83333333333333
1.8
1.8
1.8
1.81666666666667
1.8
1.8
1.75
1.75
1.75
1.8
1.96666666666667
1.76666666666667
1.76666666666667
1.8
1.76666666666667
1.78333333333333
1.73333333333333
1.78333333333333
1.75
1.75
1.75
1.8
1.95
1.75
1.75
1.75
1.78333333333333
1.76666666666667
1.75
1.76666666666667
1.76666666666667
1.78333333333333
1.7
1.75
1.96666666666667
1.75
1.76666666666667
1.8
1.8
1.8
1.71666666666667
1.78333333333333
1.8
1.78333333333333
1.75
1.8
1.96666666666667
1.75
1.76666666666667
1.8
1.76666666666667
1.83333333333333
1.8
1.8
1.8
1.78333333333333
1.8
1.8
2
1.8
1.78333333333333
1.8
1.65
1.61666666666667
1.51666666666667
1.55
1.5
1.55
1.5
1.55
1.7
1.55
1.5
1.55
1.5
1.6
1.5
1.55
1.5
1.55
1.5
1.55
1.7
1.55
1.5
1.55
1.5
1.58333333333333
1.5
1.55
1.5
1.55
1.5
1.53333333333333
1.75
1.55
1.55
1.55
1.53333333333333
1.75
1.55
1.55
1.55
1.55
1.53333333333333
1.55
1.75
1.55
1.55
1.55
1.55
1.55
1.9
1.55
1.55
1.56666666666667
1.55
1.55
1.75
1.55
1.55
1.53333333333333
1.55
1.58333333333333
1.55
1.55
1.55
1.53333333333333
1.55
1.55
1.75
1.55
1.55
1.55
1.53333333333333
1.55
1.55
1.55
1.55
1.55
1.55
1.55
1.75
1.55
1.55
1.55
1.55
1.56666666666667
1.55
1.53333333333333
1.55
1.55
1.55
1.55
1.73333333333333
1.55
1.55
1.55
1.55
1.56666666666667
1.55
1.56666666666667
1.55
1.55
1.55
1.55
1.7
1.55
1.55
1.55
1.55
1.6
1.55
1.6
1.55
1.55
1.53333333333333
1.55
1.75
1.55
1.55
1.53333333333333
1.55
1.6
1.55
1.55
1.55
1.55
1.55
1.55
1.75
1.55
1.55
1.55
1.55
1.6
1.55
1.56666666666667
1.55
1.55
1.55
1.55
1.75
1.55357142857143
1.55
1.55
1.55
1.6
1.55
1.55
1.53333333333333
1.55
1.55
1.55
1.71666666666667
1.55
1.55
1.55
1.68333333333333
9.25
1.45
1.35
1.3
1.46666666666667
1.43333333333333
1.33333333333333
1.55
1.28333333333333
1.38333333333333
1.36666666666667
1.33333333333333
1.4
1.35
10.25
1.31666666666667
1.31666666666667
1.38333333333333
1.43333333333333
1.81666666666667
1.55
1.61666666666667
1.58333333333333
1.55
1.58333333333333
1.55
1.6
6.38333333333333
4.96666666666667
1.55
1.55
