1.06666666666667
1.06666666666667
1.2
1.03333333333333
1.13333333333333
1.03333333333333
1
1
1
1.06666666666667
1
1.03333333333333
1.06666666666667
1.06666666666667
1.2
2.71428571428571
1.16666666666667
1
1.1
1.1
1
1
1
1
1.06666666666667
1.13333333333333
1.2
1.2
1
1.2
1
1.1
1.06666666666667
1.1
1
1.06666666666667
1.13333333333333
1.13333333333333
1.26666666666667
1.13333333333333
1
1.13333333333333
1.03333333333333
1.13333333333333
1.06666666666667
1.06666666666667
1.03333333333333
1.16666666666667
1.06666666666667
1.13333333333333
1.3
1.06666666666667
1
1.26666666666667
1
1.13333333333333
1
1.1
1.16666666666667
1.06666666666667
1.16666666666667
1.16666666666667
1.16666666666667
1.16666666666667
1
1.13333333333333
1.1
1.26666666666667
1
1.3
1
1.13333333333333
1.16666666666667
1.26666666666667
1.13333333333333
1.13333333333333
1
1.13333333333333
1
1.06666666666667
1
1.1
1
1.1
1.06666666666667
1.2
1.26666666666667
1.26666666666667
1.13333333333333
1.13333333333333
1.03333333333333
1.16666666666667
1
1.1
1.06666666666667
1.06666666666667
1.13333333333333
1.23333333333333
1.2
2.46666666666667
1.1
1.1
1
1.1
1.13333333333333
1.03333333333333
1
1.46666666666667
1.13333333333333
1.13333333333333
1.13333333333333
1.16666666666667
1
1.1
1.06666666666667
1.2
1.1
1.06666666666667
1.2
1.06666666666667
1.06666666666667
1.13333333333333
1.23333333333333
1.16666666666667
1
1.2
1
1.16666666666667
1
2
1.13333333333333
1.33333333333333
1.23333333333333
1.23333333333333
1.13333333333333
1.16666666666667
1
1.06666666666667
1.06666666666667
1.2
1
1.1
1
1.03333333333333
1.06666666666667
1.1
1.13333333333333
1.1
1
1.06666666666667
1.1
1.1
1
1.1
1
1.13333333333333
1.06666666666667
1.23333333333333
1.13333333333333
1.16666666666667
1
1.03333333333333
1
1.06666666666667
1.03333333333333
1.03333333333333
1.06666666666667
1.03333333333333
1.06666666666667
1.2
1.2
1.06666666666667
1
1.1
1
1.1
1
1.06666666666667
1
1.03333333333333
1.06666666666667
1.16666666666667
1.13333333333333
1.16666666666667
1
1.1
1.06666666666667
1.23333333333333
1
1.03333333333333
1.03333333333333
1
1.16666666666667
1.26666666666667
1.13333333333333
1.13333333333333
1
1.13333333333333
1
1.06666666666667
1
1.03333333333333
1
1
1.1
1.13333333333333
1.13333333333333
1.1
1.2
1.1
1
1.13333333333333
1
1.1
1.1
1.16666666666667
1.06666666666667
1.23333333333333
1.13333333333333
1.2
1.2
1.13333333333333
1
1.13333333333333
1
1.1
1.1
1.26666666666667
1.06666666666667
1.23333333333333
1.16666666666667
1.36666666666667
1.06666666666667
1.16666666666667
1.03333333333333
1.26666666666667
1.13333333333333
1.3
1.36666666666667
1.13333333333333
1.13333333333333
1.46666666666667
1.26666666666667
1.23333333333333
1.03333333333333
1.23333333333333
1
1.13333333333333
1
1.1
1.26666666666667
1.46666666666667
1.1
1.03333333333333
1.13333333333333
1.16666666666667
1.03333333333333
1.2
1.13333333333333
1.36666666666667
1.06666666666667
2.5
1.13333333333333
1
1.1
1
1.2
1.1
1
1
1
1
1
1
1.1
1
3.08333333333333
1.23333333333333
1.23333333333333
1.06666666666667
1
1.03333333333333
1
1
1
1
1
1
