1.35
1.25
1.35
1.25
1.31666666666667
1.25
1.3
1.25
1.31666666666667
1.25
1.3
1.55
1.33333333333333
1.25
1.35
1.25
1.3
1.25
1.3
1.25
1.33333333333333
1.25
1.3
1.55
1.33333333333333
1.25
1.33333333333333
1.25
1.3
1.25
1.3
1.25
1.31666666666667
1.25
1.3
1.6
1.33333333333333
1.25
1.36666666666667
1.25
1.3
1.25
1.38333333333333
1.35
1.31666666666667
1.25
1.3
1.55
1.31666666666667
1.25
1.41666666666667
1.25
1.6
1.25
1.3
1.25
1.31666666666667
1.25
1.3
1.55
1.31666666666667
1.25
1.36666666666667
1.25
1.3
1.25
1.3
1.25
1.31666666666667
1.25
1.3
1.55
1.31666666666667
1.25
1.35
1.25
1.3
1.25
1.3
1.25
1.3
1.25
1.3
1.55
1.31666666666667
1.25
1.36666666666667
1.25
1.3
1.3
1.26666666666667
1.3
1.31666666666667
1.3
1.3
1.58333333333333
1.3
1.3
1.33333333333333
1.31666666666667
1.25
1.3
1.25
1.3
1.3
1.3
1.25
1.6
1.31666666666667
1.3
1.33333333333333
1.3
1.25
1.3
1.25
1.3
1.28333333333333
1.3
1.25
1.56666666666667
1.3
1.3
1.3
1.3
1.3
1.4
1.3
1.26666666666667
1.3
1.3
1.31666666666667
1.6
1.33333333333333
1.46666666666667
1.36666666666667
1.3
1.26666666666667
1.28333333333333
1.3
1.3
1.31666666666667
1.3
1.3
1.56666666666667
1.35
1.26666666666667
1.31666666666667
1.3
2.73333333333333
1.31666666666667
1.3
1.3
1.35
1.28333333333333
1.26666666666667
1.6
1.35
1.31666666666667
1.36666666666667
1.3
1.31666666666667
1.3
1.26666666666667
1.28333333333333
1.35
1.3
1.3
1.56666666666667
1.35
1.28333333333333
1.31666666666667
1.3
1.65
1.3
1.31666666666667
1.35
3.7
2.41666666666667
1.28333333333333
1.56666666666667
1.35
1.3
1.36666666666667
1.3
1.3
1.3
1.3
1.26666666666667
1.31666666666667
1.3
1.3
1.58333333333333
1.31666666666667
1.3
1.36666666666667
1.3
1.31666666666667
1.31666666666667
1.31666666666667
1.3
1.3
1.31666666666667
1.3
1.56666666666667
1.33333333333333
1.31666666666667
1.38333333333333
1.3
1.4
1.36666666666667
1.3
1.26666666666667
1.31666666666667
1.38333333333333
1.38333333333333
1.6
1.35
1.26666666666667
1.35
1.3
1.3
1.3
1.3
1.3
1.33333333333333
1.3
1.3
1.6
1.51666666666667
1.3
1.35
1.3
1.31666666666667
1.3
1.26666666666667
1.3
1.3
1.3
1.3
1.58333333333333
1.3
1.3
1.36666666666667
1.3
1.3
1.3
1.3
1.28333333333333
1.35
1.3
1.3
1.6
1.3
1.3
2.7
1.28333333333333
1.33333333333333
2.63333333333333
1.3
2.61666666666667
1.3
1.43333333333333
1.26666666666667
1.65
1.35
1.3
1.35
1.48333333333333
2.48333333333333
1.3
2.68333333333333
1.33333333333333
1.3
1.3
1.35
1.58333333333333
1.33333333333333
1.3
1.38333333333333
1.3
1.7
2.25
1.28333333333333
2.55
1.33333333333333
1.7
2.21666666666667
1.55
