9.8
9.2
5.2
7.56666666666667
7.36666666666667
4.76666666666667
4.23333333333333
5.63333333333333
4.8
4.4
7.26666666666667
8.6
9.5
11.6
4.96666666666667
8.66666666666667
5
4.7
5.3
4.8
4.4
4.83333333333333
7.46666666666667
17.4333333333333
5.43333333333333
7.93333333333333
7
6.16666666666667
4.8
4.53333333333333
4.2
5.03333333333333
4.3
4.53333333333333
4.33333333333333
6.56666666666667
10.6
16.2
7.93333333333333
4.6
4.93333333333333
4.46666666666667
4.16666666666667
5.26666666666667
3.2
4.73333333333333
3.26666666666667
4.73333333333333
4.63333333333333
5.7
6.83333333333333
4.6
4.26666666666667
4.3
4.3
4.46666666666667
4.13333333333333
3.63333333333333
2.83333333333333
4.1
4.26666666666667
5.1
4.83333333333333
5.23333333333333
4.56666666666667
4.03333333333333
4.26666666666667
5.3
4.33333333333333
4.1
3.76666666666667
4.16666666666667
2.5
4.26666666666667
4.3
3.86666666666667
4.23333333333333
3.73333333333333
2.4
4.46666666666667
4.43333333333333
4.4
4.06666666666667
4.36666666666667
4.26666666666667
4.8
4.06666666666667
3.7
4.33333333333333
4.56666666666667
4.2
5.86666666666667
4.53333333333333
4
3.33333333333333
4.8
4.36666666666667
2.7
4
4.16666666666667
4.63333333333333
4.16666666666667
4.53333333333333
4.6
4.1
3.56666666666667
4.16666666666667
2.73333333333333
4.2
4.86666666666667
4.1
4.2
4.23333333333333
7.73333333333333
6.3
5.36666666666667
4.7
5.86666666666667
5.5
5.9
4.36666666666667
3.53333333333333
2.66666666666667
4.9
5
10.5666666666667
17.3333333333333
11.3
14.6333333333333
21.3333333333333
20.8
13.0666666666667
4.33333333333333
4.2
4.1
4.06666666666667
9.6
26.3333333333333
6.4
5.3
2.43333333333333
4.16666666666667
4.56666666666667
6.46666666666667
12.8
7.5
4
4.43333333333333
4.26666666666667
4.23333333333333
4.23333333333333
5.1
4.2
4
2.93333333333333
4.2
4.13333333333333
4.26666666666667
4.1
5.06666666666667
5.16666666666667
8.63333333333333
4.3
4.46666666666667
4.26666666666667
4.5
4.3
4.1
4.33333333333333
4.4
4.1
4.53333333333333
4.23333333333333
4.13333333333333
4.43333333333333
3.83333333333333
4.46666666666667
4.4
2.66666666666667
4.33333333333333
4.16666666666667
4.13333333333333
4.1
4.16666666666667
4.33333333333333
4.33333333333333
4.2
2.26666666666667
4.73333333333333
4.16666666666667
4.13333333333333
4.7
4.36666666666667
4.5
4.03333333333333
4.7
4.36666666666667
4.4
3.5
4.63333333333333
4.16666666666667
4.6
4.33333333333333
4.86666666666667
3
4.43333333333333
4.56666666666667
4.4
4.3
4.63333333333333
4.6
5.3
4.73333333333333
7.33333333333333
11.7
6.13333333333333
5.06666666666667
5.33333333333333
5.23333333333333
5.06666666666667
5
5.23333333333333
5.93333333333333
3.93333333333333
5.23333333333333
5.36666666666667
6.36666666666667
12
15.5
8.03333333333333
4.96666666666667
4.56666666666667
6.3
5.4
5.33333333333333
5.23333333333333
15.3
4.5
6.03333333333333
5.5
5.43333333333333
6.36666666666667
4.23333333333333
4.9
4.93333333333333
4.06666666666667
5.06666666666667
5.43333333333333
4.83333333333333
4.96666666666667
5.73333333333333
7.33333333333333
15.0333333333333
5.63333333333333
5.76666666666667
4.66666666666667
4.46666666666667
4.86666666666667
4.16666666666667
3.56666666666667
6.93333333333333
5.7
4.53333333333333
4.9
4.86666666666667
4.7
5.6
4.66666666666667
4.3
3.06666666666667
4.8
4.6
5.5
6.53333333333333
5.3
6.96666666666667
9.43333333333333
10.4
7.06666666666667
5.66666666666667
5.13333333333333
4.56666666666667
5.3
5.26666666666667
4.53333333333333
4.46666666666667
5.16666666666667
5.1
