1.7
1.55
1.5
1.48333333333333
1.5
1.65
1.5
1.5
1.51666666666667
1.51666666666667
1.51666666666667
1.51666666666667
1.68333333333333
1.5
1.5
1.5
1.5
1.5
1.51666666666667
1.5
1.5
1.5
1.5
1.5
1.7
1.55
1.55
1.48333333333333
1.5
1.5
1.5
1.5
1.5
1.5
1.51666666666667
1.5
1.73333333333333
1.48333333333333
1.48333333333333
1.5
1.51666666666667
1.51666666666667
1.5
1.48333333333333
1.55
1.5
1.5
1.5
1.63333333333333
1.51666666666667
1.48333333333333
1.5
1.48333333333333
1.56666666666667
1.5
1.5
1.48333333333333
1.48333333333333
1.46666666666667
1.46666666666667
1.65
1.48333333333333
1.5
1.48333333333333
1.5
1.51666666666667
1.48333333333333
1.46666666666667
1.46666666666667
1.53333333333333
1.48333333333333
1.5
1.66666666666667
1.45
1.46666666666667
1.46666666666667
1.48333333333333
1.53333333333333
1.48333333333333
1.48333333333333
1.53333333333333
1.48333333333333
1.43333333333333
1.46666666666667
1.66666666666667
1.5
1.5
1.46666666666667
1.46666666666667
1.48333333333333
1.46666666666667
1.43333333333333
1.43333333333333
1.38333333333333
1.4
1.43333333333333
1.63333333333333
1.45
1.45
1.45
1.38333333333333
1.25
1.26666666666667
1.25
1.25
1.25
1.25
1.25
1.45
1.25
1.28333333333333
1.25
1.25
1.25
1.25
1.25
1.25
1.25
1.25
1.25
1.5
1.25
1.25
1.25
1.25
1.25
1.25
1.25
1.25
1.25
1.3
1.25
1.45
1.25
1.25
1.3
1.31666666666667
1.25
1.26666666666667
1.26666666666667
1.28333333333333
1.28333333333333
1.3
1.26666666666667
1.46666666666667
1.26666666666667
1.25
1.25
2.05
2.06666666666667
1.36666666666667
1.26666666666667
1.28333333333333
1.25
1.25
1.3
1.45
1.3
1.25
1.28333333333333
1.28333333333333
1.35
1.25
1.25
1.25
1.25
1.28333333333333
1.25
1.45
1.26666666666667
1.3
1.25
1.28333333333333
1.3
1.25
1.3
1.25
1.26666666666667
1.25
1.26666666666667
1.45
1.28333333333333
1.26666666666667
1.25
1.28333333333333
1.25
1.3
1.3
1.3
1.25
1.26666666666667
1.26666666666667
1.45
1.28333333333333
1.25
1.28333333333333
1.28333333333333
1.25
1.3
1.28333333333333
1.3
1.25
1.3
1.25
1.45
1.26666666666667
1.25
1.25
1.25
1.3
1.25
1.28333333333333
1.28333333333333
1.25
1.3
1.25
1.45
1.26666666666667
1.25
1.3
1.26666666666667
1.3
1.3
1.25
1.3
1.28333333333333
1.3
1.3
1.5
1.3
1.3
1.3
1.31666666666667
1.33333333333333
1.3
1.3
1.26666666666667
1.25
1.3
1.3
1.5
1.25
1.3
1.3
1.25
1.3
1.28333333333333
1.3
1.25
1.3
1.28333333333333
1.3
1.5
1.3
1.3
1.28333333333333
1.28333333333333
1.28333333333333
1.26666666666667
1.28333333333333
1.4
1.3
1.3
1.3
1.48333333333333
1.28333333333333
1.3
1.3
1.31666666666667
1.31666666666667
1.3
1.3
1.3
1.3
1.3
1.3
1.66666666666667
1.53333333333333
1.5
1.5
1.53333333333333
1.53333333333333
1.5
1.5
1.5
1.53333333333333
1.5
1.5
