12.5
13.1
11.7
13.0333333333333
12.7666666666667
13.6333333333333
12.7666666666667
15.3333333333333
14.8333333333333
13.1666666666667
12.3
13.9333333333333
11.8333333333333
13.1666666666667
11.3333333333333
13.1666666666667
12.8
13.5666666666667
12.8
13.4666666666667
11.9666666666667
13.1333333333333
12.1666666666667
13.9666666666667
12.1
13.2333333333333
11.8666666666667
13.0333333333333
12.8
13.5333333333333
12.6666666666667
13
12.3666666666667
13.1666666666667
12.1333333333333
13.8333333333333
12
13.1
11.7666666666667
12.9
12.9666666666667
13
13.1666666666667
13.2666666666667
12
13.1
12.3333333333333
13.9333333333333
17.9666666666667
28.3666666666667
12.7
12.9666666666667
12.8333333333333
13.5666666666667
12.5666666666667
15.5333333333333
13.8333333333333
13
12.0666666666667
13.8
11.6666666666667
13.0333333333333
11.7
13
12.7333333333333
13.1
12.6333333333333
13.2
11.7333333333333
12.9666666666667
12.1666666666667
13.7
11.8333333333333
13.0333333333333
11.7
12.8333333333333
12.7333333333333
13.4333333333333
12.6333333333333
13.3
11.7333333333333
13
12.2
13.6666666666667
11.8666666666667
12.9333333333333
11.7666666666667
13
12.6333333333333
13.4666666666667
12.3666666666667
13.2666666666667
11.7
13
12.1333333333333
13.7666666666667
11.8666666666667
12.9666666666667
11.7
13
12.6333333333333
13.4333333333333
12.6333333333333
15.6333333333333
13.9333333333333
13.0666666666667
12.1
13.6333333333333
11.7666666666667
13
11.8333333333333
12.9666666666667
12.7333333333333
13.4666666666667
12.6333333333333
13.3333333333333
11.7666666666667
13.0666666666667
12.3
13.8333333333333
11.9333333333333
13.1333333333333
11.7333333333333
12.9666666666667
12.7666666666667
13.4666666666667
12.6333333333333
13.3333333333333
11.8333333333333
12.9666666666667
12.2
13.8666666666667
11.8666666666667
13
11.8
13
12.9
13.4333333333333
12.6333333333333
13.4
11.8333333333333
13.0666666666667
12.2
13.8333333333333
11.8333333333333
13.1333333333333
12.1
13.0333333333333
12.8666666666667
13.5666666666667
12.6
15.7333333333333
13.9333333333333
13.1
12.4666666666667
13.9333333333333
11.9
13.1333333333333
12
12.9333333333333
12.9333333333333
13.5
12.7333333333333
13.3666666666667
12.0333333333333
13.0666666666667
12.8666666666667
14.5
12.4333333333333
13.5
12.2666666666667
13.5
13.2333333333333
14
13.0666666666667
13.6333333333333
12.4666666666667
13.6
12.6666666666667
14.3
12.9333333333333
13.4666666666667
12.1
15.3333333333333
19.7
13.8333333333333
13.0666666666667
13.7333333333333
12
13.1333333333333
12.4666666666667
13.9333333333333
11.9333333333333
13.0666666666667
11.8333333333333
13.1666666666667
13
13.5
12.7666666666667
15.9333333333333
14.1666666666667
13.2
12.3333333333333
13.9
11.9666666666667
13.2666666666667
11.8666666666667
13.1333333333333
12.8333333333333
13.5333333333333
12.7666666666667
13.4
12
13.1666666666667
12.3333333333333
13.9333333333333
12
13.2333333333333
12
13.1
12.8666666666667
13.6666666666667
12.6666666666667
13.2666666666667
11.9666666666667
13.1333333333333
12.4
14
12
13.0666666666667
12.0333333333333
13.1333333333333
12.7333333333333
13.6666666666667
12.8
13.4666666666667
12.0333333333333
13.1666666666667
12.3666666666667
14
11.9
13.3
12
13.3
12.7666666666667
13.6333333333333
12.8666666666667
15.7
13.8333333333333
13.1333333333333
12.4666666666667
13.9
11.9666666666667
13.1333333333333
12
13.0666666666667
12.9
13.7333333333333
12.7
13.4333333333333
12.1
13.2
12.3666666666667
13.9333333333333
11.8666666666667
13.1333333333333
12.0333333333333
13.2333333333333
12.9333333333333
13.8666666666667
12.8333333333333
13.5333333333333
11.9
13.3666666666667
12.3666666666667
13.9666666666667
11.8666666666667
13.2666666666667
11.7333333333333
13.2666666666667
12.3666666666667
14.1666666666667
12.9
13.5
11.9333333333333
13.1333333333333
12.4333333333333
13.9333333333333
