1.03333333333333
1.05
1
1.05
1
1.05
1
1.05
1
1.05
1.26666666666667
1.05
1.03333333333333
1.05
1
1.05
1
1.05
1
1.05
1
1.05
1.25
1.05
1.05
1.05
1
1.05
1
1.05
1
1.05
1
1.05
1.35
1.1
1.05
1.05
1
1.05
1
1.05
1
1.05
1
1.05
1.25
1.05
2.48333333333333
1.05
1
1.05
3.43333333333333
1.05
1
1.03333333333333
1.01666666666667
1.03333333333333
1.26666666666667
1.03333333333333
1.06666666666667
1.03333333333333
1.01666666666667
1.03333333333333
1.01666666666667
1.03333333333333
1.01666666666667
1.03333333333333
1.01666666666667
1.03333333333333
1.26666666666667
1.03333333333333
1.06666666666667
1.03333333333333
1.01666666666667
1.03333333333333
1.01666666666667
1.03333333333333
1.01666666666667
1.03333333333333
1.01666666666667
1.03333333333333
1.26666666666667
1.03333333333333
1.06666666666667
1.03333333333333
1.01666666666667
1.03333333333333
1.01666666666667
1.03333333333333
1.01666666666667
1.01666666666667
1.03333333333333
1.01666666666667
1.28333333333333
1.01666666666667
1.08333333333333
1.01666666666667
1.03333333333333
1.01666666666667
1.03333333333333
1.01666666666667
1.03333333333333
1.01666666666667
1.03333333333333
1.01666666666667
1.28333333333333
1.01666666666667
1.08333333333333
1.01666666666667
1.03333333333333
1.01666666666667
1.03333333333333
1.01666666666667
1.03333333333333
1.01666666666667
1.03333333333333
1.05
1.28333333333333
1.01666666666667
1.08333333333333
1.01666666666667
1.05
1.03333333333333
1.05
1.11666666666667
1.1
1.05
1.05
1.05
1.31666666666667
1.05
1.08333333333333
1.05
1.05
1.05
1.05
1.05
1.05
1.01666666666667
1.05
1.03333333333333
1.31666666666667
1.05
1.1
1.05
1.05
1.05
1.01666666666667
1.05
1.03333333333333
1.05
1.05
1.05
1.33333333333333
1.05
1.1
1.01666666666667
1.03333333333333
1.05
1.05
1.05
1.05
1.05
1.01666666666667
1.08333333333333
1.33333333333333
1.05
1.06666666666667
1.05
1.05
1.01666666666667
1.33333333333333
1.05
1.05
1.05
1.05
1.05
1.3
1.05
3.56666666666667
1.03333333333333
1.05
1.05
1.05
1.05
1.05
1.05
1.01666666666667
1.03333333333333
1.33333333333333
1.05
1.1
1.05
1.05
1.05
1.03333333333333
1.01666666666667
1.05
1.05
1.1
1.06666666666667
1.35
1.01666666666667
1.23333333333333
1.05
1.06666666666667
1.05
1.05
1.05
1.05
1.05
1.05
1.01666666666667
1.28333333333333
1.05
1.1
1.05
1.05
1.05
1.05
1
1.05
1.05
1.05
1.05
1.3
1.03333333333333
1.06666666666667
1.08333333333333
1.05
1.05
1.05
1.05
1.05
1
1.1
1.05
1.3
1.05
1.1
1.01666666666667
1.03333333333333
1.05
1.05
1.05
1.08333333333333
1.15
1.06666666666667
1
1.3
1.05
1.15
1.21666666666667
1.15
1.05
1.05
1.01666666666667
1.03333333333333
1.05
1.06666666666667
1.05
1.3
1.05
1.08333333333333
1.01666666666667
1.05
1.05
1.05
1.05
1.05
1.05
1
1.05
1.3
1.05
1.06666666666667
1.05
1
1.05
1.05
1.05
1.05
1.05
1.05
1.01666666666667
1.28333333333333
1.05
