1.48333333333333
1.48333333333333
1.43333333333333
1.45
1.43333333333333
1.48333333333333
1.4
1.43333333333333
1.58333333333333
1.43333333333333
1.41666666666667
1.45
1.48333333333333
1.45
1.38333333333333
1.4
1.36666666666667
1.48333333333333
1.5
1.46666666666667
1.58333333333333
1.4
1.45
1.5
1.46666666666667
1.82142857142857
1.3
1.35
1.31666666666667
1.35
1.3
1.3
1.46666666666667
1.28333333333333
1.3
1.35
1.33333333333333
1.3
1.3
1.3
1.3
1.3
1.3
1.3
1.5
1.3
1.3
1.3
1.3
1.28333333333333
1.46666666666667
1.3
1.3
1.33333333333333
1.3
1.3
1.5
1.36666666666667
1.31666666666667
1.3
1.31666666666667
1.3
1.3
1.41666666666667
1.45
1.35
1.25
1.3
1.5
1.28333333333333
1.3
1.3
1.33333333333333
1.3
1.26666666666667
1.28333333333333
1.3
1.31666666666667
1.3
1.33333333333333
1.61666666666667
1.3
1.3
1.3
1.35
1.3
1.3
1.3
1.3
1.33333333333333
1.3
1.28333333333333
1.48333333333333
1.43333333333333
1.3
1.3
1.31666666666667
1.3
1.3
1.3
1.23333333333333
1.1
1.11666666666667
1
1.26666666666667
1.03333333333333
1.08333333333333
1.06666666666667
1.15
1
1.05
1.1
1.15
1.16666666666667
1.2
1.13333333333333
1.36666666666667
1
1.06666666666667
1.06666666666667
1.16666666666667
1.16666666666667
1.23333333333333
1.18333333333333
1.15
1.1
1.08333333333333
1.08333333333333
1.4
1.16666666666667
1.08333333333333
1.2
1.11666666666667
1.05
1.13333333333333
1.08333333333333
1.15
1.26666666666667
1.25
1.2
1.33333333333333
1.06666666666667
1.1
1.1
1.16666666666667
1.25
1.23333333333333
1.16666666666667
1.88333333333333
1.8
1.28333333333333
1.18333333333333
1.35
1.2
1.18333333333333
1.13333333333333
1.11666666666667
1.16666666666667
1.16666666666667
1.11666666666667
1.15
1.25
1.21666666666667
1.2
1.33333333333333
1.06666666666667
1.08333333333333
1.13333333333333
1.11666666666667
1.16666666666667
1.25
1.18333333333333
1.23333333333333
1.23333333333333
1.15
1.11666666666667
1.38333333333333
1.16666666666667
1.18333333333333
1.18333333333333
1.2
1.06666666666667
1.1
1.11666666666667
1.25
1.2
1.23333333333333
1.18333333333333
1.25
1.13333333333333
1.18333333333333
1.21666666666667
1.21666666666667
1.15
1.1
1.08333333333333
1.1
1.2
1.18333333333333
1.16666666666667
1.31666666666667
1.08333333333333
1.06666666666667
1.08333333333333
1.1
1.21666666666667
1.05
1.26666666666667
1.26666666666667
1.28333333333333
1.28333333333333
1.25
1.46666666666667
1.3
1.3
1.31666666666667
1.3
1.26666666666667
1.25
1.26666666666667
1.36666666666667
1.86666666666667
1.73333333333333
1.83333333333333
1.91666666666667
1.65
1.6
1.68333333333333
1.61666666666667
1.61666666666667
1.6
1.61666666666667
1.58333333333333
1.7
1.61666666666667
1.58333333333333
1.75
1.53571428571429
1.45
1.61666666666667
1.53333333333333
1.5
1.51666666666667
1.51666666666667
1.5
1.56666666666667
1.51666666666667
1.53333333333333
1.71666666666667
1.46666666666667
1.45
1.58333333333333
1.6
1.55
1.61666666666667
1.6
1.55
1.63333333333333
1.55
1.55
1.75
1.53333333333333
1.55
1.53333333333333
1.55
1.51666666666667
1.51666666666667
1.51666666666667
1.53333333333333
1.65
1.51666666666667
1.51666666666667
1.7
1.53333333333333
1.53333333333333
1.53333333333333
1.63333333333333
1.7
1.7
1.8
1.65
1.66666666666667
1.73333333333333
1.7
1.75
1.5
1.55
1.53333333333333
