3.73333333333333
4.53333333333333
4.16666666666667
4.2
4.6
3.56666666666667
4.5
3.76666666666667
4.06666666666667
4.3
3.93333333333333
6.03333333333333
3.7
4.63333333333333
4.3
3.96666666666667
4.46666666666667
3.46666666666667
4.36666666666667
4.53333333333333
3.9
4.3
4.13333333333333
4.73333333333333
3.83333333333333
4.66666666666667
4.76666666666667
4.4
5.83333333333333
4.1
3.83333333333333
4.66666666666667
4.33333333333333
4.86666666666667
3.9
4.63333333333333
4.4
4.1
4.56666666666667
4.33333333333333
4.06666666666667
4.6
3.7
4.7
4.2
4.1
4.6
3.8
5.16666666666667
4.1
4.5
5.06666666666667
3.9
4.63333333333333
3.9
3.83333333333333
4.36666666666667
3.76666666666667
4.83333333333333
3.8
3.96666666666667
4.46666666666667
3.63333333333333
4.66666666666667
3.7
4.2
4.4
3.8
5.13333333333333
4.63333333333333
4.1
4.56666666666667
4.1
5
3.9
4.63333333333333
5.13333333333333
3.66666666666667
4.86666666666667
4.43333333333333
4.46666666666667
4.86666666666667
3.9
4.83333333333333
4.2
4.3
5.33333333333333
3.86666666666667
4.9
4.16666666666667
3.76666666666667
5.13333333333333
3.73333333333333
4.8
3.96666666666667
4.43333333333333
5.1
4.03333333333333
4.76666666666667
4.23333333333333
4.1
4.7
3.56666666666667
4.66666666666667
4.26666666666667
4.73333333333333
4.9
3.73333333333333
4.83333333333333
4.16666666666667
4.13333333333333
4.83333333333333
4.06666666666667
4.46666666666667
3.6
4.76666666666667
4.66666666666667
4.33333333333333
5.4
4
4.4
4.9
4.1
4.96666666666667
4.4
3.8
4.43333333333333
3.9
4.9
4.26666666666667
4.5
5.2
3.63333333333333
4.96666666666667
4.26666666666667
4.4
4.56666666666667
3.66666666666667
4.5
3.9
4.6
4.26666666666667
3.96666666666667
5.66666666666667
3.86666666666667
4.26666666666667
4.6
3.9
4.9
4.93333333333333
4
5.4
3.83333333333333
4.26666666666667
3.96666666666667
4
4.3
3.73333333333333
4.7
4.06666666666667
5
4.33333333333333
3.73333333333333
4.5
3.9
4.23333333333333
4.4
3.83333333333333
4.56666666666667
3.83333333333333
4.33333333333333
4.2
3.66666666666667
11.1
5.76666666666667
6.53333333333333
3.76666666666667
4.06666666666667
4.3
3.76666666666667
4.43333333333333
3.83333333333333
4.5
4.13333333333333
3.7
4.6
3.33333333333333
4.63333333333333
3.66666666666667
4.06666666666667
4.2
3.9
4.43333333333333
3.76666666666667
4.46666666666667
4.03333333333333
3.66666666666667
4.5
3.36666666666667
4.6
4.13333333333333
4
4.76666666666667
3.63333333333333
4.76666666666667
4.16666666666667
4.03333333333333
4.46666666666667
3.8
5.56666666666667
3.53333333333333
4.33333333333333
4.33333333333333
4.36666666666667
4.5
3.93333333333333
4.43333333333333
3.96666666666667
4.06666666666667
4.73333333333333
3.9
4.43333333333333
3.73333333333333
4.53333333333333
4.2
3.73333333333333
4.26666666666667
3.7
4.26666666666667
3.8
3.73333333333333
3.93333333333333
3.8
4.23333333333333
3.76666666666667
4.1
4.36666666666667
3.8
4.2
4
4.1
3.8
3.73333333333333
4.2
3.76666666666667
4.3
3.76666666666667
3.96666666666667
4.1
3.8
4.16666666666667
3.76666666666667
4.03333333333333
3.46666666666667
4.13333333333333
3.8
3.8
4.36666666666667
4.06666666666667
4.1
4
4
4.23333333333333
3.9
4.06666666666667
3.93333333333333
3.96666666666667
3.8
3.76666666666667
4.36666666666667
3.73333333333333
4.1
4.1
4.1
3.8
3.8
4.06666666666667
3.83333333333333
4.03333333333333
4.1
4.2
5.06666666666667
3.96666666666667
4.1
3.96666666666667
4.5
4
4.16666666666667
