2.06666666666667
2.06666666666667
2
2.06666666666667
2
2.06666666666667
2
1.6
1.66666666666667
2.06666666666667
2.06666666666667
2.2
2.13333333333333
1.8
1.53333333333333
2.13333333333333
2.06666666666667
2
2.26666666666667
2.2
2.13333333333333
1.13333333333333
2
2
2.06666666666667
2.13333333333333
3.57142857142857
2.86666666666667
2.8
2.53333333333333
2.6
3.2
2.66666666666667
2.8
2.8
2.8
2.8
2.73333333333333
1.8
2.8
2.8
2.73333333333333
2.8
2.86666666666667
2.73333333333333
2.66666666666667
2.46666666666667
2.06666666666667
2.66666666666667
2.8
2.8
2.8
2.8
2.86666666666667
2.86666666666667
2.8
2
2.66666666666667
2.93333333333333
2.73333333333333
2.66666666666667
2.8
2.73333333333333
2.73333333333333
2.26666666666667
1.8
2.93333333333333
2.8
2.73333333333333
2.66666666666667
2.73333333333333
2.66666666666667
2.4
1.73333333333333
2.93333333333333
2.73333333333333
2.8
2.66666666666667
2.8
2.73333333333333
2.66666666666667
2.73333333333333
1.73333333333333
2.8
2.8
2.66666666666667
2.73333333333333
2.73333333333333
2.6
2.26666666666667
2.53333333333333
2.53333333333333
2.53333333333333
2.8
2.8
2.93333333333333
3
2.53333333333333
2.73333333333333
2.73333333333333
1.4
1.8
0.933333333333333
1.66666666666667
0.666666666666667
1.6
0.666666666666667
1.8
1
1.8
0.8
1.6
0.733333333333333
1.8
0.866666666666667
1.8
0.6
1.66666666666667
0.733333333333333
1.73333333333333
0.8
1.66666666666667
0.8
1.66666666666667
0.866666666666667
1.73333333333333
1.06666666666667
1.86666666666667
3.2
2
0.933333333333333
1.86666666666667
0.733333333333333
1.8
0.8
1.93333333333333
1.86666666666667
1.8
1.6
1.8
1.73333333333333
1.8
1.6
1.86666666666667
1.8
1.53333333333333
1.8
1.8
1.66666666666667
1.66666666666667
1.86666666666667
1.86666666666667
1.66666666666667
1.66666666666667
2
1.86666666666667
1.86666666666667
1.86666666666667
1.93333333333333
1.73333333333333
1.8
1.73333333333333
1.73333333333333
1.86666666666667
1.73333333333333
1.73333333333333
1.73333333333333
1.73333333333333
1.66666666666667
1.8
1.73333333333333
1.73333333333333
1.8
1.86666666666667
2
1.93333333333333
1.66666666666667
1.86666666666667
1.66666666666667
1.8
1.66666666666667
1.66666666666667
1.8
1.8
1.8
1.8
1.86666666666667
1.8
1.73333333333333
1.86666666666667
1.66666666666667
1.53333333333333
1.8
1.8
1.6
1.66666666666667
1.73333333333333
1.46666666666667
2
1.8
1.73333333333333
1.8
1.73333333333333
1.86666666666667
1.86666666666667
1.93333333333333
1.86666666666667
1.86666666666667
1.73333333333333
1.66666666666667
1.93333333333333
1.66666666666667
1.8
1.73333333333333
1.73333333333333
1.8
1.8
1.73333333333333
1.8
1.8
1.73333333333333
1.8
2
1.86666666666667
1.66666666666667
1.6
1.86666666666667
1.66666666666667
1.73333333333333
1.73333333333333
1.86666666666667
1.8
1.86666666666667
1.86666666666667
2
1.8
1.66666666666667
1.86666666666667
1.73333333333333
1.8
1.73333333333333
1.66666666666667
1.46666666666667
1.6
1.86666666666667
1.86666666666667
1.8
1.73333333333333
1.8
1.66666666666667
1.53333333333333
1.8
1.8
1.86666666666667
1.73333333333333
1.8
1.73333333333333
1.6
1.86666666666667
1.66666666666667
1.86666666666667
1.8
1.8
1.86666666666667
1.86666666666667
1.73333333333333
1.8
1.66666666666667
1.66666666666667
1.73333333333333
1.86666666666667
1.8
1.8
1.8
1.93333333333333
1.73333333333333
2.13333333333333
2.4
2.33333333333333
2.26666666666667
2.06666666666667
1.53333333333333
2.6
2.26666666666667
2.33333333333333
2.4
2.4
2.4
