1.35
1.25
1.3
1.25
1.3
1.51666666666667
1.3
1.25
1.3
1.25
1.3
1.25
1.38333333333333
1.26666666666667
1.3
1.25
1.3
1.55
1.3
1.28333333333333
1.35
1.25
1.3
1.25
1.35
1.25
1.3
1.25
1.26666666666667
1.55
1.28333333333333
1.28333333333333
1.28333333333333
1.25
1.3
1.25
1.33333333333333
1.25
1.31666666666667
1.25
1.3
1.6
1.3
1.28333333333333
1.31666666666667
1.25
1.3
1.25
1.36666666666667
1.51666666666667
1.31666666666667
1.25
1.3
1.55
1.3
1.28333333333333
1.3
1.25
1.3
1.25
1.35
1.25
1.3
1.25
1.3
1.53333333333333
1.3
1.28333333333333
1.3
1.25
1.3
1.25
1.35
1.25
1.3
1.25
1.3
1.55
1.28333333333333
1.3
1.26666666666667
1.25
1.3
1.25
1.33333333333333
1.25
1.31666666666667
1.25
1.3
1.55
1.3
1.26666666666667
1.28333333333333
1.25
1.3
1.25
1.33333333333333
1.25
1.3
1.25
1.3
1.55
1.28333333333333
1.26666666666667
1.31666666666667
1.25
1.28333333333333
1.25
1.35
1.25
1.30357142857143
1.25
1.30357142857143
1.55
1.28571428571429
1.26666666666667
1.32142857142857
1.25
1.28571428571429
1.25
1.33928571428571
1.25
1.32142857142857
1.30357142857143
1.43333333333333
1.5
1.3
1.3
1.28333333333333
1.3
1.3
1.3
1.3
1.3
1.31666666666667
1.28333333333333
1.38333333333333
1.5
1.3
1.33333333333333
1.3
1.3
1.3
1.3
1.31666666666667
1.28333333333333
1.3
1.3
2.08333333333333
1.51666666666667
1.36666666666667
1.35
1.35
1.26666666666667
1.3
1.28333333333333
1.33333333333333
1.3
1.35
1.28333333333333
1.36666666666667
1.46666666666667
1.3
1.31666666666667
1.3
1.3
1.3
1.3
1.31666666666667
1.28333333333333
1.31666666666667
1.28333333333333
1.76666666666667
1.5
1.3
4.91666666666667
1.3
1.3
1.31666666666667
1.3
1.4
1.3
1.3
1.26666666666667
1.38333333333333
1.5
1.3
1.33333333333333
1.31666666666667
1.3
1.3
1.31666666666667
1.33333333333333
1.26666666666667
1.33333333333333
1.3
1.4
1.5
1.3
1.28333333333333
1.26666666666667
1.3
1.3
1.3
1.33333333333333
1.3
1.36666666666667
1.31666666666667
1.38333333333333
1.46666666666667
1.28333333333333
1.31666666666667
1.31666666666667
1.33333333333333
1.28333333333333
1.31666666666667
1.48333333333333
1.28333333333333
1.3
1.3
1.38333333333333
1.46666666666667
1.33333333333333
1.3
1.35
1.3
1.3
1.3
1.3
1.26666666666667
1.28333333333333
1.3
1.4
1.5
1.3
1.33333333333333
1.26666666666667
1.28333333333333
1.3
1.3
1.35
1.3
1.3
1.31666666666667
1.35
1.46666666666667
1.28333333333333
1.31666666666667
1.3
1.3
1.3
1.3
1.33333333333333
1.28333333333333
2.05
1.3
1.53333333333333
2.06666666666667
1.3
2.01666666666667
1.3
1.3
1.3
1.35
1.46666666666667
1.3
1.28333333333333
1.46666666666667
1.91666666666667
1.48333333333333
1.95
1.38333333333333
1.3
1.31666666666667
1.35
1.3
1.33333333333333
1.3
1.25
1.3
1.71666666666667
1.85
1.31666666666667
1.98333333333333
1.35
1.5
1.7
1.31666666666667
