1.55
1.55
1.55
1.55
1.56666666666667
1.56666666666667
1.51666666666667
1.58333333333333
1.55
1.55
1.55
1.75
7.86666666666667
1.53333333333333
1.51666666666667
1.56666666666667
8.35
1.6
1.56666666666667
1.61666666666667
1.65
1.53333333333333
1.51666666666667
1.73333333333333
1.55
6.21666666666667
1.55
1.56666666666667
1.55
1.6
1.65
1.55
1.55
1.55
1.55
1.75
1.55
1.55
1.55
1.51666666666667
1.53333333333333
1.55
1.55
1.58333333333333
1.56666666666667
1.55
1.55
1.75
1.51666666666667
1.53333333333333
1.55
1.55
1.55
1.56666666666667
1.55
1.55
1.55
1.5
1.55
1.75
1.55
1.55
1.55
1.55
1.51666666666667
1.56666666666667
1.55
1.58333333333333
1.55
1.55
1.55
1.75
1.55
1.55
1.5
1.55
1.55
1.58333333333333
1.55
1.56666666666667
1.56666666666667
1.55
1.55
1.75
1.55
1.55
1.55
1.55
1.55
1.55
1.53333333333333
1.58333333333333
1.53333333333333
1.55
1.55
1.75
1.55
1.55
1.55
1.55
1.48333333333333
1.35
1.25
1.4
1.36666666666667
1.3
1.25
1.51666666666667
1.36666666666667
1.31666666666667
1.31666666666667
1.35
1.3
1.36666666666667
1.3
1.38333333333333
1.35
1.36666666666667
1.26666666666667
1.5
1.28333333333333
1.4
1.3
1.31666666666667
1.25
1.38333333333333
1.28333333333333
1.4
1.3
1.3
1.3
1.5
1.3
1.3
1.36666666666667
1.33333333333333
1.31666666666667
1.35
1.31666666666667
1.36666666666667
1.36666666666667
1.31666666666667
1.31666666666667
1.5
1.31666666666667
1.31666666666667
1.38333333333333
1.31666666666667
1.31666666666667
1.5
1.33333333333333
1.68333333333333
1.43333333333333
1.35
1.3
1.55
1.31666666666667
1.33333333333333
1.35
1.36666666666667
1.3
1.36666666666667
1.31666666666667
1.35
1.35
1.4
1.31666666666667
1.53333333333333
1.3
1.3
1.35
1.3
1.28333333333333
1.38333333333333
1.31666666666667
1.35
1.33333333333333
1.3
1.3
1.53333333333333
1.3
1.31666666666667
1.36666666666667
1.31666666666667
1.3
1.35
1.3
1.35
1.36666666666667
1.3
1.31666666666667
1.5
1.3
1.3
1.33333333333333
1.35
1.3
1.38333333333333
1.3
1.41666666666667
1.35
1.33333333333333
1.33333333333333
1.53333333333333
1.31666666666667
1.3
1.33333333333333
1.31666666666667
1.31666666666667
1.36666666666667
1.31666666666667
1.35
1.35
1.31666666666667
1.3
1.5
1.35
1.45
1.36666666666667
1.3
1.31666666666667
1.38333333333333
1.31666666666667
1.35
1.4
1.3
1.3
1.53333333333333
1.33333333333333
1.33333333333333
1.35
1.38333333333333
1.3
1.35
1.33333333333333
1.41666666666667
1.31666666666667
1.31666666666667
1.3
1.5
1.33333333333333
1.31666666666667
1.35
1.31666666666667
1.3
1.35
1.33333333333333
1.38333333333333
1.36666666666667
1.31666666666667
1.31666666666667
1.53333333333333
1.35
1.33333333333333
1.35
1.33333333333333
1.33333333333333
5.9
1.33333333333333
1.35
1.43333333333333
1.43333333333333
1.3
1.5
1.3
1.35
1.36666666666667
1.35
1.31666666666667
1.38333333333333
1.3
5.33333333333333
1.38333333333333
1.33333333333333
1.3
1.53333333333333
1.6
1.53333333333333
1.78333333333333
1.8
1.61666666666667
1.58333333333333
1.55
1.58333333333333
4.66666666666667
5.73333333333333
1.8
1.98333333333333
