2.2
2.8
3.6
2.6
2.4
2.66666666666667
2.46666666666667
2.4
2.6
2.4
2.6
2.13333333333333
2.8
3.26666666666667
3.33333333333333
2.2
2.6
2.4
2.8
2.4
2.33333333333333
2.6
2.4
4.06666666666667
2.2
2.8
2.2
2.66666666666667
2.26666666666667
2.6
2.8
2.6
2.4
2.33333333333333
2.5
3.93333333333333
2.6
2.2
2.8
2.2
2.66666666666667
2.33333333333333
2.6
2.4
6.4
2.6
2.4
4.06666666666667
2.2
2.8
2.2
2.8
2.13333333333333
2.6
2.4
2.6
2.4
3.93333333333333
2.6
2.4
2.6
2.13333333333333
2.86666666666667
2.2
2.8
2.13333333333333
3.46666666666667
5.2
2.6
3.66666666666667
4.13333333333333
7.33333333333333
2.4
2.6
2.26666666666667
4
4.73333333333333
7.73333333333333
6.8
5.66666666666667
3.13333333333333
2.73333333333333
2.66666666666667
2.86666666666667
2.86666666666667
2.4
3.06666666666667
2.2
4.4
2.2
2.73333333333333
2.4
2.66666666666667
2.4
2.46666666666667
2.8
2.66666666666667
2.66666666666667
2.6
3.13333333333333
3.26666666666667
3
2.33333333333333
2.86666666666667
2.53333333333333
2.6
2.46666666666667
2.6
2.66666666666667
2.73333333333333
3.93333333333333
2.86666666666667
2.6
2.26666666666667
3
2.4
2.93333333333333
2.53333333333333
2.6
2.66666666666667
2.4
2.6
4.06666666666667
2.93333333333333
2.4
2.8
2.26666666666667
2.86666666666667
2.26666666666667
2.8
2.4
2.66666666666667
3.93333333333333
2.46666666666667
2.66666666666667
2.4
2.6
2.4
2.73333333333333
2.26666666666667
3
2.2
2.66666666666667
2.4
4.13333333333333
2.4
2.53333333333333
2.6
2.4
2.6
2.26666666666667
2.93333333333333
2.26666666666667
2.8
2.2
4.13333333333333
2.46666666666667
2.6
2.4
2.4
2.6
3
2.6
2.13333333333333
3.06666666666667
2.33333333333333
4.26666666666667
2.2
2.73333333333333
2.4
3
2.46666666666667
2.4
2.6
2.4
2.6
2.26666666666667
4.4
2.2
2.86666666666667
2.2
2.66666666666667
2.46666666666667
2.6
2.4
2.4
2.6
2.4
4.26666666666667
2.2
3
2.2
2.8
2.2
2.6
2.4
2.66666666666667
2.4
2.4
2.6
4
2.6
2.2
2.8
2.2
2.8
2.26666666666667
2.66666666666667
2.46666666666667
2.6
2.4
4
2.86666666666667
2.46666666666667
2.73333333333333
2.2
2.8
2.2
2.8
2.2
2.66666666666667
4
2.66666666666667
2.53333333333333
2.46666666666667
2.6
2.66666666666667
2.73333333333333
2.2
3.06666666666667
2.33333333333333
2.66666666666667
4.06666666666667
2.66666666666667
2.46666666666667
2.66666666666667
2.66666666666667
2.53333333333333
2.73333333333333
2.4
2.6
2.53333333333333
6.46666666666667
2.93333333333333
4.26666666666667
3.73333333333333
3
2.53333333333333
2.86666666666667
2.4
2.4
2.6
3.86666666666667
2.66666666666667
2.2
2.8
2.2
2.66666666666667
2.46666666666667
2.6
2.53333333333333
3.33333333333333
3.33333333333333
2.46666666666667
2.73333333333333
2.4
2.86666666666667
2.2
2.8
2.2
2.6
2.4
4
2.4
2.46666666666667
2.6
2.53333333333333
2.86666666666667
4.6
2.93333333333333
2.4
2.8
3.73333333333333
2.6
2.4
2.6
2.4
2.4
