1.75
1.5
1.5
1.5
1.5
1.5
1.5
1.5
1.5
2.11666666666667
1.5
1.5
1.75
1.5
1.5
1.5
1.5
1.5
1.5
1.5
1.5
1.5
1.5
1.5
1.75
1.5
1.5
1.5
1.55
1.5
1.5
1.5
1.5
1.5
1.5
1.5
1.85
1.5
1.5
1.5
1.5
1.5
1.5
1.5
1.5
1.5
1.5
1.5
3.55
1.5
1.5
1.5
1.5
1.8
1.5
1.5
1.5
1.5
1.5
1.5
1.75
1.5
1.5
1.65
1.55
1.5
1.5
1.5
1.5
1.5
1.5
1.5
1.75
1.55
1.5
1.5
1.5
1.5
1.5
1.5
1.5
1.5
1.5
1.5
1.75
1.5
1.5
1.5
1.5
1.5
1.5
1.5
1.5
1.5
1.5
1.5
1.9
1.5
1.5
1.5
1.5
1.5
1.5
1.5
1.5
1.5
1.5
1.5
1.75
1.5
1.5
1.5
1.5
1.5
1.5
1.5
1.5
1.5
1.5
1.5
1.75
1.5
1.5
1.5
1.5
1.5
1.5
1.5
1.5
1.5
1.5
1.5
1.65
1.3
1.25
1.25
1.3
1.25
1.25
1.3
1.25
1.3
1.25
1.48333333333333
1.61666666666667
1.7
1.4
1.6
1.46666666666667
1.25
1.41666666666667
1.5
1.28333333333333
1.25
1.25
1.33333333333333
1.73333333333333
1.3
1.25
1.25
1.3
1.25
1.25
1.3
1.25
1.25
1.25
1.25
1.6
1.25
1.25
1.25
1.3
1.25
1.25
1.3
1.25
1.25
1.25
1.25
1.6
1.3
1.25
1.25
1.3
1.25
1.25
1.3
1.25
1.25
1.38333333333333
1.5
1.85
1.5
1.5
1.5
1.55
1.5
1.5
1.4
1.25
1.25
1.5
1.5
1.85
1.5
1.5
1.5
1.65
1.6
1.5
1.36666666666667
1.25
1.25
1.25
1.25
1.8
1.36666666666667
1.25
1.25
1.3
1.25
1.25
1.3
1.25
1.25
1.25
1.25
1.6
1.31666666666667
1.25
1.25
1.3
1.25
1.25
1.3
1.25
1.25
1.25
1.25
1.6
1.26666666666667
1.25
1.25
1.3
1.25
1.25
1.3
1.25
1.25
1.25
1.25
1.6
1.3
1.25
1.25
1.3
1.25
1.25
1.26666666666667
1.25
1.25
1.25
1.25
1.6
1.28333333333333
1.25
1.25
1.3
1.25
1.25
1.28333333333333
1.25
1.25
1.25
1.25
1.6
1.3
1.25
1.25
1.3
1.25
1.25
1.3
1.25
1.25
1.25
1.25
