4.53333333333333
5.46666666666667
5
5.2
5.6
4.53333333333333
5.4
4.86666666666667
5
5.4
4.6
5.86666666666667
4.46666666666667
5.46666666666667
5.06666666666667
5
5.33333333333333
4.6
9.25
4.4
5.53333333333333
4.86666666666667
4.66666666666667
7.25
4.86666666666667
5.66666666666667
5.26666666666667
5.2
5.86666666666667
4.93333333333333
5.93333333333333
5.4
5.8
5.86666666666667
4.25
6.66666666666667
5.6
5.53333333333333
6.6
5.06666666666667
6.53333333333333
5.26666666666667
5.66666666666667
8.33333333333333
4.73333333333333
6
4.33333333333333
5
5.33333333333333
4.73333333333333
5.6
4.33333333333333
5.46666666666667
4.6
4.86666666666667
5.4
4.66666666666667
5.46666666666667
5.13333333333333
5.5
5.8
4.66666666666667
6.06666666666667
4.6
4.86666666666667
5.46666666666667
4.6
5.93333333333333
5.13333333333333
5.6
5.26666666666667
4.66666666666667
6.06666666666667
2
5.66666666666667
5
4.93333333333333
5.66666666666667
4.6
5.6
5.26666666666667
5.13333333333333
5.53333333333333
4.66666666666667
5.53333333333333
5.13333333333333
5
7.73333333333333
4.66666666666667
6
4.6
5.26666666666667
5.8
4.66666666666667
6.13333333333333
4.73333333333333
5.6
5
7.33333333333333
5.73333333333333
4.46666666666667
5.53333333333333
4.86666666666667
5.73333333333333
5.73333333333333
4.66666666666667
5.46666666666667
4.66666666666667
4.5
5.33333333333333
4.66666666666667
5.8
4.93333333333333
5.46666666666667
5
5.13333333333333
6
4.86666666666667
5.33333333333333
5.06666666666667
5.2
5.53333333333333
4.53333333333333
6
4.6
5.53333333333333
5.13333333333333
4.93333333333333
5.73333333333333
4.46666666666667
5.26666666666667
5.13333333333333
6.75
5.53333333333333
4.33333333333333
5.46666666666667
5.06666666666667
5.46666666666667
5.33333333333333
4
6.33333333333333
4.53333333333333
4.93333333333333
5.6
4.53333333333333
6
5.93333333333333
5.4
6.6
6.4
8
6.53333333333333
7.53333333333333
6.66666666666667
6.8
7.33333333333333
5.25
5.66666666666667
4.73333333333333
5.66666666666667
6.33333333333333
6
7.46666666666667
6.26666666666667
6.6
7.06666666666667
6.4
8.66666666666667
7.6
7.93333333333333
8.46666666666667
7.26666666666667
9.06666666666667
7.06666666666667
8
8
7.46666666666667
8.93333333333333
6.73333333333333
8.13333333333333
7.93333333333333
7
5.46666666666667
4.73333333333333
5.53333333333333
5.2
5.13333333333333
8.5
5.4
10
4.53333333333333
5.53333333333333
5.6
4.93333333333333
6.86666666666667
4.75
5.73333333333333
5
8
5.53333333333333
5.46666666666667
5.13333333333333
5.6
4.6
8.5
4.6
4.93333333333333
6.26666666666667
5.4
6.53333333333333
5.46666666666667
5.53333333333333
6.46666666666667
5
6.26666666666667
5
5.46666666666667
5.86666666666667
4.93333333333333
6.2
4.8
5.73333333333333
5.46666666666667
6.5
5.33333333333333
5
5.66666666666667
4.8
5.73333333333333
5.2
5.53333333333333
5.6
5.06666666666667
4.25
6.6
5
6.53333333333333
5.4
5.33333333333333
6
5.26666666666667
5.46153846153846
6.09090909090909
5.73333333333333
6.06666666666667
5.06666666666667
6.46666666666667
5.13333333333333
6.4
5.86666666666667
5.8
6.13333333333333
5.13333333333333
5.86666666666667
5.53333333333333
7.73333333333333
6.2
5
6.13333333333333
5.26666666666667
5.73333333333333
6
5.06666666666667
6.66666666666667
5.13333333333333
5.73333333333333
5.6
5.33333333333333
5.93333333333333
5
5.93333333333333
5.46666666666667
5.66666666666667
5.86666666666667
4.8
6.4
6.4
5.13333333333333
7.2
6
5.86666666666667
4.86666666666667
6.4
5.13333333333333
5.73333333333333
6
5
6.33333333333333
