1.18333333333333
1.21666666666667
1.16666666666667
1.2
1.2
1.18333333333333
1.13333333333333
1.28333333333333
1.11666666666667
1.1
1.16666666666667
1.13333333333333
1.2
1.1
1.13333333333333
1.13333333333333
1.16666666666667
1.18333333333333
1.13333333333333
1.35
1.21666666666667
1.11666666666667
1.13333333333333
1.11666666666667
1.16666666666667
1
1.25
1.11666666666667
1.15
1.06666666666667
1.2
1.31666666666667
1.2
1.16666666666667
1.15
1.08333333333333
1.21666666666667
1.1
1.2
1.16666666666667
1.2
1.08333333333333
1.16666666666667
1.46666666666667
1.31666666666667
1.08333333333333
1.13333333333333
1.11666666666667
1.23333333333333
1.1
1.16666666666667
1.11666666666667
1.48333333333333
1.06666666666667
1.16666666666667
1.4
1.33333333333333
1.2
1.16666666666667
1.06666666666667
1.16666666666667
1.15
1.21666666666667
1.15
1.18333333333333
1.13333333333333
1.15
1.36666666666667
1.18333333333333
1.15
1.23333333333333
1.15
1.16666666666667
1.08333333333333
1.18333333333333
1.15
1.2
1.08333333333333
1.15
1.41666666666667
1.18333333333333
1.1
1.2
1.16666666666667
1.13333333333333
1.05
1.18333333333333
1.11666666666667
1.16666666666667
1.11666666666667
1.18333333333333
1.38333333333333
1.18333333333333
1.08333333333333
1.11666666666667
1.13333333333333
1.18333333333333
1.13333333333333
1.2
1.06666666666667
1.2
1.05
1.23333333333333
1.4
1.15
1.1
1.15
1.1
1.13333333333333
1.06666666666667
1.13333333333333
1.16666666666667
1.16666666666667
1.13333333333333
1.16666666666667
1.41666666666667
1.21666666666667
1.1
1.13333333333333
1.2
1.35
1.06666666666667
1.16666666666667
1.18333333333333
1.28333333333333
1.16666666666667
1.16666666666667
1.41666666666667
1.15
1.18333333333333
1.2
1.23333333333333
1.16666666666667
1.25
1.15
1.21666666666667
1.21666666666667
1.18333333333333
1.15
1.45
1.21666666666667
1.23333333333333
1.21666666666667
1.18333333333333
1.18333333333333
1.16666666666667
1.2
1.2
1.16666666666667
1.2
1.18333333333333
1.48333333333333
1.2
1.2
1.16666666666667
1.28333333333333
1.2
1.2
1.16666666666667
1.15
1.23333333333333
1.15
1.25
1.46666666666667
1.21666666666667
1.2
1.15
1.16666666666667
1.16666666666667
1.16666666666667
1.16666666666667
1.18333333333333
1.48333333333333
4.66666666666667
1.15
1.45
1.13333333333333
1.2
1.2
1.18333333333333
1.18333333333333
1.18333333333333
1.18333333333333
1.13333333333333
1.2
1.16666666666667
1.18333333333333
1.46666666666667
1.16666666666667
1.16666666666667
1.18333333333333
1.18333333333333
1.21666666666667
1.25
1.16666666666667
1.23333333333333
1.21666666666667
1.16666666666667
1.2
1.48333333333333
1.2
1.18333333333333
1.2
1.21666666666667
1.18333333333333
1.15
1.2
1.2
1.16666666666667
1.2
1.21666666666667
1.45
1.16666666666667
1.18333333333333
1.21666666666667
1.2
1.2
1.2
1.21666666666667
1.23333333333333
1.16666666666667
1.2
1.1
1.48333333333333
1.18333333333333
1.25
1.21666666666667
1.23333333333333
1.15
1.21666666666667
1.21666666666667
1.21666666666667
1.23333333333333
1.25
1.26666666666667
1.53333333333333
1.2
1.16666666666667
1.18333333333333
1.21666666666667
1.23333333333333
1.2
1.25
1.18333333333333
1.18333333333333
1.21666666666667
1.21666666666667
1.45
1.16666666666667
1.16666666666667
1.21666666666667
1.16666666666667
1.25
1.18333333333333
1.18333333333333
1.16666666666667
1.13333333333333
1.23333333333333
1.18333333333333
1.43333333333333
1.18333333333333
1.2
1.2
1.21666666666667
1.21666666666667
1.21666666666667
1.2
1.21666666666667
1.21666666666667
1.21666666666667
1.2
1.5
1.2
1.16666666666667
1.2
1.25
1.2
1.16666666666667
1.2
1.25
1.21666666666667
1.21666666666667
1.18333333333333
1.48333333333333
1.23333333333333
1.21666666666667
1.23333333333333
1.23333333333333
