2.01666666666667
1.98333333333333
1.98333333333333
1.96666666666667
2.1
2.18333333333333
2.05
2.01666666666667
2.06666666666667
2.01666666666667
2.06666666666667
2.46666666666667
2.15
2.01666666666667
2.01666666666667
2
2.08333333333333
2.2
2.03333333333333
2.18333333333333
2.05
2
2.06666666666667
2.11666666666667
2.05
2.01666666666667
2.01666666666667
2.05
2.11666666666667
2.28333333333333
2.01666666666667
2.01666666666667
2.03333333333333
2.03333333333333
2.06666666666667
2.33333333333333
2.11666666666667
2
2.15
2.93333333333333
2.05
2.18333333333333
2.03333333333333
2.05
2.03333333333333
1.98333333333333
2.03333333333333
2.1
2.08333333333333
2.01666666666667
2
1.98333333333333
2.11666666666667
2.18333333333333
2.05
2
2.03333333333333
1.98333333333333
2
2.15
2.06666666666667
2.05
2.05
2.01666666666667
2.15
2.16666666666667
2
2.01666666666667
2.03333333333333
2.06666666666667
2.13333333333333
2.15
2.06666666666667
2.05
2
2
6.4
4.35
2.08333333333333
2.05
2.18333333333333
2.06666666666667
3.05
2.28333333333333
2.13333333333333
2.05
2.03333333333333
2.05
2.2
2.15
2.01666666666667
2.06666666666667
2.01666666666667
2.03333333333333
2.11666666666667
2.15
2.11666666666667
2.06666666666667
2.06666666666667
2.05
2.15
1.98333333333333
1.88333333333333
1.81666666666667
2
1.93333333333333
1.9
1.98333333333333
2.96666666666667
1.8
1.88333333333333
1.85
2.01666666666667
1.95
2
1.81666666666667
1.86666666666667
1.81666666666667
1.88333333333333
1.93333333333333
1.93333333333333
1.78333333333333
1.86666666666667
1.81666666666667
2.68333333333333
2.51666666666667
1.85
1.78333333333333
1.81666666666667
1.8
1.9
2.15
2.1
1.83333333333333
1.85
1.81666666666667
2.91666666666667
3.08333333333333
2.46666666666667
2.03333333333333
11.1666666666667
17.9666666666667
18.1666666666667
4.71666666666667
1.86666666666667
1.88333333333333
1.86666666666667
1.81666666666667
2.81666666666667
2.91666666666667
1.83333333333333
1.81666666666667
1.93333333333333
2.18333333333333
1.88333333333333
1.93333333333333
1.86666666666667
1.85
1.86666666666667
1.83333333333333
1.96666666666667
1.95
1.86666666666667
1.83333333333333
1.86666666666667
1.8
1.91666666666667
1.9
1.86666666666667
1.83333333333333
1.85
1.8
1.93333333333333
1.95
1.83333333333333
1.81666666666667
1.8
1.98333333333333
1.88333333333333
1.91666666666667
1.88333333333333
1.83333333333333
1.81666666666667
1.8
1.93333333333333
1.96666666666667
1.85
1.83333333333333
1.81666666666667
1.8
1.86666666666667
1.98333333333333
1.9
1.83333333333333
1.81666666666667
1.81666666666667
1.93333333333333
1.98333333333333
1.86666666666667
1.83333333333333
1.83333333333333
1.85
1.86666666666667
1.98333333333333
1.91666666666667
1.81666666666667
1.83333333333333
1.86666666666667
2.08333333333333
2.13333333333333
1.86666666666667
1.85
1.85
1.83333333333333
1.85
2.05
1.93333333333333
1.83333333333333
1.85
1.81666666666667
1.95
2.01666666666667
1.86666666666667
1.86666666666667
1.85
1.8
1.88333333333333
2
1.9
1.81666666666667
1.85
1.83333333333333
1.93333333333333
2
1.85
1.81666666666667
1.81666666666667
1.78333333333333
1.91666666666667
2.01666666666667
2
2.03333333333333
1.83333333333333
1.8
1.88333333333333
2.05
1.85
1.85
1.83333333333333
1.8
1.86666666666667
1.96666666666667
1.9
1.78333333333333
1.81666666666667
1.8
1.95
2
2
2
1.85
1.81666666666667
1.85
2.01666666666667
1.93333333333333
1.88333333333333
1.88333333333333
1.83333333333333
1.98333333333333
2.05
1.85
1.88333333333333
1.83333333333333
1.85
1.93333333333333
1.91666666666667
2.08333333333333
2.05
2.01666666666667
2.01666666666667
2.06666666666667
2.16666666666667
2.03333333333333
1.96666666666667
2
1.98333333333333
2
2.1
