1.86666666666667
1.81666666666667
1.81666666666667
1.8
1.81666666666667
1.85
1.8
1.81666666666667
2.01666666666667
1.83333333333333
1.78333333333333
1.81666666666667
1.83333333333333
1.8
1.8
1.81666666666667
1.81666666666667
1.83333333333333
1.81666666666667
1.83333333333333
2.01666666666667
1.83333333333333
1.83333333333333
1.96666666666667
1.81666666666667
1.83333333333333
1.8
1.78333333333333
1.85
1.85
1.83333333333333
1.83333333333333
2.03333333333333
1.81666666666667
1.8
1.8
1.83333333333333
1.9
1.88333333333333
1.83333333333333
1.83333333333333
1.81666666666667
1.8
1.78333333333333
2.05
1.81666666666667
1.81666666666667
1.88333333333333
1.86666666666667
1.8
1.78333333333333
1.83333333333333
1.8
1.88333333333333
1.81666666666667
1.8
2.01666666666667
1.78333333333333
1.81666666666667
1.78333333333333
1.81666666666667
1.8
1.8
1.83333333333333
1.81666666666667
1.83333333333333
1.81666666666667
1.78333333333333
2
1.81666666666667
1.81666666666667
1.85
1.85
1.81666666666667
1.85
1.83333333333333
1.76666666666667
1.83333333333333
1.8
1.81666666666667
2
1.83333333333333
1.81666666666667
1.81666666666667
1.85
1.81666666666667
1.85
1.81666666666667
1.83333333333333
1.86666666666667
1.8
1.78333333333333
1.98333333333333
1.83333333333333
1.8
1.85
1.85
1.8
1.83333333333333
1.81666666666667
1.8
1.85
1.65
1.65
1.83333333333333
1.73333333333333
1.66666666666667
1.65
1.75
2.06666666666667
1.63333333333333
1.66666666666667
1.63333333333333
1.68333333333333
1.63333333333333
1.61666666666667
1.83333333333333
1.65
1.66666666666667
1.61666666666667
1.7
1.63333333333333
1.61666666666667
1.65
1.66666666666667
1.7
1.65
1.6
1.83333333333333
1.65
1.66666666666667
1.66666666666667
1.73333333333333
1.65
1.65
1.66666666666667
1.65
1.71666666666667
1.68333333333333
1.8
1.88333333333333
1.68333333333333
1.65
1.7
1.7
2.13333333333333
1.96666666666667
6.11666666666667
2.48333333333333
2.46666666666667
1.61666666666667
1.68333333333333
2.16666666666667
1.63333333333333
1.66666666666667
1.68333333333333
1.65
1.68333333333333
1.68333333333333
1.65
1.63333333333333
1.68333333333333
1.61666666666667
1.66666666666667
1.85
1.65
1.63333333333333
1.68333333333333
1.68333333333333
1.68333333333333
1.66666666666667
1.63333333333333
1.65
1.7
1.66666666666667
1.63333333333333
1.83333333333333
1.66666666666667
1.68333333333333
1.66666666666667
1.78333333333333
1.73333333333333
1.65
1.66666666666667
1.65
1.66666666666667
1.68333333333333
1.7
1.88333333333333
1.7
1.65
1.66666666666667
1.73333333333333
1.68333333333333
1.63333333333333
1.7
1.68333333333333
1.7
1.66666666666667
1.65
1.85
1.66666666666667
1.71666666666667
1.65
1.71666666666667
1.65
1.68333333333333
1.7
1.66666666666667
1.73333333333333
1.7
1.68333333333333
1.83333333333333
1.65
1.66666666666667
1.66666666666667
1.73333333333333
1.65
1.66666666666667
1.63333333333333
1.66666666666667
1.7
1.66666666666667
1.65
1.83333333333333
1.66666666666667
1.65
1.66666666666667
1.65
1.65
1.66666666666667
1.65
1.63333333333333
1.85
1.625
1.68333333333333
1.9
1.66666666666667
1.65
1.71666666666667
1.66666666666667
1.66666666666667
1.68333333333333
1.66666666666667
1.7
1.66666666666667
1.63333333333333
1.68333333333333
1.86666666666667
1.65
1.7
1.73333333333333
1.8
1.7
1.63333333333333
1.65
1.7
1.68333333333333
1.66666666666667
1.76666666666667
1.85
1.66666666666667
1.7
1.66666666666667
1.66666666666667
1.68333333333333
1.66666666666667
1.63333333333333
1.7
1.71666666666667
1.65
1.68333333333333
1.88333333333333
1.66666666666667
1.7
1.65
1.86666666666667
1.81666666666667
1.8
1.85
1.83333333333333
1.9
1.8
1.83333333333333
2.03333333333333
1.8
1.83333333333333
1.83333333333333
