0
0
0
0
0
0
0
0
0
0
0
0
0
3.58333333333333
0.383333333333333
0.216666666666667
0.116666666666667
0.15
0.2
0.116666666666667
0.7
4.91666666666667
0.6
0.583333333333333
0.333333333333333
0.183333333333333
0.1
0.2
0.166666666666667
0.166666666666667
0.116666666666667
0.133333333333333
0.05
2.8
7.15
2.01666666666667
1.81666666666667
2.08333333333333
1.9
2.06666666666667
2.03333333333333
1.95
1.8
1.68333333333333
1.8
1.6
1.75
1.55
1.66666666666667
1.8
1.6
1.55
1.66666666666667
1.55
1.61666666666667
1.6
1.61666666666667
1.56666666666667
1.7
1.78333333333333
1.61666666666667
1.76666666666667
1.63333333333333
1.58333333333333
1.65
1.56666666666667
1.71666666666667
1.65
1.66666666666667
1.61666666666667
1.75
1.6
1.55
1.61666666666667
1.66666666666667
1.55
1.6
1.6
1.65
1.55
1.55
1.6
1.63333333333333
1.55
1.65
2.46666666666667
1.86666666666667
1.75
1.78333333333333
1.71666666666667
3.03333333333333
8.68333333333333
20.0333333333333
17.1333333333333
3.01666666666667
2.78333333333333
2.85
2.88333333333333
2.85
2.78333333333333
2.93333333333333
2.8
2.75
2.76666666666667
2.78333333333333
2.05
1.8
1.81666666666667
1.83333333333333
1.96666666666667
1.91666666666667
1.9
1.82142857142857
1.81666666666667
1.8
2.10714285714286
1.93333333333333
1.98333333333333
1.8
1.8
1.8
1.85
1.83333333333333
1.8
1.81666666666667
1.81666666666667
1.91666666666667
1.86666666666667
1.96666666666667
2.03333333333333
1.81666666666667
1.83333333333333
1.85
2.08333333333333
2.28333333333333
2.21666666666667
2.25
2.23214285714286
2.18333333333333
2.86666666666667
2.35714285714286
2.58333333333333
2.28333333333333
2.43333333333333
2.35
2.41666666666667
2.38333333333333
2.31666666666667
2.38333333333333
2.3
2.21666666666667
2.08928571428571
2.05
2.08928571428571
2.03333333333333
2.13333333333333
2.06666666666667
2.08333333333333
2.03571428571429
2.2
2.16666666666667
2.18333333333333
1.96428571428571
1.85714285714286
2.05
2.01666666666667
1.83928571428571
1.93333333333333
1.88333333333333
1.98214285714286
2
1.9
1.83333333333333
1.81666666666667
1.8
1.85
1.91666666666667
1.98333333333333
1.85
1.86666666666667
1.8
2.23333333333333
2.51666666666667
1.85
2.06666666666667
2.06666666666667
1.98333333333333
2.06666666666667
2.15
2
1.85
1.9
1.85
1.91666666666667
1.9
1.95
1.86666666666667
2
1.9
1.91666666666667
1.98333333333333
2
1.95
1.86666666666667
1.83333333333333
2.28333333333333
1.95
1.95
2
1.91666666666667
1.86666666666667
1.91666666666667
2
3.9
3.1
1.88333333333333
1.96666666666667
1.88333333333333
2.01666666666667
1.9
2.08333333333333
1.93333333333333
1.81666666666667
1.88333333333333
2.01666666666667
1.98333333333333
2.25
1.93333333333333
1.86666666666667
2.11666666666667
6.11666666666667
2.16666666666667
1.91666666666667
1.88333333333333
1.8
1.85
1.86666666666667
2.08333333333333
2.23333333333333
1.8
1.8
1.93333333333333
3.61666666666667
4.13333333333333
4.03333333333333
3.5
3.66666666666667
2.96666666666667
2.38333333333333
1.98333333333333
4.8
1.8
2.23333333333333
3.88333333333333
3.78333333333333
2.16666666666667
1.9
1.81666666666667
1.8
2.13333333333333
2.28333333333333
2.35
2.41666666666667
4.23333333333333
1.8
2.16666666666667
3.4
2.56666666666667
2.06666666666667
1.98333333333333
1.8
1.78333333333333
1.8
2
1.86666666666667
2.01666666666667
1.81666666666667
2.33333333333333
3.28333333333333
1.98333333333333
1.8
1.8
2.68333333333333
2.78333333333333
2.46666666666667
3.1
2.38333333333333
2.28333333333333
