1.2
1.06666666666667
1.06666666666667
1.06666666666667
1.2
1.2
1.06666666666667
1.06666666666667
1.2
1
1.2
1.2
1.2
0.866666666666667
1.06666666666667
1.2
1.2
1.13333333333333
1.28571428571429
1.06666666666667
1.06666666666667
1.2
1.2
1.2
1.06666666666667
1.2
1.06666666666667
1.2
1.06666666666667
1.33333333333333
1.2
1.2
1.06666666666667
1.2
1
1.13333333333333
1.2
1.2
1.06666666666667
1.2
1.06666666666667
1.06666666666667
1.2
1.2
1.13333333333333
1.2
1.06666666666667
1.13333333333333
1.13333333333333
1.06666666666667
1.2
1.2
1.2
1.06666666666667
1.2
1.06666666666667
1.06666666666667
1.2
1.2
1.2
1.06666666666667
1.2
0
1.06666666666667
1.06666666666667
1.06666666666667
1.13333333333333
1.2
1.06666666666667
1.06666666666667
1.13333333333333
1.06666666666667
1.13333333333333
1.13333333333333
1.2
0.933333333333333
1.2
1.06666666666667
1.2
1.2
1.13333333333333
1.2
0.933333333333333
1.07142857142857
1.06666666666667
1.2
1.2
1.13333333333333
1.06666666666667
1.06666666666667
1.06666666666667
1.2
1.2
1.2
1.13333333333333
1.13333333333333
1
1.2
1.2
1.2
1.2
1.45454545454545
1.06666666666667
1.06666666666667
0
1.06666666666667
1.06666666666667
1.2
1.06666666666667
1.2
1.42857142857143
1.2
1.06666666666667
1.06666666666667
1.2
1.13333333333333
1.13333333333333
1.2
1.2
1.2
1
1.26666666666667
1
1.06666666666667
1.2
1.2
1.41666666666667
1.2
1.06666666666667
1.06666666666667
1.06666666666667
1.2
1.2
1.13333333333333
1.2
0.933333333333333
1.06666666666667
1.13333333333333
1.13333333333333
1.2
1.13333333333333
1.13333333333333
1.06666666666667
1.06666666666667
1.2
1.2
1.2
1.2
0.933333333333333
1.06666666666667
1.2
1.13333333333333
1.2
1.2
1
1.13333333333333
1.2
1.2
1.2
1.06666666666667
1.2
1.15384615384615
1
1.2
1.2
1.06666666666667
1.06666666666667
1.2
1.06666666666667
1.2
0.214285714285714
1.42857142857143
1.2
1.2
1.2
1.13333333333333
0.933333333333333
1.06666666666667
1.2
1.2
0.8
1.2
1.2
1.2
1.06666666666667
1.06666666666667
1.2
1.06666666666667
1.2
1.13333333333333
1.2
0.933333333333333
1.2
1.06666666666667
0.8
1.2
1.2
0
1.53846153846154
1.2
1.06666666666667
1.06666666666667
1.2
1
1.2
1.13333333333333
1.13333333333333
1.13333333333333
1
1.2
1.06666666666667
1.2
1.13333333333333
1.2
1.06666666666667
1.06666666666667
1
1.2
1.13333333333333
1.2
1.06666666666667
1.06666666666667
1.2
1.06666666666667
1.2
1.2
1.2
1.06666666666667
1.06666666666667
1.2
1
1.2
1.2
0
0
1.13333333333333
1
1.06666666666667
1.2
1.2
1.2
1.06666666666667
1.2
1
1.06666666666667
1.2
1.2
1.2
1.2
1.06666666666667
1.06666666666667
1.06666666666667
1.2
1.2
1.2
1.2
1.06666666666667
1.06666666666667
1.06666666666667
1.2
1.2
1.2
1.06666666666667
1.2
0.933333333333333
1.13333333333333
1.2
1.2
1.06666666666667
1.2
1.13333333333333
1
1.2
1.2
1.2
1.06666666666667
1.06666666666667
1.13333333333333
1.13333333333333
1.2
1.42857142857143
1.06666666666667
1.06666666666667
1.06666666666667
1.2
1.13333333333333
1.2
1.06666666666667
