3.5
4.75
3.11666666666667
5.66666666666667
6.76666666666667
3.01666666666667
3
2.85
9
18.3666666666667
6.93333333333333
3.75
7.1
2.21666666666667
5.33333333333333
2.03333333333333
7.63333333333333
3.63333333333333
2.13333333333333
2.43333333333333
4.11666666666667
11.6
13.8
2.78333333333333
4.78333333333333
5.21666666666667
2.83333333333333
2.9
3.13333333333333
2.46666666666667
2.91666666666667
2.86666666666667
2.85
2.75
2.83333333333333
2.83333333333333
2.83333333333333
2.75
2.86666666666667
2.75
3.21666666666667
2.83333333333333
2.86666666666667
2.83333333333333
2.83333333333333
2.75
2.83333333333333
2.81666666666667
2.81666666666667
2.81666666666667
2.8
2.73333333333333
3.08333333333333
2.78333333333333
2.85
2.78333333333333
2.83333333333333
2.75
2.85
2.71666666666667
2.81666666666667
2.75
2.8
2.75
3.05
3.7
3.56666666666667
2.76666666666667
2.85
2.76666666666667
2.83333333333333
2.76666666666667
2.85
2.76666666666667
2.8
2.78333333333333
5.68333333333333
17.8166666666667
3.51666666666667
2.01666666666667
2.08333333333333
2
2.11666666666667
2.01666666666667
2.13333333333333
2.28333333333333
2.88333333333333
2.83333333333333
3.2
2.95
2.91666666666667
2.85
2.85
2.85
2.91666666666667
2.8
2.93333333333333
2.81666666666667
2.86666666666667
2.81666666666667
3.1
2.76666666666667
2.75
2.61666666666667
2.68333333333333
2.65
2.7
2.61666666666667
2.68333333333333
2.61666666666667
2.68333333333333
2.63333333333333
2.93333333333333
2.75
2.73333333333333
2.7
2.65
2.65
2.66666666666667
2.61666666666667
2.71666666666667
2.63333333333333
2.65
2.63333333333333
2.9
2.75
2.63333333333333
2.65
3.35
2.68333333333333
2.65
2.65
2.7
2.6
2.66666666666667
2.61666666666667
3.18333333333333
16.05
6.8
6.06666666666667
5.85
6.03333333333333
5.51666666666667
5.58333333333333
6.11666666666667
5.73333333333333
5.71666666666667
5.38333333333333
5.9
5.51666666666667
6.15
6.86666666666667
5.78333333333333
6.78333333333333
8.73333333333333
5.46666666666667
4.8
6.9
5.56666666666667
5.8
6.48333333333333
5.81666666666667
5.68333333333333
1.91666666666667
1.88333333333333
1.75
1.88333333333333
1.8
1.85
1.8
1.91666666666667
1.75
1.88333333333333
1.86666666666667
1.75
1.85
1.76785714285714
1.88333333333333
1.78333333333333
1.81666666666667
1.78333333333333
1.81666666666667
1.81666666666667
2.03333333333333
1.91666666666667
1.91666666666667
1.75
1.88333333333333
1.8
1.88333333333333
1.76666666666667
1.9
1.88333333333333
1.86666666666667
1.75
2.16666666666667
1.9
1.93333333333333
1.78333333333333
1.88333333333333
1.8
1.86666666666667
1.81666666666667
1.9
1.78333333333333
1.75
1.86666666666667
1.95
1.81666666666667
1.75
1.98333333333333
3.4
2.6
7.2
6.71666666666667
13.2666666666667
20.8
12.45
13.8
4.6
2.1
1.88333333333333
1.8
1.83333333333333
3.51666666666667
15.6666666666667
1.86666666666667
1.91666666666667
1.85
1.93333333333333
1.81666666666667
2.06666666666667
2.03333333333333
1.9
1.76666666666667
1.83333333333333
1.78571428571429
1.83333333333333
1.88333333333333
1.86666666666667
1.76666666666667
1.85
1.76666666666667
2.15
1.95
1.88333333333333
1.76666666666667
1.86666666666667
1.78333333333333
1.83333333333333
1.76666666666667
1.83333333333333
3.31666666666667
3.38333333333333
1.96666666666667
6.85
4.35
1.91666666666667
1.83333333333333
1.81666666666667
3.8
1.81666666666667
1.83333333333333
1.81666666666667
1.85
1.85
1.78333333333333
2.03333333333333
1.96666666666667
2.86666666666667
6.48333333333333
1.85
1.83333333333333
1.83333333333333
1.8
1.98333333333333
2
2.1
3.61666666666667
2.23333333333333
2.8
2.33333333333333
2.1
7.16666666666667
2.51666666666667
3.96666666666667
2.11666666666667
2.01666666666667
