2.46666666666667
2.48333333333333
2.48333333333333
2.48333333333333
2.46666666666667
2.5
2.45
2.48333333333333
2.5
2.48333333333333
2.48333333333333
2.46666666666667
2.53333333333333
2.46666666666667
2.51666666666667
2.48333333333333
2.56666666666667
2.56666666666667
2.51666666666667
2.48333333333333
2.48333333333333
2.46666666666667
2.48333333333333
2.45
2.48333333333333
2.45
2.53333333333333
2.46666666666667
2.5
2.46666666666667
2.48333333333333
2.48333333333333
2.46666666666667
2.51666666666667
2.46666666666667
2.46666666666667
2.48333333333333
2.46666666666667
2.55
2.46666666666667
2.53333333333333
2.55
2.48333333333333
2.51666666666667
2.53333333333333
2.48333333333333
2.46666666666667
2.48333333333333
4.45
2.78333333333333
2.53333333333333
2.61666666666667
2.56666666666667
2.51666666666667
2.55
2.46666666666667
2.48333333333333
2.53333333333333
3.35
2.46666666666667
2.46666666666667
2.5
2.51666666666667
2.48333333333333
2.51666666666667
2.5
2.45
2.46666666666667
2.48333333333333
2.56666666666667
2.56666666666667
2.45
2.48333333333333
2.48333333333333
2.5
2.53333333333333
2.45
2.48333333333333
2.5
2.46666666666667
2.58333333333333
2.48333333333333
2.48333333333333
2.46666666666667
2.5
2.46666666666667
2.53333333333333
2.53333333333333
2.48333333333333
2.46666666666667
2.46666666666667
2.48333333333333
2.46666666666667
2.5
2.48333333333333
2.48333333333333
2.48333333333333
2.46666666666667
2.53333333333333
2.5
2.46666666666667
2.53333333333333
2.56666666666667
2.48333333333333
2.53333333333333
2.6
3.86666666666667
3.81666666666667
2.58333333333333
2.5
2.53333333333333
2.46666666666667
2.48333333333333
2.48333333333333
2.48333333333333
2.46666666666667
2.48333333333333
2.48333333333333
2.48333333333333
2.5
2.48333333333333
2.48333333333333
2.53333333333333
2.53333333333333
2.51666666666667
2.48333333333333
2.53333333333333
2.55
2.48333333333333
2.45
2.48333333333333
2.48333333333333
2.46666666666667
2.46666666666667
2.5
2.46666666666667
2.51666666666667
2.46666666666667
2.51666666666667
2.55
2.6
2.46666666666667
2.45
2.48333333333333
2.55
2.53333333333333
2.63333333333333
2.58333333333333
2.48333333333333
2.51666666666667
2.46666666666667
2.48333333333333
2.58333333333333
2.6
2.51666666666667
2.5
2.48333333333333
2.46666666666667
2.51666666666667
2.46666666666667
2.48333333333333
2.6
2.56666666666667
2.53333333333333
2.5
2.53333333333333
2.53333333333333
2.61666666666667
2.53333333333333
2.51666666666667
2.53333333333333
2.46666666666667
2.48333333333333
2.5
2.46666666666667
2.5
2.46666666666667
2.48333333333333
2.5
2.48333333333333
2.46666666666667
2.48333333333333
2.53333333333333
2.48333333333333
2.48333333333333
2.46666666666667
2.53333333333333
2.45
2.5
2.48333333333333
2.46666666666667
2.48333333333333
2.46666666666667
2.48333333333333
2.53333333333333
2.45
2.48333333333333
2.46666666666667
2.48333333333333
2.43333333333333
2.48333333333333
2.46666666666667
2.56666666666667
2.56666666666667
2.46666666666667
2.53333333333333
2.51666666666667
2.48333333333333
2.5
2.5
2.46666666666667
2.56666666666667
2.51666666666667
2.48333333333333
2.48333333333333
2.46666666666667
2.48333333333333
2.46666666666667
2.51666666666667
2.48333333333333
2.48333333333333
2.48333333333333
2.46666666666667
2.48333333333333
2.46666666666667
2.48333333333333
2.53333333333333
2.46666666666667
2.48333333333333
2.48333333333333
2.53333333333333
2.51666666666667
2.48333333333333
2.5
3.16666666666667
3.08333333333333
2.46666666666667
2.51666666666667
2.5
2.5
4.11666666666667
2.55
2.53333333333333
2.5
2.48333333333333
2.48333333333333
2.55
2.48333333333333
2.46666666666667
2.53333333333333
2.48333333333333
2.5
2.5
2.48333333333333
2.51666666666667
2.46666666666667
2.55
2.48333333333333
2.48333333333333
2.48333333333333
2.55
2.46666666666667
2.46666666666667
2.48333333333333
2.48333333333333
2.53333333333333
2.96666666666667
2.48333333333333
2.48333333333333
2.48333333333333
2.48333333333333
2.48333333333333
2.48333333333333
2.48333333333333
2.61666666666667
2.63333333333333
2.5
2.48333333333333
2.5
2.48333333333333
2.46666666666667
2.48333333333333
2.48333333333333
2.56666666666667
2.51666666666667
2.46666666666667
2.53333333333333
2.46666666666667
