5.61666666666667
4.56666666666667
6.38333333333333
9.13333333333333
10.6166666666667
9.01666666666667
9.61666666666667
6.48333333333333
24.6666666666667
8.26666666666667
3.55
4.88333333333333
7.26666666666667
8.51666666666667
6.43333333333333
5.93333333333333
5.03333333333333
7.53333333333333
9.11666666666667
6.43333333333333
6.91666666666667
5.16666666666667
5.83333333333333
9.03333333333333
8.96666666666667
7.86666666666667
7.03333333333333
5.45
6.75
9.63333333333333
8.51666666666667
6.91666666666667
5.86666666666667
4.28333333333333
4.51666666666667
8.16666666666667
9.88333333333333
7.06666666666667
6.18333333333333
6.35
7.15
8.6
9.26666666666667
8.15
6.8
5.78333333333333
6.28333333333333
8.71666666666667
9.3
8.38333333333333
5.63333333333333
6.6
7.21666666666667
7.83333333333333
8.83333333333333
7.86666666666667
5.96666666666667
6.18333333333333
8.75
8.45
9.4
7.6
6.43333333333333
6.88333333333333
6.33333333333333
8.66666666666667
8.93333333333333
5.9
6.45
7.96666666666667
8.4
6.76666666666667
7.8
6.95
6.96666666666667
7.81666666666667
7.03333333333333
7.41666666666667
7.55
5.76666666666667
7.13333333333333
7.78333333333333
6.9
7.98333333333333
7.98333333333333
8.35
6.46666666666667
6.55
8.13333333333333
9.11666666666667
8.61666666666667
7.58333333333333
6.2
8.11666666666667
6.63333333333333
9.28333333333333
7.98333333333333
6.1
5.85
6.03333333333333
5.3
7.01666666666667
6.78333333333333
5.2
5.86666666666667
5.73333333333333
5.71666666666667
7.26666666666667
7.11666666666667
5.55
5.9
5.93333333333333
5.21666666666667
6.83333333333333
7.51666666666667
4.51666666666667
5.68333333333333
5.91666666666667
4.93333333333333
7.2
7.35
4.63333333333333
5.8
6.1
5.06666666666667
6.96666666666667
7.66666666666667
4.5
5.85
6.5
5.1
7.08333333333333
7.23333333333333
4.51666666666667
5.7
6.28333333333333
5.08333333333333
7.13333333333333
7.58333333333333
4.61666666666667
6.05
6.01666666666667
5.25
6.63333333333333
7.65
5.06666666666667
5.98333333333333
5.86666666666667
4.76666666666667
6.71666666666667
7.58333333333333
5.81666666666667
6.31666666666667
5.85
4.48333333333333
6.18333333333333
7.66666666666667
5.65
5.91666666666667
6.25
4.48333333333333
6.95
7.88333333333333
5.13333333333333
6.1
5.71666666666667
4.6
6.66666666666667
7.76666666666667
5.48333333333333
6.15
5.83333333333333
4.38333333333333
6.58333333333333
7.6
5.81666666666667
6.23333333333333
5.25
4.36666666666667
6.3
7.2
6.9
6.15
6.96666666666667
5.13333333333333
5.71666666666667
8.3
9.16666666666667
9.53333333333333
8.66666666666667
6.06666666666667
5.38333333333333
7.7
9.88333333333333
8.35
7.81666666666667
7.56666666666667
6.61666666666667
9.78333333333333
8.61666666666667
9.1
6.85
6.96666666666667
6.4
9.05
8.33333333333333
8.58333333333333
6.81666666666667
7.1
6.68333333333333
8.55
8.26666666666667
7.91666666666667
10.7166666666667
7.63333333333333
6.18333333333333
8.18333333333333
7.98333333333333
7.3
6.41666666666667
8.05
7.93333333333333
6.78333333333333
7.8
7.1
7.58333333333333
8.83333333333333
7.76666666666667
5.81666666666667
6.46666666666667
8.73333333333333
7.41666666666667
8.06666666666667
8.68333333333333
9.15
7.6
7.48333333333333
5.33333333333333
5.68333333333333
7.16666666666667
7.46666666666667
7.56666666666667
10.6833333333333
5.45
6.53333333333333
5.4
6.58333333333333
6.13333333333333
7.81666666666667
6.56666666666667
6.48333333333333
6.23333333333333
6.78333333333333
5.71666666666667
6.68333333333333
6.41666666666667
5.55
4.53333333333333
5.63333333333333
7.9
6.55
5.4
6.01666666666667
7.21666666666667
5.18333333333333
7.15
7.86666666666667
6.43333333333333
7.21666666666667
8.21666666666667
6.41666666666667
7.31666666666667
8.9
8.55
6.5
7.85
6.5
7.73333333333333
8.25
8
6.46666666666667
5.83333333333333
5.28333333333333
7.16666666666667
8.45
5.85
5.53333333333333
7.41666666666667
