4.39166666666667
4.27083333333333
4.29791666666667
4.24583333333333
4.29583333333333
4.24583333333333
4.27708333333333
4.1625
4.25416666666667
4.14791666666667
4.24166666666667
4.14791666666667
4.24375
4.2
4.31041666666667
4.02083333333333
4.28958333333333
4.23958333333333
4.35208333333333
4.15416666666667
4.2875
4.275
4.2875
4.18541666666667
4.18541666666667
4.16458333333333
4.26458333333333
4.24791666666667
4.33541666666667
4.075
4.27916666666667
4.275
4.30833333333333
4.04375
4.24375
4.30416666666667
4.33541666666667
4.125
4.19375
4.21875
4.24166666666667
4.22291666666667
4.275
4.11041666666667
4.34166666666667
4.32708333333333
4.25208333333333
4.12916666666667
4.26666666666667
4.2625
4.33333333333333
4.20208333333333
4.275
4.19166666666667
4.28333333333333
4.13541666666667
4.16458333333333
4.20208333333333
4.29583333333333
4.17291666666667
4.20833333333333
4.15625
4.30208333333333
4.18333333333333
4.13541666666667
4.21041666666667
4.3
4.3125
4.4375
4.17083333333333
4.20208333333333
4.19166666666667
4.38333333333333
4.32291666666667
4.24583333333333
4.27708333333333
4.2375
4.225
4.07291666666667
4.10833333333333
4.26041666666667
4.34375
4.34375
4.1875
4.25833333333333
4.08541666666667
4.225
4.08333333333333
4.12083333333333
4.27083333333333
4.28541666666667
4.30208333333333
4.02916666666667
4.13125
4.30208333333333
4.21458333333333
4.06666666666667
4.1875
4.14791666666667
4.22708333333333
4.05208333333333
4.08125
4.18125
4.0625
4.22083333333333
4.11875
4.1125
4.25625
4.32291666666667
4.11458333333333
4.06458333333333
4.25833333333333
4.1875
4.225
4.11458333333333
4.17083333333333
4.15833333333333
4.13958333333333
4.15
4.02291666666667
4.09583333333333
4.18125
4.225
4.13541666666667
4.05
4.19166666666667
4.19791666666667
4.08541666666667
3.97708333333333
4.26666666666667
4.22916666666667
4.20833333333333
4.08541666666667
4.15625
4.21041666666667
4.16875
4.1125
4.1875
4.25625
4.29375
4.28958333333333
4.1875
4.14583333333333
4.18125
4.14583333333333
4.10833333333333
4.06875
4.23958333333333
4.37708333333333
4.26875
4.16875
4.11875
4.10625
4.14375
4.28541666666667
4.10625
4.10625
4.21458333333333
4.14166666666667
4.08125
4.02708333333333
4.22916666666667
4.21041666666667
4.11875
4.12083333333333
4.1875
4.21041666666667
4.22708333333333
4.12916666666667
4.11458333333333
4.2125
4.31875
4.27083333333333
4.11666666666667
4.15416666666667
4.175
4.11666666666667
4.10416666666667
4.11875
4.21666666666667
4.29791666666667
4.13333333333333
3.99791666666667
4.02083333333333
4.11041666666667
4.23541666666667
4.13333333333333
4.05416666666667
4.1125
4.20416666666667
4.24375
4.05833333333333
4.13541666666667
4.05625
4.25625
4.08333333333333
4.10833333333333
4.07291666666667
4.24791666666667
4.1125
4.06666666666667
4.08125
4.17916666666667
4.12916666666667
4.16458333333333
4.00625
4.20208333333333
4.12291666666667
4.26666666666667
4.05416666666667
4.21041666666667
4.12916666666667
4.18125
4.09375
4.15208333333333
4.05833333333333
4.28125
4.09375
4.1625
3.9875
4.21458333333333
4.16041666666667
4.1375
4.05208333333333
4.21041666666667
4.11875
4.19375
4.02083333333333
4.11458333333333
4.09375
4.29791666666667
4.10833333333333
4.05833333333333
4.03333333333333
4.30833333333333
4.1125
4.1375
4.06666666666667
4.30625
4.2375
4.22083333333333
4.04583333333333
4.17916666666667
4.2125
4.21666666666667
4.075
4.1
4.15208333333333
4.25
4.07083333333333
4.13958333333333
4.08125
4.26458333333333
4.15416666666667
4.1
4.11041666666667
4.21041666666667
4.275
4.2625
4.02083333333333
4.25625
4.1625
4.29166666666667
4.11666666666667
4.1625
4.12916666666667
4.35416666666667
4.06458333333333
4.13541666666667
4.02708333333333
4.3125
4.16875
4.14375
4.12083333333333
4.22291666666667
4.1625
4.09375
4.125
4.31041666666667
4.36041666666667
4.27708333333333
4.16666666666667
4.16041666666667
4.18958333333333
4.28333333333333
4.0625
4.23125
4.19166666666667
