3.53333333333333
3.83333333333333
3.4
3.96666666666667
4.13333333333333
4.36666666666667
3.66666666666667
4.33333333333333
3.36666666666667
4.13333333333333
4.1
3.46666666666667
3.76666666666667
4
3.33333333333333
4.16666666666667
3.83333333333333
3.93333333333333
3.63333333333333
3.83333333333333
3.46666666666667
3.8
3.86666666666667
3.3
3.6
3.93333333333333
3.5
3.83333333333333
3.86666666666667
3.9
3.76666666666667
3.8
3.1
3.7
4.06666666666667
3.3
3.5
3.73333333333333
3.3
3.66666666666667
3.93333333333333
4
3.56666666666667
3.93333333333333
3.53333333333333
3.83333333333333
3.8
3.3
3.6
3.93333333333333
3.26666666666667
3.83333333333333
3.96666666666667
3.9
3.73333333333333
4.1
3.33333333333333
3.96666666666667
3.76666666666667
3.33333333333333
3.8
4.03333333333333
3.43333333333333
4
4.3
4.4
3.96666666666667
4.33333333333333
3.76666666666667
4.06666666666667
4.03333333333333
3.76666666666667
3.7
3.86666666666667
3.7
4.2
4.66666666666667
5.96666666666667
3.86666666666667
3.93333333333333
3.7
3.96666666666667
3.93333333333333
3.36666666666667
3.66666666666667
3.96666666666667
3.5
4.06666666666667
4.13333333333333
4.06666666666667
3.5
3.96666666666667
3.33333333333333
3.8
3.86666666666667
3.6
4.16666666666667
4.66666666666667
3.63333333333333
3.9
3.93333333333333
4.03333333333333
3.73333333333333
4.06666666666667
3.26666666666667
3.73333333333333
3.76666666666667
3.23333333333333
3.56666666666667
3.83333333333333
3.26666666666667
3.96666666666667
4.13333333333333
3.9
3.53333333333333
3.86666666666667
3.3
3.7
4.4
6.56666666666667
3.5
3.76666666666667
3.23333333333333
3.76666666666667
3.96666666666667
5.23333333333333
4.13333333333333
3.7
3.23333333333333
3.66666666666667
3.96666666666667
3.36666666666667
3.5
3.86666666666667
3.33333333333333
3.63333333333333
3.9
3.9
3.63333333333333
4
3.23333333333333
3.66666666666667
3.8
3.23333333333333
3.8
3.8
5.26666666666667
3.83333333333333
3.83333333333333
4.4
3.7
4.1
3.86666666666667
4.06666666666667
4.03333333333333
3.16666666666667
3.56666666666667
3.9
3.16666666666667
3.76666666666667
6.4
5.8
3.53333333333333
3.8
3.16666666666667
3.76666666666667
3.93333333333333
3.4
3.5
3.93333333333333
3.3
3.93333333333333
3.96666666666667
4.13333333333333
3.76666666666667
3.96666666666667
3.36666666666667
3.96666666666667
3.9
3.4
3.73333333333333
3.86666666666667
3.26666666666667
4
3.9
4.1
3.8
4.26666666666667
3.76666666666667
3.93333333333333
4.03333333333333
3.5
3.7
4.16666666666667
3.53333333333333
4.33333333333333
4.03333333333333
3.9
3.76666666666667
4.06666666666667
3.53333333333333
4.06666666666667
4.03333333333333
3.53333333333333
4.3
4.13333333333333
3.4
4.23333333333333
4.43333333333333
4.33333333333333
3.83333333333333
4.13333333333333
3.66666666666667
4.2
4.16666666666667
3.63333333333333
3.96666666666667
4.16666666666667
3.73333333333333
4.26666666666667
4.43333333333333
4.36666666666667
4
4.33333333333333
3.73333333333333
4.3
4.36666666666667
3.76666666666667
4.06666666666667
4.5
3.53333333333333
4.26666666666667
4.46666666666667
4.26666666666667
3.93333333333333
4.43333333333333
3.86666666666667
4.1
4.36666666666667
3.8
3.8
4.3
3.46666666666667
4.13333333333333
4.1
4.13333333333333
3.9
4.4
3.5
3.93333333333333
5
5.63333333333333
8
4.9
4.1
4.1
4.43333333333333
4.13333333333333
3.73333333333333
4.03333333333333
3.63333333333333
4.03333333333333
4.03333333333333
3.46666666666667
3.8
4.23333333333333
3.63333333333333
3.96666666666667
4.1
4.16666666666667
3.73333333333333
3.93333333333333
3.2
4
3.9
3.46666666666667
3.63333333333333
3.93333333333333
3.3
4.13333333333333
3.9
3.96666666666667
3.56666666666667
3.83333333333333
3.43333333333333
4.03333333333333
3.9
3.5
