14.4666666666667
5.56666666666667
14.6
5.7
14.4666666666667
6.2
14.6333333333333
5.8
14.4666666666667
5.6
14.9
5.7
14.4666666666667
5.83333333333333
15.1666666666667
5.66666666666667
14.6666666666667
10.5666666666667
14.9
5.8
14.8333333333333
5.63333333333333
14.7666666666667
5.93333333333333
14.6
5.66666666666667
14.7666666666667
5.76666666666667
14.7
6.3
14.6666666666667
5.73333333333333
14.5333333333333
5.76666666666667
14.9666666666667
5.86666666666667
14.7
5.66666666666667
14.7
5.73333333333333
14.9333333333333
6.06666666666667
14.5333333333333
5.63333333333333
15.6
5.76666666666667
14.6666666666667
5.8
14.9666666666667
6.36666666666667
14.6666666666667
5.73333333333333
14.6
5.96666666666667
14.3
5.83333333333333
14.6333333333333
5.56666666666667
14.8
5.73333333333333
14.5
5.63333333333333
14.7666666666667
5.73333333333333
14.4666666666667
6.06666666666667
14.4
5.73333333333333
14.6666666666667
5.63333333333333
14.7333333333333
5.66666666666667
14.5333333333333
5.6
14.8
5.76666666666667
15.4666666666667
6.86666666666667
14.5666666666667
5.63333333333333
14.5333333333333
5.7
14.6666666666667
5.76666666666667
14.6333333333333
5.7
14.7333333333333
5.86666666666667
14.8
6.1
14.6
5.76666666666667
15.5333333333333
5.73333333333333
14.5666666666667
6
14.6666666666667
5.83333333333333
14.8333333333333
5.76666666666667
14.8
6.1
14.7666666666667
5.8
14.6
5.73333333333333
14.3333333333333
5.86666666666667
14.4
5.63333333333333
14.6333333333333
8.56666666666667
14.8333333333333
6.56666666666667
14.4333333333333
5.66666666666667
14.7333333333333
5.53333333333333
14.5
5.63333333333333
14.9333333333333
5.56666666666667
14.7333333333333
5.66666666666667
14.8333333333333
6.13333333333333
14.6333333333333
5.6
14.5333333333333
5.6
14.4666666666667
5.7
14.4333333333333
5.7
14.7333333333333
5.66666666666667
14.8666666666667
6.26666666666667
14.4666666666667
5.63333333333333
14.7333333333333
5.66666666666667
14.6
5.76666666666667
14.4
5.6
14.4333333333333
5.73333333333333
15.1333333333333
6.26666666666667
14.6
5.66666666666667
14.5666666666667
5.7
14.3333333333333
5.76666666666667
14.5333333333333
5.63333333333333
14.5
5.86666666666667
14.9
6.03333333333333
14.4
5.56666666666667
14.7
5.66666666666667
14.5333333333333
5.7
14.4666666666667
5.66666666666667
14.5666666666667
5.73333333333333
14.6666666666667
6.16666666666667
14.6
5.76666666666667
14.5
5.76666666666667
14.7
5.56666666666667
14.2666666666667
5.9
14.7333333333333
5.56666666666667
14.7
6.23333333333333
14.5333333333333
5.66666666666667
14.8333333333333
5.66666666666667
15.0333333333333
5.86666666666667
14.5333333333333
5.73333333333333
14.6333333333333
5.73333333333333
14.6333333333333
6.06666666666667
14.5333333333333
5.73333333333333
14.7
5.73333333333333
14.8
5.83333333333333
14.6666666666667
5.66666666666667
14.5666666666667
5.63333333333333
14.5666666666667
6.13333333333333
14.5666666666667
5.63333333333333
14.8666666666667
5.53333333333333
14.7
5.73333333333333
14.5333333333333
5.66666666666667
14.6
5.7
15
6.1
14.6
5.63333333333333
14.6666666666667
5.63333333333333
14.9
5.7
14.5666666666667
5.5
14.8333333333333
5.76666666666667
15.0333333333333
7.06666666666667
14.7666666666667
5.86666666666667
14.8
5.73333333333333
14.8333333333333
5.8
14.7333333333333
5.66666666666667
14.9
5.76666666666667
14.7
6.2
14.4333333333333
5.8
14.7666666666667
5.76666666666667
14.9
5.96666666666667
14.7
5.86666666666667
14.8666666666667
5.86666666666667
14.7
6.23333333333333
15.2333333333333
5.8
15.1333333333333
5.83333333333333
16.3333333333333
6.2
15.0333333333333
5.8
15.0666666666667
5.93333333333333
15.0666666666667
6.23333333333333
14.9
5.83333333333333
15.2
5.96666666666667
15.4666666666667
5.9
15
5.8
15.2666666666667
5.93333333333333
15.2666666666667
6.2
15.0333333333333
5.66666666666667
16.6
7.2
16.2666666666667
6.06666666666667
