1.43333333333333
1.3
1.26666666666667
1.26666666666667
1.28333333333333
1.3
1.3
1.3
1.3
1.3
1.3
1.25
10.4166666666667
1.36666666666667
1.3
2.45
9.38333333333333
1.31666666666667
1.31666666666667
1.33333333333333
1.4
1.26666666666667
1.28333333333333
1.3
1.5
10.3166666666667
1.3
1.36666666666667
1.25
1.3
1.39285714285714
1.33333333333333
1.3
1.3
1.3
1.25
1.43333333333333
1.28333333333333
1.3
1.3
1.3
1.31666666666667
1.3
1.33333333333333
1.25
1.26666666666667
1.3
1.28333333333333
1.5
1.3
1.3
1.28333333333333
1.26666666666667
1.26666666666667
1.25
1.35
1.3
1.3
1.28333333333333
1.28333333333333
1.45
1.28333333333333
1.3
1.3
1.3
1.3
1.3
1.31666666666667
1.3
1.25
1.26666666666667
1.3
1.45
1.3
1.3
1.3
1.28333333333333
1.28333333333333
1.26666666666667
1.33333333333333
1.30357142857143
1.28333333333333
1.3
1.28333333333333
1.46666666666667
1.28333333333333
1.35
1.3
1.3
1.3
1.28333333333333
1.33333333333333
1.33333333333333
1.28333333333333
1.3
1.3
1.46666666666667
1.30357142857143
1.3
1.3
1.2
1.1
1
1.06666666666667
1.05
1.05
1
1.05
1.2
1.05
1.25
1.1
1.2
1.1
1
1.06666666666667
1.05
1.05
1.03333333333333
1.05
1.2
1.05
1.05
1.08333333333333
1
1.11666666666667
1
1.05
1.05
1.05
1
1.05
1.2
1.05
1.13333333333333
1.05
1.1
1.1
1.05
1.06666666666667
1.15
1.05
1.05
1.05
1.23333333333333
1.05
1.1
1.05
1.08333333333333
1.1
1.35
1.25
1.1
1.11666666666667
1.05
1.05
1.2
1.05
1.1
1.05
1.05
1.1
1.13333333333333
1.08333333333333
1.08333333333333
1.05
1.11666666666667
1.05
1.21666666666667
1.05
1.1
1.05
1.05
1.06666666666667
1.05
1.08333333333333
1.05
1.05
1.05
1.05
1.25
1.05
1.05
1.1
1.05
1.06666666666667
1.05
1.1
1.06666666666667
1.05
1.05
1.05
1.25
1.05
1.08333333333333
1.05
1.05
1.25
1.05
1.1
1.1
1.06666666666667
1.05
1.1
1.25
1.05
1.1
1.05
1.1
1.18333333333333
1.13333333333333
1.1
1.11666666666667
1.06666666666667
1.05
1.05
1.25
1.05
1.1
1.05
1.05
1.1
1.05
1.06666666666667
1.15
1.05
1.05
1.16666666666667
1.33333333333333
1.05
1.1
1.05
1.05
1.1
1.05
1.06666666666667
1.1
1.05
1.05
1.05
1.25
1.05
1.11666666666667
1.05
1.05
1.1
1.08333333333333
1.08333333333333
1.1
1.08333333333333
1.05
1.05
1.25
1.05
1.11666666666667
1.06666666666667
2.21666666666667
9.18333333333333
1.05
1.1
1.23333333333333
1.35
1.05
1.05
1.25
1.05
1.1
1.05
1.03333333333333
1.08333333333333
1.05
10.4666666666667
1.15
1.05
1.08333333333333
1.25
1.55
1.3
1.3
1.3
1.3
1.31666666666667
1.28333333333333
1.31666666666667
6.75
2.45
1.3
1.3
