2.1
2
2.1
2
2.1
2
2.56666666666667
2
2.1
2
2.06666666666667
2
2.1
2.1
2.1
2.13333333333333
2.33333333333333
2.63333333333333
3.03333333333333
2.4
2.46666666666667
2
2.06666666666667
2.33333333333333
2.63333333333333
2
2
2
2.06666666666667
2
2.5
2
2
2
2.1
2
2.13333333333333
2
2.1
2
2.1
2
2.8
2
2.1
2
2
2
2.16666666666667
2.53333333333333
2
2
2.1
2
2.63333333333333
2
2.1
2
2.1
2
2.1
2
2.03333333333333
2
2.1
2
2.53333333333333
2
2.1
2
2.1
2
2.1
2
2.06666666666667
2
2.03333333333333
1.96666666666667
2.5
2
2.1
2
2.1
2
2.1
2
2.1
2
2.1
2
2.56666666666667
1.93333333333333
2
2
2.1
1.96666666666667
2.1
1.96666666666667
2.06666666666667
2
2.1
2
2.6
2
2.03333333333333
2
2.03333333333333
2
2.16666666666667
2
2.10714285714286
1.96428571428571
2.03571428571429
2
2.64285714285714
2
2.10714285714286
2
2.10714285714286
1.96428571428571
2.10714285714286
2
2
2.25
2.1
2.06666666666667
2.56666666666667
2.06666666666667
2.1
2.06666666666667
2.1
2.1
2.1
2.06666666666667
2.03333333333333
2.03333333333333
2.06666666666667
2.06666666666667
2.6
2.06666666666667
2.2
2
2.06666666666667
2.1
2.06666666666667
2.06666666666667
2.26666666666667
2.73333333333333
4
2.3
4.76666666666667
6.26666666666667
8.66666666666667
2.13333333333333
2.2
2.03333333333333
2.06666666666667
2.1
2.06666666666667
2.06666666666667
2
2.1
2.6
2.1
2.1
2.06666666666667
2.06666666666667
2
2.1
2.1
2.1
2.13333333333333
2.86666666666667
2.1
2.6
2.06666666666667
2.03333333333333
16.0333333333333
2.23333333333333
2.1
2.1
2.1
2.1
2.1
2.06666666666667
2.1
2.8
2.1
2.1
2.06666666666667
2.1
2.1
2.16666666666667
2.03333333333333
2.1
2.1
2.1
2.1
2.6
2.03333333333333
2.03333333333333
2.1
2.1
2.1
2.1
2.03333333333333
2.1
2.1
2.06666666666667
2.16666666666667
4.16666666666667
2.1
2.06666666666667
2.1
2.06666666666667
2.03333333333333
2.1
2.03333333333333
2.1
8.1
9.2
9.3
9.86666666666667
10.7
8.3
9.26666666666667
9.26666666666667
9.56666666666667
11.2666666666667
3.86666666666667
2.06666666666667
2.03333333333333
2.2
2.1
2.66666666666667
2.1
2.1
2.03333333333333
2.03333333333333
2.06666666666667
2.06666666666667
2.1
2.06666666666667
2.1
2.1
2.03333333333333
2.5
2.03333333333333
2.06666666666667
2.1
2.1
2.1
2.2
2.7
4.1
2.4
3.03333333333333
3.8
3.66666666666667
4.56666666666667
11.0666666666667
9.93333333333333
8.46666666666667
8.96666666666667
9.43333333333333
7.43333333333333
2.43333333333333
3.2
3.86666666666667
2.76666666666667
4.6
8.5
8.26666666666667
8.16666666666667
8.06666666666667
9.2
9.06666666666667
2.93333333333333
2.1
2.33333333333333
3.43333333333333
3.4
3.33333333333333
4.16666666666667
2.3
3.2
7.36666666666667
9.66666666666667
