2
2
1.93333333333333
2
2.06666666666667
2
2
2
1.96666666666667
2
2
2
1.96666666666667
1.96666666666667
1.93333333333333
2
2.03333333333333
1.96666666666667
2.1
1.8
1.8
1.73333333333333
1.76666666666667
1.8
1.63333333333333
1.76666666666667
2
1.96666666666667
2.06666666666667
2.03333333333333
2.2
2.13333333333333
2.13333333333333
2.36666666666667
2.43333333333333
2.2
2.06666666666667
2.4
2.46666666666667
2.5
2.56666666666667
2.53333333333333
2.23333333333333
2.4
2.5
2.5
2.5
2.5
2.5
2.5
2.46666666666667
2.5
2.56666666666667
2.5
2.5
2.5
2.43333333333333
2.5
2.46666666666667
2.46666666666667
2.5
2.46666666666667
2.5
2.46666666666667
2.46666666666667
2.53333333333333
2.43333333333333
2.36666666666667
2.46666666666667
2.4
2.3
2.43333333333333
2.43333333333333
2.3
2.36666666666667
2.26666666666667
2.36666666666667
2.3
2.43333333333333
2.46666666666667
2.5
2.3
2.3
2.4
2.23333333333333
2.43333333333333
2.5
2.46666666666667
2.56666666666667
2.53333333333333
2.46666666666667
2.5
2.46666666666667
2.46666666666667
2.43333333333333
2.3
2.36666666666667
2.46666666666667
2.3
2.26666666666667
2.5
2.26666666666667
2.4
2.4
2.4
2.3
2.26666666666667
2.3
2.5
2.46666666666667
2.4
2.5
2.53333333333333
2.53333333333333
2.5
2.46666666666667
2.5
2.5
2.46666666666667
2.43333333333333
2.46666666666667
2.5
2.46666666666667
2.46666666666667
2.56666666666667
2.53333333333333
2.46666666666667
2.5
2.5
2.43333333333333
2.46666666666667
2.5
2.43333333333333
2.36666666666667
2.43333333333333
2.46666666666667
3.33333333333333
1.66666666666667
2.06666666666667
2
2
1.96666666666667
1.96666666666667
1.76666666666667
1.73333333333333
1.53333333333333
1.63333333333333
1.7
1.9
2.03333333333333
1.96666666666667
2
1.93333333333333
1.9
1.6
1.5
1.6
1.7
1.66666666666667
1.5
1.63333333333333
1.6
1.76666666666667
1.9
1.86666666666667
1.86666666666667
1.76666666666667
1.83333333333333
1.9
1.56666666666667
1.63333333333333
1.5
1.66666666666667
1.56666666666667
1.5
1.7
2.06666666666667
2
1.96666666666667
2
2.1
1.66666666666667
1.93333333333333
1.5
1.56666666666667
1.53333333333333
1.5
1.46666666666667
1.5
1.5
1.46428571428571
1.36666666666667
1.42857142857143
1.36666666666667
1.5
1.46666666666667
1.46666666666667
1.46666666666667
1.36666666666667
1.36666666666667
1.3
1.4
1.43333333333333
1.43333333333333
1.23333333333333
1.23333333333333
1.2
1.13333333333333
1.46666666666667
1.5
1.43333333333333
1.4
1.46666666666667
1.46666666666667
1.5
1.5
1.46666666666667
1.5
1.5
1.33333333333333
1.4
1.33333333333333
1.2
1.5
1.5
1.46666666666667
1.5
1.5
1.5
1.46666666666667
1.5
1.46666666666667
1.6
1.5
1.43333333333333
1.46666666666667
1.43333333333333
1.43333333333333
1.4
1.5
1.5
1.4
1.5
1.36666666666667
1.53333333333333
1.5
1.46666666666667
1.43333333333333
1.46666666666667
1.46666666666667
1.46666666666667
1.46666666666667
1.46666666666667
1.46666666666667
1.5
1.46666666666667
1.53333333333333
1.46666666666667
1.5
1.46666666666667
1.5
1.5
1.46666666666667
1.5
1.46666666666667
1.5
1.5
1.46666666666667
1.56666666666667
1.5
1.5
1.46666666666667
1.5
1.5
1.46666666666667
1.26666666666667
1.1
1.03333333333333
1.46666666666667
1.26666666666667
1.13333333333333
1.03333333333333
1.1
1.16666666666667
1.33333333333333
1.33333333333333
1.43333333333333
1.46666666666667
