2.05
2.01666666666667
2.08333333333333
2.25
2.05
2.08333333333333
2.05
2.03333333333333
2.03333333333333
2.01666666666667
2.03333333333333
2.05
2.05
2.05
2.06666666666667
2.25
2.03333333333333
2.06666666666667
2.05
2.01666666666667
2.06666666666667
2.05
2.05
2.03333333333333
2.05
2.01666666666667
2.03333333333333
2.26666666666667
2.05
2.06666666666667
2.05
2.05
2.06666666666667
2.03333333333333
2.01666666666667
2.03333333333333
2.05
2.05
2.06666666666667
2.25
2.05
2.1
2.01666666666667
2.03333333333333
2.08333333333333
2.03333333333333
2.05
2.05
2.05
2.05
2.05
2.21666666666667
2.01666666666667
2.06666666666667
2.05
2.05
2.06666666666667
2.05
2.03333333333333
2.01666666666667
2.05
2.05
2.03333333333333
2.25
2.05
2.08333333333333
2.05
2.06666666666667
2.05
2.03333333333333
2.05
2.05
2.05
2.05
2.08333333333333
2.23333333333333
2.03333333333333
2.05
2.05
2.05
2.08333333333333
2.05
2.05
2.03333333333333
2.05
2.05
2.06666666666667
2.26666666666667
2.03333333333333
2.05
2.05
2.01666666666667
2.03333333333333
2.05
2.05
2.05
2.05
2.05
2.08333333333333
2.26666666666667
1.98333333333333
1.85
1.75
1.83333333333333
1.8
1.8
1.76666666666667
1.81666666666667
1.83333333333333
2.26666666666667
1.83333333333333
2.01666666666667
1.75
2.03333333333333
1.75
1.8
1.8
1.8
1.75
1.8
1.75
1.8
1.81666666666667
2.01666666666667
1.76666666666667
1.85
1.75
1.8
1.78333333333333
1.8
1.75
1.81666666666667
1.8
1.81666666666667
1.85
2.01666666666667
1.8
1.85
1.78333333333333
1.8
1.83333333333333
1.8
1.8
1.8
1.78333333333333
2.23333333333333
2.3
6.51666666666667
2.55
2.93333333333333
1.83333333333333
1.81666666666667
1.83333333333333
1.8
1.8
1.81666666666667
1.8
1.8
1.83333333333333
2
1.8
1.83333333333333
1.8
1.8
1.86666666666667
1.8
1.8
1.8
1.8
1.81666666666667
1.88333333333333
2.01666666666667
1.8
1.85
1.8
1.81666666666667
1.86666666666667
1.8
1.8
1.81666666666667
1.8
1.8
1.9
2.01666666666667
1.86666666666667
1.85
1.81666666666667
1.8
1.86666666666667
1.8
1.8
1.8
1.8
1.8
1.85
2.01666666666667
1.81666666666667
1.85
1.81666666666667
1.81666666666667
1.81666666666667
1.81666666666667
1.8
1.8
1.8
1.8
1.83333333333333
2.01666666666667
1.81666666666667
1.85
1.8
1.8
1.85
1.8
1.81666666666667
1.8
1.8
1.88333333333333
1.98333333333333
2.01666666666667
1.8
1.88333333333333
1.8
1.8
1.81666666666667
1.8
1.85
1.85
1.83333333333333
1.8
1.88333333333333
2.01666666666667
1.81666666666667
1.85
1.8
2.01666666666667
1.85
1.81666666666667
1.78333333333333
1.8
1.8
1.8
1.88333333333333
2.01666666666667
1.8
1.83333333333333
1.8
1.8
1.85
1.8
1.8
1.8
1.8
1.8
1.86666666666667
2.03333333333333
1.8
1.86666666666667
1.8
1.81666666666667
1.83333333333333
1.81666666666667
1.81666666666667
1.81666666666667
1.81666666666667
1.81666666666667
1.88333333333333
2.05
1.81666666666667
1.85
1.8
1.8
1.81666666666667
1.81666666666667
1.81666666666667
1.81666666666667
2
2.05
2.05
2.25
2.05
2.08333333333333
2.05
2.05
2.05
2.05
2
2.05
