2.16666666666667
2.06666666666667
2.1
2.1
2.06666666666667
2.2
2.06666666666667
2.03333333333333
2.16666666666667
2.06666666666667
2.1
2.3
2.16666666666667
2.1
2.06666666666667
2
2
2.1
2
2
2.06666666666667
1.96666666666667
2
2.2
2.1
2
2.1
1.96666666666667
2
2
2
2
2
1.96666666666667
2.03333333333333
2.3
2.1
2
2
2.03333333333333
2
2.06666666666667
2
1.96666666666667
2
2
2
2.2
2.13333333333333
2.03333333333333
2.1
2.03333333333333
1.96666666666667
2
1.96666666666667
2
2
2.03333333333333
2.06666666666667
2.36666666666667
2.06666666666667
1.96666666666667
1.96666666666667
2
2
2.06666666666667
1.96666666666667
2.06666666666667
2.06666666666667
2.03333333333333
2
2.23333333333333
2.13333333333333
2
2.03333333333333
2.03333333333333
2
2.43333333333333
2
2
2.03333333333333
2
2
2.2
2.13333333333333
1.96666666666667
2.06666666666667
2.03333333333333
2.03333333333333
2.13333333333333
2
2.03333333333333
2.03333333333333
2
2
2.23333333333333
2.33333333333333
2.16666666666667
2.1
2.1
1.9
1.6
1.6
1.5
1.6
1.5
1.6
1.83333333333333
5.46666666666667
1.6
1.5
1.6
1.5
1.7
1.5
1.6
1.5
1.6
1.5
1.8
1.6
1.6
1.5
1.6
1.5
1.7
1.9
1.6
1.5
1.6
1.5
1.8
1.6
1.6
1.6
1.6
1.56666666666667
1.7
1.6
1.6
1.7
1.6
1.6
1.76666666666667
1.7
1.6
1.6
1.6
2.96666666666667
3.2
1.56666666666667
2
1.8
1.6
1.6
1.8
1.7
1.6
1.6
1.6
1.6
1.6
1.6
1.6
1.63333333333333
1.6
1.56666666666667
1.86666666666667
1.73333333333333
1.56666666666667
1.6
1.6
1.6
1.63333333333333
1.6
1.6
1.6
1.6
1.6
1.8
1.73333333333333
1.6
1.6
1.6
1.6
1.7
1.6
1.6
1.6
1.6
1.6
1.86666666666667
1.73333333333333
1.6
1.6
1.56666666666667
1.6
1.7
1.6
1.6
1.56666666666667
1.6
1.6
2
1.73333333333333
1.6
1.6
1.6
1.6
1.7
1.6
1.6
1.6
1.6
1.6
1.9
1.6
1.6
1.6
1.6
1.6
1.7
1.6
1.6
1.6
1.6
1.6
1.86666666666667
1.73333333333333
1.6
1.6
1.6
1.6
1.7
1.6
1.6
1.6
1.6
1.6
1.93333333333333
1.6
1.6
1.6
1.6
1.7
1.7
1.6
1.6
1.6
1.6
1.6
1.9
1.7
1.56666666666667
1.6
1.6
1.6
1.63333333333333
1.6
1.6
1.56666666666667
1.6
1.6
1.9
1.6
1.6
1.6
1.6
1.6
1.6
1.6
1.5
1.5
1.53333333333333
1.53333333333333
1.9
1.9
1.93333333333333
1.93333333333333
1.9
1.93333333333333
1.9
1.86666666666667
1.8
1.9
1.86666666666667
1.76666666666667
2.2
