1.4
1.71428571428571
1.2
1.26666666666667
1.33333333333333
1.78571428571429
1.26666666666667
1.4
1.2
1.26666666666667
1.26666666666667
1.26666666666667
1.6
1.26666666666667
1.2
1.26666666666667
1.33333333333333
1.33333333333333
1.26666666666667
1.26666666666667
1.2
1.2
1.2
1.2
1.4
1.2
1.33333333333333
1.86666666666667
1.4
1.33333333333333
1.33333333333333
1.2
1.2
1.2
1.2
1.2
1.4
1.4
1.2
1.2
1.4
1.4
1.2
1.2
1.2
1.26666666666667
1.2
1.2
1.4
1.26666666666667
1.2
1.4
1.4
1.33333333333333
1.2
1.33333333333333
1.2
1.2
1.2
1.2
1.46666666666667
1.2
1.2
1.2
1.4
1.46666666666667
1.2
1.33333333333333
1.26666666666667
2.66666666666667
1.2
1.33333333333333
1.4
1.26666666666667
1.2
1.26666666666667
1.46666666666667
1.2
1.4
1.13333333333333
1.2
1.26666666666667
1.2
1.2
1.46666666666667
1.2
1.2
1.2
1.33333333333333
1.2
1.2
1.26666666666667
1.2
1.26666666666667
1.26666666666667
1.2
1.4
1.2
1.2
1.26666666666667
1.2
1.2
1.26666666666667
1.2
1.33333333333333
1.13333333333333
1.2
1.2
1.4
1.26666666666667
1.26666666666667
1.2
1.6
1.2
1.2
1.33333333333333
1.2
1.2
1.26666666666667
1.2
1.53333333333333
1.2
1.26666666666667
1.2
1.46666666666667
1.4
1.26666666666667
1.2
1.26666666666667
1.2
1.26666666666667
1.26666666666667
1.4
1.2
1.26666666666667
1.26666666666667
1.53333333333333
1.2
1.33333333333333
1.33333333333333
1.2
1.2
1.26666666666667
1.2
1.53333333333333
1.26666666666667
1.26666666666667
1.26666666666667
1.4
1.26666666666667
1.26666666666667
1.2
1.26666666666667
1.2
1.26666666666667
1.26666666666667
1.92857142857143
1.2
1.2
1.2
1.46666666666667
1.26666666666667
1.26666666666667
1.85714285714286
1.4
1.26666666666667
1.26666666666667
1.33333333333333
1.46666666666667
1.2
1.33333333333333
1.2
1.2
1.4
1.26666666666667
1.33333333333333
1.2
1.2
1.2
1.26666666666667
1.6
1.2
1.2
1.2
1.53333333333333
1.2
1.33333333333333
1.2
1.6
2.73333333333333
1.2
1.4
1.4
1.33333333333333
1.2
1.2
1.46666666666667
1.33333333333333
1.2
1.26666666666667
1.2
1.26666666666667
1.2
1.2
1.53333333333333
1.2
1.2
1.33333333333333
1.4
1.2
1.2
1.26666666666667
1.2
1.2
1.2
1.2
1.4
1.2
1.2
1.2
1.6
1.33333333333333
1.33333333333333
1.2
1.2
1.2
1.2
1.2
1.53333333333333
3.13333333333333
1.2
1.2
1.4
1.66666666666667
1.26666666666667
1.26666666666667
1.2
1.13333333333333
1.2
1.6
1.92857142857143
1.26666666666667
1.26666666666667
1.26666666666667
1.26666666666667
1.33333333333333
1.61538461538462
1.2
1.26666666666667
1.26666666666667
1.13333333333333
1.26666666666667
1.4
1.2
1.2
1.2
1.46666666666667
1.2
1.2
1.33333333333333
1.2
1.26666666666667
1.13333333333333
1.26666666666667
1.53333333333333
1.2
1.2
1.2
1.4
1.4
1.33333333333333
1.26666666666667
1.26666666666667
1.2
1.26666666666667
1.26666666666667
1.4
1.2
1.2
1.2
1.53333333333333
1.2
1.26666666666667
1.26666666666667
1.2
1.2
1.2
1.2
