2.58333333333333
2.26666666666667
2.81666666666667
2.95
2.08333333333333
1.88333333333333
2.05
2.06666666666667
1.9
1.93333333333333
1.91666666666667
1.96666666666667
2.23333333333333
2.08333333333333
2.81666666666667
2.1
1.95
1.95
2.43333333333333
2.06666666666667
2.06666666666667
3.35
1.9
1.91666666666667
2.2
3.03333333333333
2.26666666666667
1.95
1.9
2.16666666666667
2.01666666666667
1.91666666666667
2
2.11666666666667
1.86666666666667
2.23333333333333
2.23333333333333
1.96666666666667
1.98333333333333
2.25
1.88333333333333
1.91666666666667
1.98333333333333
1.9
2.01666666666667
2.11666666666667
2
1.91666666666667
2.71666666666667
1.93333333333333
2.45
2.03333333333333
2.16666666666667
1.9
1.96666666666667
2.05
1.93333333333333
1.96666666666667
2.01666666666667
2.11666666666667
2.18333333333333
2.56666666666667
2.33333333333333
3.08333333333333
2.33333333333333
2.1
2
1.91666666666667
1.96666666666667
1.96666666666667
1.93333333333333
2.1
2.5
1.9
1.95
2.46666666666667
1.91666666666667
1.91666666666667
4.08333333333333
1.9
1.9
1.96666666666667
1.91666666666667
1.88333333333333
2.26666666666667
2.06666666666667
3.08333333333333
3.13333333333333
1.93333333333333
1.91666666666667
2.01666666666667
2.21666666666667
1.9
2.58333333333333
1.91666666666667
1.98333333333333
2.33333333333333
2.03333333333333
2.9
1.96666666666667
3.43333333333333
2.28333333333333
2
2.26666666666667
2.21666666666667
2
4.91666666666667
3.08333333333333
4.7
3.76666666666667
3.05
4.26666666666667
4.85
3.56666666666667
6.05
4.03333333333333
3.06666666666667
2.48333333333333
2.85
1.86666666666667
3.43333333333333
3.75
3.73333333333333
2.95
4.33333333333333
6.26666666666667
4.71666666666667
6.55
6.76666666666667
7.76666666666667
4.23333333333333
2.25
4.33333333333333
4.35
2.66666666666667
2.73333333333333
3.55
2.26666666666667
3.38333333333333
2.73333333333333
2.7
1.9
2.8
3.76666666666667
3.03333333333333
3.18333333333333
3.26666666666667
3.23333333333333
3.13333333333333
8.98333333333333
5.8
3.96666666666667
3.93333333333333
2.86666666666667
4.7
5.85
2.76666666666667
4.68333333333333
5.23333333333333
2.48333333333333
2.08333333333333
2.53333333333333
2.3
2.31666666666667
2.75
2.6
2.01666666666667
3.33333333333333
5.25
2.78333333333333
1.88333333333333
2.81666666666667
1.98333333333333
4.31666666666667
6.33333333333333
5.2
6.13333333333333
6.13333333333333
2.15
3.38333333333333
2.9
4.91666666666667
3.83333333333333
2.75
4.01666666666667
2.68333333333333
2
2.91666666666667
3
1.98333333333333
2.13333333333333
2.08333333333333
2.38333333333333
4.08333333333333
2.18333333333333
2.3
4.75
2.78333333333333
2.56666666666667
3.55
2
2.15
1.9
4.06666666666667
3.45
2.85
1.96666666666667
2.8
3.15
2.73333333333333
2.68333333333333
3.2
3.6
2.2
2.23333333333333
1.96666666666667
2.81666666666667
3.3
2.05
4.03333333333333
3.03333333333333
2
2.05
2.7
2.11666666666667
2.21666666666667
2.23333333333333
3.96666666666667
3.05
2.86666666666667
2.15
2.06666666666667
3.1
3.11666666666667
2.98333333333333
2.41666666666667
2.3
4.38333333333333
2.33333333333333
2
2.71666666666667
2.76666666666667
2.01666666666667
2.11666666666667
2.61666666666667
2.15
2.28333333333333
2.05
3.46666666666667
3.51666666666667
1.93333333333333
2.11666666666667
2.4
2.85
1.9
2.76666666666667
2.23333333333333
5.13333333333333
6.63333333333333
3.93333333333333
2.56666666666667
2.68333333333333
3.96666666666667
2.16666666666667
13.6833333333333
10.1666666666667
4.46666666666667
4.33333333333333
8.35
5.13333333333333
4.98333333333333
2
2.83333333333333
1.95
2.11666666666667
4.26666666666667
4.42307692307692
2.21666666666667
3.35
2.08333333333333
1.95
2.1
2.06666666666667
2.25
2
2.2
1.91666666666667
1.98333333333333
