9.55
9.3
8.9
9
9.13333333333333
9.13333333333333
8.96666666666667
9.06666666666667
9.33333333333333
9.13333333333333
9.21666666666667
9.46666666666667
9.1
9.36666666666667
9.41666666666667
9.38333333333333
9.36666666666667
9.61666666666667
9.31666666666667
9.01666666666667
8.98333333333333
9.05
9.18333333333333
9.33333333333333
9.21666666666667
9.28333333333333
9.2
9.25
9.43333333333333
9.36666666666667
8.93333333333333
9.05
9.01666666666667
8.9
9.26666666666667
9.63333333333333
9.2
9.21666666666667
9.6
9.45
9.5
9.43333333333333
9.16666666666667
9.36666666666667
9.21666666666667
9.26666666666667
9.26666666666667
9.41666666666667
8.73333333333333
9.63333333333333
9.28333333333333
9.36666666666667
9.36666666666667
9.7
8.95
9.15
9.66666666666667
9.06666666666667
9.18333333333333
9.28333333333333
9.08333333333333
9.5
9.45
9.35
9.48333333333333
9.28333333333333
9.38333333333333
9.35
9.51666666666667
9.3
9.43333333333333
8.86666666666667
9.18333333333333
9.53333333333333
9.41666666666667
9.3
9.41666666666667
9.11666666666667
9.3
9.36666666666667
9.35
9.4
9.06666666666667
8.98333333333333
9.18333333333333
9.5
9.25
9.58333333333333
9.2
9.25
9.15
9.35
9.08333333333333
9.48333333333333
8.8
9.36666666666667
9.45
9.45
9.5
9.3
9.38333333333333
9.38333333333333
9.51666666666667
9.31666666666667
9.46666666666667
8.65
9.38333333333333
9.73333333333333
9.51666666666667
9.48333333333333
9.71666666666667
9.36666666666667
9.38333333333333
9.15
9.2
9.53333333333333
8.81666666666667
9.01666666666667
9.18333333333333
9.38333333333333
9.5
9.43333333333333
9.43333333333333
9.21666666666667
9.3
9.43333333333333
9.28333333333333
9.23333333333333
9.43333333333333
9.26666666666667
9.31666666666667
9.5
9.41666666666667
9.13333333333333
9.28333333333333
9.13333333333333
9.36666666666667
9.5
9.05
9.63333333333333
9.35
9.46666666666667
9.4
9.56666666666667
9.61666666666667
8.98333333333333
9.5
9.3
9.48333333333333
9.56666666666667
9.3
9.31666666666667
9.61666666666667
9.48333333333333
9.43333333333333
9.26666666666667
9.2
9.25
9.33333333333333
9.75
9.1
9.51666666666667
9.63333333333333
9.58333333333333
9.48333333333333
9.35
9.4
9.1
9.5
9.38333333333333
9.61666666666667
9.55
9.7
9.41666666666667
9.28333333333333
9.6
9.78333333333333
9.36666666666667
9.5
9.36666666666667
9.61666666666667
9.53333333333333
9.58333333333333
9.53333333333333
8.98333333333333
9.45
9.6
9.41666666666667
9.75
9.65
9.53333333333333
9.05
9.36666666666667
9.68333333333333
9.78333333333333
9.41666666666667
9.33333333333333
9.76666666666667
9.55
9.51666666666667
9.61666666666667
8.93333333333333
9.68333333333333
9.16666666666667
9.63333333333333
9.71666666666667
9.6
9.31666666666667
9.78333333333333
9.56666666666667
9.63333333333333
9.36666666666667
9.46666666666667
9.7
9.43333333333333
9.36666666666667
9.66666666666667
9.81666666666667
9.71666666666667
8.95
9.51666666666667
9.56666666666667
9.61666666666667
9.96666666666667
9.38333333333333
9.75
9.45
9.63333333333333
9.65
9.5
9.51666666666667
9.28333333333333
9.45
9.81666666666667
9.55
9.78333333333333
9.05
9.66666666666667
9.65
10.2166666666667
9.35
9.35
9.65
9.38333333333333
9.83333333333333
9.4
10
9.68333333333333
9.53333333333333
9.76666666666667
9.71666666666667
9.73333333333333
9.26666666666667
9.25
9.58333333333333
9.78333333333333
9.61666666666667
9.7
9.58333333333333
9.11666666666667
9.76666666666667
9.83333333333333
9.41666666666667
10.1166666666667
9.46666666666667
9.88333333333333
9.53333333333333
9.76666666666667
9.45
10.0166666666667
9.48333333333333
9.78333333333333
9.9
9.66666666666667
9.9
9.21666666666667
9.66666666666667
9.26666666666667
9.95
9.63333333333333
9.98333333333333
9.43333333333333
9.56666666666667
9.7
9.8
9.85
9.51666666666667
9.85
