2.53333333333333
2.4
2.53333333333333
2.4
2.4
2.4
2.4
2.4
2.4
2.6
2.33333333333333
2.4
2.33333333333333
2.4
2.46666666666667
2.4
2.4
2.46666666666667
2.46666666666667
2.33333333333333
2.4
2.6
2.46666666666667
2.4
2.33333333333333
2.4
2.33333333333333
2.4
2.4
2.4
2.4
2.33333333333333
2.6
2.6
2.4
2.4
2.4
2.4
3.06666666666667
3.93333333333333
2.4
2.4
2.4
2.6
2.4
2.73333333333333
2.53333333333333
2.33333333333333
2.4
2.4
2.4
2.4
2.33333333333333
2.33333333333333
2.33333333333333
2.46666666666667
2.53333333333333
2.66666666666667
2.4
2.33333333333333
2.33333333333333
2.33333333333333
2.4
2.46666666666667
2.33333333333333
2.33333333333333
2.4
2.26666666666667
2.26666666666667
2.46666666666667
2.33333333333333
2.33333333333333
2.33333333333333
2.33333333333333
2.33333333333333
2.33333333333333
2.4
2.33333333333333
2.33333333333333
2.26666666666667
2.26666666666667
2.53333333333333
2.26666666666667
2.33333333333333
2.4
2.53333333333333
2.33333333333333
2.26666666666667
2.33333333333333
2.33333333333333
2.26666666666667
2.4
2.4
2.66666666666667
2.33333333333333
2.33333333333333
2.26666666666667
2.53333333333333
2.4
2.33333333333333
2.6
2.46666666666667
2.33333333333333
2.26666666666667
2.33333333333333
2.6
2.46666666666667
2.46666666666667
2.33333333333333
2.33333333333333
2.46666666666667
2.4
2.46666666666667
2.46666666666667
2.4
2.33333333333333
2.4
2.53333333333333
2.46666666666667
2.4
2.4
2.4
2.33333333333333
2.4
2.46666666666667
2.66666666666667
2.4
2.46666666666667
2.53333333333333
2.66666666666667
2.46666666666667
2.53333333333333
2.53333333333333
2.4
2.46666666666667
2.46666666666667
2.4
2.4
2.4
2.46666666666667
2.4
2.66666666666667
2.6
2.46666666666667
2.4
2.33333333333333
2.46666666666667
2.4
2.4
2.46666666666667
2.4
2.46666666666667
2.33333333333333
2.6
2.4
2.4
2.4
2.4
2.33333333333333
2.33333333333333
2.33333333333333
2.4
2.33333333333333
2.33333333333333
2.33333333333333
2.53333333333333
2.26666666666667
2.33333333333333
2.4
2.33333333333333
2.33333333333333
2.33333333333333
2.6
2.26666666666667
2.33333333333333
2.4
2.33333333333333
2.6
2.33333333333333
2.33333333333333
2.26666666666667
2.4
2.53333333333333
2.33333333333333
2.4
2.4
2.26666666666667
2.33333333333333
2.4
2.53333333333333
2.26666666666667
2.33333333333333
2.33333333333333
2.33333333333333
2.2
2.4
2.4
2.26666666666667
2.26666666666667
2.33333333333333
2.26666666666667
2.4
2.33333333333333
2.33333333333333
2.26666666666667
2.26666666666667
2.33333333333333
2.26666666666667
2.33333333333333
2.33333333333333
2.4
2.4
2.33333333333333
2.6
2.46666666666667
2.4
2.4
4.4
2.6
2.33333333333333
2.46666666666667
2.4
2.26666666666667
2.4
2.4
2.66666666666667
2.33333333333333
2.46666666666667
2.33333333333333
2.33333333333333
2.4
2.4
2.4
2.4
2.4
2.4
2.33333333333333
2.66666666666667
2.46666666666667
2.4
2.4
2.4
2.4
2.4
2.4
2.4
2.4
2.4
2.4
2.6
2.4
2.4
2.53333333333333
2.4
2.4
2.46666666666667
2.33333333333333
2.33333333333333
2.4
2.4
2.46666666666667
2.6
2.4
2.33333333333333
2.33333333333333
2.4
2.6
6.33333333333333
3.6
3.6
3.53333333333333
3.53333333333333
3.53333333333333
3.8
3.6
3.6
3.6
3.53333333333333
3.6
3.53333333333333
3.6
3.6
3.6
3.6
3.53333333333333
3.73333333333333
3.6
3.53333333333333
