2.46666666666667
7.4
4.28333333333333
3.3
2.75
2.36666666666667
2.6
2.51666666666667
2.53333333333333
2.38333333333333
2.5
2.41666666666667
2.41666666666667
7.73333333333333
3.78333333333333
2.75
2.43333333333333
2.21666666666667
2.33333333333333
2.46666666666667
2.38333333333333
2.4
2.45
2.53333333333333
2.46666666666667
7.08333333333333
4.88333333333333
3.05
2.78333333333333
2.46666666666667
2.4
2.48333333333333
2.33333333333333
2.48333333333333
2.45
2.28333333333333
2.45
7.1
6.43333333333333
3.31666666666667
2.66666666666667
2.35
2.45
2.46666666666667
2.58333333333333
2.45
2.46666666666667
2.7
6.5
21.9833333333333
15.4833333333333
11.3833333333333
20.85
20.3666666666667
17.7
13.8333333333333
19.55
19.0833333333333
18.2
17.3166666666667
17.3
15.9
19.0833333333333
16.5666666666667
14.3333333333333
14.3666666666667
8.78333333333333
6.03333333333333
3.53333333333333
3.05
3.38333333333333
3.38333333333333
3.03333333333333
6.86666666666667
7.51666666666667
3.36666666666667
3.1
2.98333333333333
2.85
2.85
2.68333333333333
2.55
2.65
2.58333333333333
2.65
7.1
6.73333333333333
3.11666666666667
3.18333333333333
2.68333333333333
2.78333333333333
2.61666666666667
2.7
2.73333333333333
2.75
2.73333333333333
2.8
7.2
6.36666666666667
3.01666666666667
2.05
1.98333333333333
2.18333333333333
2.1
2.13333333333333
2.08333333333333
2.13333333333333
2.05
2.68333333333333
7.43333333333333
7.01666666666667
3.61666666666667
2.75
2.66666666666667
2.98333333333333
4.55
6.18333333333333
6.25
6.11666666666667
7.03333333333333
6.51666666666667
11.7833333333333
10.2166666666667
6.28333333333333
6.4
6.23333333333333
7.45
6.9
6.81666666666667
7.16666666666667
7.4
7.75
7.86666666666667
12.0166666666667
8.91666666666667
6.78333333333333
6.71666666666667
6.83333333333333
7.3
7.75
7.5
7.81666666666667
8.26666666666667
8.13333333333333
7.86666666666667
12.5666666666667
9.53333333333333
7
7.35
7.21666666666667
7.48333333333333
8.16666666666667
8.18333333333333
8.11666666666667
8.13333333333333
8.16666666666667
8.51666666666667
12.8833333333333
14.75
7.36666666666667
7.21666666666667
7
7.51666666666667
7.66666666666667
7.06666666666667
6.91666666666667
7.03333333333333
7.05
6.41666666666667
10.65
7.28333333333333
5.81666666666667
5.9
6.21666666666667
6.56666666666667
6.9
7.16666666666667
7.38333333333333
7.06666666666667
7.06666666666667
6.96666666666667
10.8333333333333
8.65
6.61666666666667
6.35
6.15
6.38333333333333
6.61666666666667
6.46666666666667
6.83333333333333
7.01666666666667
6.78333333333333
7.68333333333333
23.6833333333333
30.65
9.7
6.28333333333333
6.35
7.5
7.9
8.51666666666667
7.68333333333333
8.13333333333333
7.68333333333333
7.65
12.7666666666667
10.2833333333333
7.45
7.53333333333333
6.26666666666667
6.41666666666667
6.13333333333333
5.86666666666667
5.93333333333333
5.88333333333333
5.98333333333333
5.71666666666667
11.2
8.61666666666667
5.53333333333333
5.43333333333333
5.53333333333333
5.33333333333333
5.68333333333333
5.85
6
6.16666666666667
6.26666666666667
5.93333333333333
10.7666666666667
9.05
6.06666666666667
5.6
5.81666666666667
5.45
5.88333333333333
5.75
5.73333333333333
5.3
5.58333333333333
5.45
10.2333333333333
8.23333333333333
5.41666666666667
5.51666666666667
5.71666666666667
5.11666666666667
5.55
5.3
5.36666666666667
5.03333333333333
4.96666666666667
5.1
10.0333333333333
7.71666666666667
5.11666666666667
4.91666666666667
5.25
5.38333333333333
5.68333333333333
5.8
6.21666666666667
5.83333333333333
5.78333333333333
5.8
11.3
7.91666666666667
5.61666666666667
5.48333333333333
5.6
5.46666666666667
5.43333333333333
5.26666666666667
4.85
4.9
4.95
4.95
9.98333333333333
7.41666666666667
5.21666666666667
5.76666666666667
5.15
6.03333333333333
6.63333333333333
6.43333333333333
6.18333333333333
6.08333333333333
5.95
