2.03333333333333
2.13333333333333
2.33333333333333
2.03333333333333
2.2
2.46666666666667
2.5
2.5
2.63333333333333
1.93333333333333
2.23333333333333
2.23333333333333
1.96666666666667
2.1
1.93333333333333
2
2.36666666666667
1.93333333333333
1.93333333333333
2.16666666666667
2.13333333333333
2
2.03333333333333
1.96666666666667
1.9
2.1
1.86666666666667
2.1
1.96666666666667
1.93333333333333
1.9
2.1
1.96666666666667
2.1
2.03333333333333
2.13333333333333
2.26666666666667
2.06666666666667
1.96666666666667
2
1.96666666666667
2
2
2.06666666666667
1.96666666666667
1.93333333333333
1.96666666666667
3.1
2.2
2.1
1.93333333333333
2.1
2.5
2.06666666666667
2.1
2.03333333333333
1.96666666666667
2
2.6
2.06666666666667
1.93333333333333
2
2.43333333333333
2.33333333333333
2.03333333333333
2.03333333333333
3.03333333333333
2.03333333333333
2
1.96666666666667
1.96666666666667
1.96666666666667
1.93333333333333
2.13333333333333
2
2.03333333333333
2.06666666666667
1.96666666666667
1.93333333333333
2.03333333333333
2.1
2.03333333333333
2.03333333333333
2.06666666666667
1.96666666666667
2.03333333333333
1.96666666666667
2.1
2.1
1.96666666666667
1.9
2.1
1.93333333333333
1.93333333333333
2.06666666666667
2.1
1.8
2.06666666666667
1.96666666666667
2.06666666666667
2.1
1.96666666666667
1.9
1.96666666666667
1.93333333333333
1.93333333333333
2.23333333333333
2.1
1.93333333333333
2.03333333333333
1.96666666666667
2.06666666666667
2.46666666666667
8.8
1.96666666666667
1.9
1.96666666666667
2
2.06666666666667
1.96666666666667
1.93333333333333
2.03333333333333
1.93333333333333
2
2.13333333333333
2.13333333333333
2.56666666666667
2.06666666666667
1.93333333333333
2
2.06666666666667
1.96666666666667
2
2
1.83333333333333
2.1
1.96666666666667
1.96666666666667
1.96666666666667
3.4
4.16666666666667
1.93333333333333
2.03333333333333
2
2
2.06666666666667
2
2.03333333333333
2
1.96666666666667
2
1.96666666666667
1.96666666666667
1.9
1.96666666666667
2
1.96666666666667
2.03333333333333
1.96666666666667
2.1
1.93333333333333
1.93333333333333
2
2.03333333333333
2.03333333333333
2
1.93333333333333
2.03333333333333
1.93333333333333
2
2.03333333333333
2.03333333333333
1.96666666666667
2.06666666666667
1.9
2.03333333333333
2.03333333333333
1.93333333333333
2.06666666666667
2
1.93333333333333
2.1
2
2.03333333333333
1.96666666666667
2.03333333333333
2
2.13333333333333
2.56666666666667
2.1
2.2
2.16666666666667
2.26666666666667
2.16666666666667
1.96666666666667
2.1
2.2
1.96666666666667
1.9
2.06666666666667
1.96666666666667
1.93333333333333
2.06666666666667
2.1
1.96666666666667
2.06666666666667
1.96666666666667
2.23333333333333
2.1
2
1.93333333333333
2
2.06666666666667
2.03333333333333
2.16666666666667
2.06666666666667
1.96666666666667
2.03333333333333
2.6
3.4
2.7
2.1
2.2
2
2.26666666666667
2.5
2.46666666666667
2.3
2.73333333333333
2.56666666666667
2.7
2.4
2.1
2.23333333333333
2.33333333333333
2.86666666666667
2.63333333333333
2.16666666666667
2.23333333333333
2.46666666666667
2.4
2.43333333333333
2.3
2.2
2.3
2.8
2.23333333333333
2.1
2.73333333333333
3.26666666666667
3.1
2.53333333333333
2.13333333333333
2.2
2.26666666666667
2.16666666666667
2.13333333333333
2.16666666666667
2.9
2.56666666666667
2.26666666666667
1.86666666666667
2.26666666666667
2.5
1.96666666666667
2.46666666666667
3
2.3
2.5
3.3
1.93333333333333
2.33333333333333
2.2
2
2.46666666666667
2.33333333333333
2.76666666666667
2.6
2.86666666666667
2.93333333333333
2.36666666666667
2.2
2
2.1
2.03333333333333
2.33333333333333
2.4
2.1
