2
2
1.96666666666667
2
1.96666666666667
2.03333333333333
2.26666666666667
2.03333333333333
2
2
2
2
2
2
1.96666666666667
2
2
1.93333333333333
2
2
2
2
2
2
2
2
2.16666666666667
2
2
2
2
2
2
2
2
2
2
2
2
2
2.06666666666667
2
2
2
2
2
2
2
2
2
2
2
2
1.9
1.9
1.5
1.53333333333333
1.8
1.83333333333333
1.5
1.5
1.5
1.5
1.7
1.6
2
2
2
2
1.96666666666667
1.93333333333333
2
2
2
2
2
2
2
1.9
2
2.03333333333333
2.03333333333333
2.03333333333333
2.03333333333333
2
2
2
2
2
1.9
1.8
1.93333333333333
1.96666666666667
2
2
2
2
2
2.03333333333333
2.03333333333333
2
1.86666666666667
1.9
2
1.96666666666667
2
2
2
2
2
2
2
2
1.9
1.76666666666667
2
2
1.96666666666667
2
2
2
2.06666666666667
2
2
2
1.8
1.73333333333333
2
2
2
1.96666666666667
2
2.03333333333333
2.03333333333333
2
2
2
2
2
2
2
1.96666666666667
2
2
2
2
2
2
2
2.2
2.46666666666667
2.53333333333333
2
1.7
2
1.93333333333333
2
2
2
2
1.96666666666667
1.9
2
2
2
1.83333333333333
2
2
2.03333333333333
2.06666666666667
1.96666666666667
1.93333333333333
1.96666666666667
1.93333333333333
2
1.93333333333333
2
1.73333333333333
1.96666666666667
2
2
1.93333333333333
2
1.93333333333333
1.93333333333333
2
1.96666666666667
1.96666666666667
1.93333333333333
1.83333333333333
2
2
2
2
1.96666666666667
1.96666666666667
2
1.96666666666667
2
2
2.06666666666667
1.93333333333333
1.93333333333333
1.96666666666667
2
2
1.83333333333333
2
2
2.06666666666667
2
2
2
2
2
2
2
2
2
1.96666666666667
1.93333333333333
2
1.83333333333333
2
2
6.6
1.9
2.13333333333333
2
1.86666666666667
2
1.9
1.8
2.3
2
2
2
1.96666666666667
1.86666666666667
2
2
2.03333333333333
2.03333333333333
2
1.9
2
1.96666666666667
1.86666666666667
1.73333333333333
1.76666666666667
1.9
2
2
1.83333333333333
1.96666666666667
2
1.93333333333333
2
2.23333333333333
1.83333333333333
1.96666666666667
1.9
1.86666666666667
1.93333333333333
1.96666666666667
2
1.9
1.73333333333333
2
2
2
1.9
2
2
2.03333333333333
2.06666666666667
1.86666666666667
2
2
2
2
2
1.9
2
2
2.03333333333333
2
2
