5.33333333333333
5.4
5.36666666666667
4.93333333333333
5.5
5.53333333333333
5.1
5.3
5.4
5.5
5.33333333333333
5.5
5.4
5.5
5.56666666666667
5.5
5.4
5.4
5.2
5.63333333333333
5.43333333333333
4.93333333333333
5.46666666666667
5.4
5.4
5.1
5.1
5.5
5.3
5.4
5.46666666666667
5.7
5.4
5.56666666666667
5.4
5.4
5.33333333333333
5.03333333333333
5.3
5.5
4.93333333333333
5.26666666666667
5.43333333333333
5.7
5.2
5.13333333333333
5.4
5.4
5.5
5.4
5.3
5.5
5.4
5.53333333333333
5.3
5.43333333333333
4.9
5.56666666666667
5.43333333333333
5.3
5.16666666666667
5.56666666666667
5.2
4.93333333333333
5.43333333333333
5.7
5.4
5.5
5.5
5.5
5.4
5.5
5.5
5.5
5.43333333333333
5.06666666666667
5.3
5.5
5.13333333333333
5.53333333333333
5.5
5.43333333333333
5.13333333333333
5.5
5.53333333333333
5.53333333333333
5.53333333333333
5.6
5.3
5.56666666666667
5.46666666666667
5.6
5.36666666666667
5.13333333333333
5.43333333333333
5.5
5.46666666666667
5.13333333333333
5.13333333333333
5.43333333333333
5.23333333333333
5.06666666666667
5.5
5.5
5.3
5.73333333333333
5.5
5.4
5.46666666666667
5.53333333333333
5.5
5.56666666666667
4.9
5.5
5.4
5.13333333333333
5.16666666666667
5.5
5.36666666666667
5.33333333333333
4.86666666666667
5.63333333333333
5.4
5.5
5.5
5.53333333333333
5.5
5.4
5.5
5.6
5.5
5
5.43333333333333
5.76666666666667
5.16666666666667
5.33333333333333
5.36666666666667
5.53333333333333
5.43333333333333
4.9
5.5
5.66666666666667
5.3
5.56666666666667
5.33333333333333
5.6
5.36666666666667
5.4
5.5
5.53333333333333
4.86666666666667
5.6
5.46666666666667
5.16666666666667
5.1
5.5
5.5
5
5.33333333333333
5.6
5.3
5.46666666666667
5.5
5.5
5.5
5.5
5.3
5.4
5.4
5.03333333333333
5.2
5.56666666666667
5.2
5.16666666666667
5.4
5.46666666666667
4.9
5.36666666666667
5.46666666666667
5.56666666666667
5.83333333333333
5.4
5.5
5.4
5.3
5.5
5.43333333333333
5.16666666666667
5.3
5.53333333333333
5.4
5.4
5.03333333333333
5.66666666666667
5.5
5
5.5
5.6
5.5
5.56666666666667
5.3
5.6
5.7
5.6
5.36666666666667
5.6
5.06666666666667
5.4
5.46666666666667
5.53333333333333
5.06666666666667
5.5
5.4
5.43333333333333
5.06666666666667
5.23333333333333
5.46666666666667
5.5
5.4
5.5
5.5
5.5
5.23333333333333
5.4
5.6
5.26666666666667
5.03333333333333
5.46666666666667
5.36666666666667
5.03333333333333
5.4
5.5
5.33333333333333
5.26666666666667
5.3
5.6
5.46666666666667
5.5
5.6
5.6
5.46666666666667
5.6
5.4
5.6
5.36666666666667
5.1
5.4
5.36666666666667
4.86666666666667
5.46666666666667
5.4
5.2
5.33333333333333
5.6
5.3
5.56666666666667
5.5
5.6
5.4
5.56666666666667
5.4
5.7
5.5
5.33333333333333
5.2
5.66666666666667
5.36666666666667
5
5.4
5.4
5
5.1
5.4
5.5
5.46666666666667
5.5
5.5
5.7
5.4
5.4
5.4
5.3
5.1
5.53333333333333
5.3
5.46666666666667
4.93333333333333
5.43333333333333
