5.26666666666667
4.7
4.93333333333333
4.56666666666667
4.93333333333333
4.93333333333333
4.43333333333333
4.13333333333333
4.46666666666667
4.3
5.03333333333333
4.5
4.73333333333333
4.93333333333333
4.96666666666667
4.6
4.43333333333333
6.23333333333333
4.46666666666667
4.46666666666667
4.96666666666667
4.4
4.6
4.8
4.96666666666667
4.53333333333333
4.4
4.46666666666667
4.86666666666667
4.56666666666667
4.66666666666667
4.4
4.96666666666667
4.46666666666667
4.53333333333333
4.76666666666667
4.6
4.46666666666667
4.63333333333333
4.66666666666667
5.06666666666667
5.23333333333333
4.8
4.53333333333333
4.76666666666667
4.96666666666667
4.9
4.23333333333333
4.9
2.66666666666667
3.06666666666667
3.36666666666667
3.86666666666667
3.63333333333333
4.03333333333333
3.96666666666667
4.53333333333333
4.33333333333333
4.43333333333333
4.5
4.63333333333333
4.56666666666667
4.66666666666667
4.33333333333333
5
4.6
4.6
4.33333333333333
4.2
4.8
4.5
4.66666666666667
4.76666666666667
5.16666666666667
5.03333333333333
4.8
4.83333333333333
4.53333333333333
4.53333333333333
4.83333333333333
4.33333333333333
4.76666666666667
4.8
4.53333333333333
5
4.13333333333333
4.53333333333333
4.76666666666667
4.86666666666667
5.06666666666667
4.5
4.66666666666667
4.46666666666667
4.9
4.56666666666667
4.46666666666667
4.9
4.8
5.16666666666667
4.63333333333333
4.56666666666667
4.63333333333333
4.63333333333333
4.66666666666667
4.96666666666667
5.1
4.73333333333333
5.03333333333333
5.46666666666667
5.06666666666667
4.83333333333333
4.86666666666667
5.06666666666667
4.86666666666667
4.33333333333333
4.33333333333333
5.03333333333333
4.86666666666667
4.8
4.76666666666667
4.93333333333333
4.96666666666667
4.9
4.4
4.73333333333333
4.3
4.46666666666667
4.46666666666667
4.63333333333333
5
4.96666666666667
4.73333333333333
5.4
4.53333333333333
4.9
5.2
5.23333333333333
5.3
6.03333333333333
4.3
4.6
4.93333333333333
5.06666666666667
4.96666666666667
4.86666666666667
4.46666666666667
4.56666666666667
4.7
5.56666666666667
5.3
5.16666666666667
4.66666666666667
4.43333333333333
5
5.56666666666667
4.83333333333333
5.83333333333333
4.3
3.4
3.4
3.7
4.16666666666667
4.16666666666667
3.83333333333333
4.4
4.26666666666667
4.73333333333333
5.16666666666667
5.53333333333333
4.53333333333333
5.43333333333333
4.5
4.53333333333333
4.8
5.1
12.2333333333333
5.16666666666667
4.76666666666667
5.13333333333333
5.23333333333333
5.2
4.9
4.76666666666667
6.4
5.13333333333333
5.2
5.2
5
5.16666666666667
5.1
5.23333333333333
5.3
5.46666666666667
6.36666666666667
5.66666666666667
2.93333333333333
3.36666666666667
3.53333333333333
3.4
3.6
3.63333333333333
3.33333333333333
4.03333333333333
4.03333333333333
4.36666666666667
3.76666666666667
3.76666666666667
4
4.23333333333333
4.8
4.43333333333333
4.3
3.3
3.26666666666667
3.1
3.1
3.46666666666667
3.36666666666667
3.16666666666667
3.33333333333333
3.56666666666667
3.2
3.06666666666667
3.6
3.76666666666667
3.53333333333333
3.7
3.86666666666667
3.7
3.73333333333333
3.76666666666667
3.76666666666667
3.9
4.03333333333333
3.9
3.8
3.46666666666667
3.63333333333333
2.96666666666667
3.1
3.46666666666667
3.06666666666667
3.16666666666667
3.3
3.43333333333333
3.46666666666667
3.63333333333333
3.6
3.66666666666667
3.83333333333333
3.76666666666667
4.1
4.06666666666667
4.06666666666667
3.9
3.8
4.23333333333333
4.2
4.3
4.46666666666667
4.03333333333333
4.16666666666667
4.16666666666667
4.43333333333333
4.76666666666667
4.5
4.36666666666667
3.93333333333333
4.66666666666667
4.53333333333333
3.9
4.33333333333333
4.4
4.16666666666667
4.5
4.96666666666667
5.23333333333333
4.86666666666667
4.53333333333333
4.4
5
4.76666666666667
4.8
4.4
4.66666666666667
4.9
5
5.23333333333333
