1.55
1.5
1.53333333333333
1.5
1.55
1.5
1.55
1.5
1.53333333333333
1.51666666666667
1.51666666666667
1.75
1.55
1.5
1.55
1.5
1.55
1.5
1.55
1.5
1.55
1.5
1.53333333333333
1.8
1.55
1.5
1.51666666666667
1.5
1.51666666666667
1.5
1.51666666666667
1.5
1.53333333333333
1.5
1.53333333333333
1.85
1.55
1.5
1.5
1.5
1.53333333333333
1.5
1.5
1.5
1.5
1.5
1.53333333333333
1.75
1.55
1.5
1.53333333333333
1.5
1.88333333333333
1.5
1.5
1.5
1.51666666666667
1.5
1.51666666666667
1.75
1.55
1.5
1.51666666666667
1.5
1.51666666666667
1.5
1.53333333333333
1.5
1.53333333333333
1.5
1.5
1.75
1.55
1.5
1.5
1.48333333333333
1.55
1.5
1.55
1.5
1.51666666666667
1.5
1.55
1.75
1.55
1.5
1.53333333333333
1.5
1.53333333333333
1.5
1.51666666666667
1.5
1.51666666666667
1.53333333333333
1.5
1.75
1.53333333333333
1.5
1.5
1.5
1.5
1.5
1.5
1.5
1.53333333333333
1.5
1.51666666666667
1.75
1.56666666666667
1.5
1.51666666666667
1.5
1.51666666666667
1.5
1.5
1.5
1.53333333333333
1.5
1.5
1.75
1.53333333333333
1.5
1.51666666666667
1.53333333333333
1.5
1.5
1.5
1.53333333333333
1.5
1.51666666666667
1.51666666666667
1.78333333333333
1.55
1.51666666666667
1.51666666666667
1.5
1.51666666666667
1.53333333333333
1.53333333333333
1.5
1.55
1.55
1.51666666666667
1.83333333333333
1.51666666666667
1.55
1.5
1.53333333333333
2.93333333333333
1.53333333333333
1.51666666666667
1.5
1.53333333333333
1.51666666666667
1.55
1.8
1.53333333333333
1.51666666666667
1.5
1.5
1.5
1.5
1.5
1.53333333333333
1.55
1.55
1.5
1.76666666666667
1.56666666666667
1.53333333333333
1.51666666666667
1.53333333333333
1.81666666666667
1.5
1.51666666666667
3.96666666666667
1.55
1.5
1.53333333333333
1.8
1.7
1.53333333333333
1.51666666666667
1.5
1.55
1.51666666666667
1.5
1.51666666666667
1.55
1.53333333333333
1.5
1.76666666666667
1.51666666666667
1.5
1.51666666666667
1.5
1.51666666666667
1.51666666666667
1.5
1.5
1.53333333333333
1.55
1.53333333333333
1.76666666666667
1.56666666666667
1.5
1.51666666666667
1.5
1.53333333333333
1.55
1.55
1.5
1.55
1.53333333333333
1.5
1.75
1.53333333333333
1.51666666666667
1.51666666666667
1.51666666666667
1.5
1.5
1.5
1.51666666666667
1.53333333333333
1.55
1.53333333333333
1.75
1.51666666666667
1.53333333333333
1.51666666666667
1.51666666666667
1.53333333333333
1.53333333333333
1.55
1.53333333333333
1.5
1.53333333333333
1.51666666666667
1.78333333333333
1.56666666666667
1.53333333333333
1.51666666666667
1.5
1.5
1.53333333333333
1.53333333333333
1.51666666666667
1.55
1.55
1.5
1.76666666666667
1.5
1.5
2.95
1.53333333333333
1.66666666666667
2.7
1.53333333333333
2.93333333333333
1.51666666666667
1.5
1.51666666666667
1.85
1.58333333333333
1.51666666666667
1.51666666666667
1.8
2.65
1.55
2.9
1.5
1.5
1.5
1.56666666666667
1.78333333333333
1.51666666666667
1.53333333333333
1.5
1.51666666666667
2.08333333333333
2.31666666666667
1.51666666666667
2.91666666666667
1.53333333333333
1.98333333333333
2.35
1.78333333333333
