1.58333333333333
1.56666666666667
2.11666666666667
1.58333333333333
1.58333333333333
2.11666666666667
1.65
1.61666666666667
1.91666666666667
1.83333333333333
1.65
1.58333333333333
1.93333333333333
1.55
1.78333333333333
1.86666666666667
1.65
1.76666666666667
1.9
1.66666666666667
1.61666666666667
1.6
1.96666666666667
1.6
1.56666666666667
1.93333333333333
1.76666666666667
1.58333333333333
1.83333333333333
1.85
1.55
1.55
1.9
1.58333333333333
1.55
1.93333333333333
1.55
1.53333333333333
1.86666666666667
1.75
1.63333333333333
1.73333333333333
1.93333333333333
1.6
1.63333333333333
1.86666666666667
1.58333333333333
1.66666666666667
1.76666666666667
1.66666666666667
1.76666666666667
1.55
1.93333333333333
1.78333333333333
1.55
1.9
1.58333333333333
1.6
1.78333333333333
1.7
1.6
1.58333333333333
2.06666666666667
1.51666666666667
1.61666666666667
2.11666666666667
1.6
1.56666666666667
1.75
1.76666666666667
1.51666666666667
1.6
1.93333333333333
1.56666666666667
1.75
1.9
1.58333333333333
1.8
1.73333333333333
1.75
1.61666666666667
1.61666666666667
1.96666666666667
1.61666666666667
1.63333333333333
1.95
1.76666666666667
1.56666666666667
1.8
1.91666666666667
1.58333333333333
1.55
1.91666666666667
1.55
1.58333333333333
1.93333333333333
1.6
1.56666666666667
1.93333333333333
1.8
1.5
1.6
1.8
1.5
1.5
1.86666666666667
1.46666666666667
1.48333333333333
1.63333333333333
1.66666666666667
1.65
1.5
1.8
1.6
1.5
1.83333333333333
1.5
1.5
1.63333333333333
1.71666666666667
1.5
1.5
1.95
1.5
1.46666666666667
1.91666666666667
1.5
1.5
1.63333333333333
1.66666666666667
1.5
1.51666666666667
1.81666666666667
1.51666666666667
1.68333333333333
1.8
1.51666666666667
1.58333333333333
1.65
1.55
1.5
1.5
1.83333333333333
1.5
1.48333333333333
1.8
1.68333333333333
1.48333333333333
1.8
1.83333333333333
2
1.53333333333333
1.8
1.5
1.51666666666667
1.81666666666667
1.7
1.51666666666667
1.83333333333333
1.68333333333333
1.55
1.65
1.8
1.51666666666667
1.5
1.8
1.51666666666667
1.5
1.75
1.56666666666667
1.65
1.5
1.81666666666667
1.66666666666667
1.53333333333333
1.8
1.5
1.5
1.75
1.56666666666667
1.48333333333333
1.5
1.96666666666667
1.5
1.51666666666667
1.85
1.5
1.5
1.75
1.53333333333333
1.45
1.51666666666667
1.83333333333333
1.48333333333333
1.68333333333333
1.8
1.51666666666667
1.61666666666667
1.75
1.51666666666667
1.55
1.5
1.81666666666667
1.51666666666667
1.48333333333333
1.8
1.66666666666667
1.48333333333333
1.78333333333333
1.66666666666667
1.5
1.48333333333333
1.81666666666667
1.5
1.5
1.83333333333333
1.48333333333333
1.5
1.96666666666667
1.51666666666667
1.51666666666667
1.55
1.78333333333333
1.5
1.5
1.8
1.48333333333333
1.5
1.75
1.55
1.65
1.5
1.85
1.55
1.5
1.81666666666667
1.5
1.5
1.76666666666667
1.53333333333333
1.5
1.46666666666667
1.98333333333333
1.5
1.56666666666667
1.85
1.5
1.5
1.78333333333333
1.51666666666667
1.53333333333333
1.5
1.78333333333333
1.5
1.7
1.78333333333333
1.58333333333333
1.75
1.8
1.55
1.53333333333333
1.5
1.85
1.5
1.5
1.8
1.68333333333333
1.51666666666667
1.83333333333333
1.66666666666667
1.53333333333333
1.51666666666667
1.78333333333333
1.5
1.5
1.81666666666667
1.56666666666667
1.65
2.21666666666667
1.83333333333333
1.7
1.7
1.91666666666667
1.6
1.65
1.91666666666667
1.6
1.63333333333333
