1.46666666666667
1.53333333333333
1.46666666666667
1.46666666666667
1.5
1.56666666666667
1.5
1.56666666666667
1.6
1.6
1.5
1.86666666666667
1.53333333333333
1.56666666666667
1.53333333333333
1.5
1.5
1.6
1.6
1.53333333333333
1.5
1.5
1.5
1.8
1.56666666666667
1.6
1.73333333333333
1.6
1.5
1.63333333333333
1.6
1.6
1.6
1.6
1.6
2.03333333333333
2.5
2.56666666666667
2.43333333333333
2.5
2.6
2.56666666666667
2.56666666666667
2.5
2.2
2.43333333333333
2.23333333333333
2.63333333333333
2.43333333333333
2.23333333333333
2.26666666666667
2.1
2.06666666666667
2.13333333333333
2.16666666666667
2.26666666666667
2.23333333333333
2.23333333333333
2.13333333333333
2.56666666666667
2.06666666666667
2.2
2.13333333333333
2.1
2.1
2.13333333333333
2.13333333333333
2.1
2.06666666666667
2
2.1
2.5
2.1
2.1
2.1
2.13333333333333
2.16666666666667
2.36666666666667
2.2
2.06666666666667
2.1
2.23333333333333
2.1
2.56666666666667
2.13333333333333
2.1
2.1
2.13333333333333
2.1
2.26666666666667
2.13333333333333
2.13333333333333
2.06666666666667
2.36666666666667
2.1
2.53333333333333
2.1
2.16666666666667
2.13333333333333
2.1
1.93333333333333
1.7
1.5
1.6
1.63333333333333
1.6
1.5
2
2.8
1.6
1.53333333333333
1.6
1.56666666666667
1.7
1.6
1.63333333333333
1.96666666666667
1.6
1.5
1.96666666666667
1.53333333333333
1.56666666666667
1.53333333333333
1.56666666666667
1.66666666666667
3.23333333333333
11.0333333333333
1.56666666666667
1.53333333333333
1.56666666666667
1.53333333333333
1.96666666666667
1.73333333333333
1.63333333333333
1.73333333333333
1.6
1.56666666666667
1.73333333333333
1.6
1.6
1.7
1.76666666666667
1.7
2.13333333333333
1.66666666666667
1.56666666666667
1.63333333333333
1.6
3
3.83333333333333
1.6
1.6
1.7
1.6
1.6
2
1.63333333333333
1.6
1.6
1.6
1.6
1.7
1.6
1.6
1.86666666666667
1.6
1.6
2
1.66666666666667
1.63333333333333
1.66666666666667
1.6
1.8
2.03333333333333
1.6
1.63333333333333
1.6
1.6
1.6
2
1.63333333333333
1.6
1.63333333333333
1.6
1.6
1.7
1.6
1.6
1.63333333333333
1.6
1.66666666666667
2
1.63333333333333
1.83333333333333
1.63333333333333
1.6
1.8
2
1.76666666666667
1.76666666666667
1.9
1.76666666666667
1.6
2.03333333333333
1.6
1.6
1.6
1.63333333333333
1.73333333333333
1.86666666666667
1.66666666666667
1.66666666666667
1.63333333333333
1.6
1.63333333333333
2
1.6
1.66666666666667
1.63333333333333
1.6
1.63333333333333
1.73333333333333
1.6
1.7
1.63333333333333
1.6
1.66666666666667
2.06666666666667
1.6
1.63333333333333
1.63333333333333
1.6
1.6
1.7
1.6
1.6
1.63333333333333
1.6
1.73333333333333
1.96666666666667
1.66666666666667
1.83333333333333
1.83333333333333
1.8
1.8
1.83333333333333
1.6
1.86666666666667
1.83333333333333
1.7
1.66666666666667
2.1
1.7
1.86666666666667
1.73333333333333
1.7
1.76666666666667
1.76666666666667
1.76666666666667
1.8
1.73333333333333
1.6
1.76666666666667
2.13333333333333
1.63333333333333
1.76666666666667
1.73333333333333
1.83333333333333
1.73333333333333
1.76666666666667
1.6
1.83333333333333
1.66666666666667
1.6
1.73333333333333
2.16666666666667
2.36666666666667
3.5
1.96666666666667
1.6
1.53333333333333
1.6
1.6
1.66666666666667
1.6
1.6
1.5
2
