2.11666666666667
2.13333333333333
2.16666666666667
2.11666666666667
2.18333333333333
2.41666666666667
2.13333333333333
2.13333333333333
2.11666666666667
2.13333333333333
2.18333333333333
2.13333333333333
2.1
2.18333333333333
2.13333333333333
2.13333333333333
2.13333333333333
2.38333333333333
2.08333333333333
2.13333333333333
2.13333333333333
2.13333333333333
2.13333333333333
2.1
2.16666666666667
2.15
2.15
2.1
2.11666666666667
2.36666666666667
2.08333333333333
2.13333333333333
2.11666666666667
2.11666666666667
2.1
2.1
2.1
2.21666666666667
2.16666666666667
2.1
2.13333333333333
2.4
2.1
2.15
2.15
2.11666666666667
2.08333333333333
2.1
2.15
2.08333333333333
2.11666666666667
2.11666666666667
2.1
2.38333333333333
2.15
2.11666666666667
2.11666666666667
2.16666666666667
2.13333333333333
2.13333333333333
2.15
2.11666666666667
2.1
2.11666666666667
2.13333333333333
2.41666666666667
2.13333333333333
2.15
2.16666666666667
2.11666666666667
2.11666666666667
2.11666666666667
2.11666666666667
2.15
2.18333333333333
2.1
2.11666666666667
2.41666666666667
2.11666666666667
2.13333333333333
2.16666666666667
2.15
2.1
2.13333333333333
2.1
2.11666666666667
2.16666666666667
2.11666666666667
2.1
2.38333333333333
2.11666666666667
2.11666666666667
2.13333333333333
2.11666666666667
2.08333333333333
2.1
2.1
2.13333333333333
2.11666666666667
2.11666666666667
2.03333333333333
2.35
1.88333333333333
1.93333333333333
1.91666666666667
1.95
1.9
1.9
1.91666666666667
2.53333333333333
1.91666666666667
1.95
1.9
2.18333333333333
1.9
1.91666666666667
1.88333333333333
1.95
1.9
1.86666666666667
1.9
1.91666666666667
1.88333333333333
1.95
1.86666666666667
2.2
1.93333333333333
1.91666666666667
1.88333333333333
1.95
1.86666666666667
1.93333333333333
1.93333333333333
1.9
1.93333333333333
1.95
1.91666666666667
2.21666666666667
1.93333333333333
1.91666666666667
1.95
1.95
1.93333333333333
1.96666666666667
1.96666666666667
2.45
2.95
5.83333333333333
2.75
3.16666666666667
2.01666666666667
1.95
1.98333333333333
1.95
1.95
1.93333333333333
1.91666666666667
1.9
1.96666666666667
1.9
1.91666666666667
2.23333333333333
1.93333333333333
1.93333333333333
1.95
1.91666666666667
1.91666666666667
1.91666666666667
1.95
1.96666666666667
1.96666666666667
1.91666666666667
1.95
2.28333333333333
1.95
1.98333333333333
1.96666666666667
1.93333333333333
1.93333333333333
1.9
1.93333333333333
1.95
1.91666666666667
1.93333333333333
1.9
2.15
1.91666666666667
1.93333333333333
1.91666666666667
1.91666666666667
1.95
1.91666666666667
1.93333333333333
1.96666666666667
1.91666666666667
1.91666666666667
1.93333333333333
2.18333333333333
1.93333333333333
1.91666666666667
1.95
2.11666666666667
2.1
2.11666666666667
2.1
2.13333333333333
2.13333333333333
2.11666666666667
2.08333333333333
2.23333333333333
1.96666666666667
1.96666666666667
1.91666666666667
1.91666666666667
1.95
1.93333333333333
2
1.9
1.95
1.93333333333333
1.9
2.2
1.91666666666667
1.93333333333333
1.93333333333333
1.95
1.95
1.96666666666667
1.91666666666667
1.95
1.95
1.91666666666667
1.9
2.2
1.91666666666667
1.95
1.95
1.91666666666667
1.91666666666667
1.95
1.91666666666667
1.91666666666667
1.98333333333333
1.93333333333333
2.05
2.21666666666667
1.93333333333333
1.93333333333333
1.95
1.96666666666667
1.93333333333333
1.96666666666667
1.93333333333333
1.93333333333333
1.96666666666667
1.9
1.93333333333333
2.16666666666667
1.9
1.95
1.95
1.95
1.91666666666667
1.96666666666667
1.93333333333333
1.93333333333333
1.95
1.93333333333333
1.95
2.21666666666667
1.93333333333333
1.93333333333333
1.93333333333333
1.96666666666667
1.96666666666667
1.91666666666667
2.06666666666667
2.1
2.1
2.11666666666667
2.16666666666667
2.4
2.1
2.11666666666667
2.1
2.13333333333333
2.08333333333333
2.11666666666667
