1.5
1.56666666666667
1.56666666666667
1.43333333333333
1.4
1.45
1.4
1.43333333333333
1.45
1.41666666666667
1.36666666666667
1.36666666666667
1.43333333333333
1.53333333333333
1.61666666666667
1.41666666666667
1.45
1.5
1.41666666666667
1.46666666666667
1.43333333333333
1.45
1.46666666666667
1.43333333333333
1.43333333333333
1.5
1.61666666666667
1.46666666666667
1.46666666666667
1.45
1.45
1.46666666666667
1.48333333333333
1.48333333333333
1.46666666666667
1.43333333333333
1.41666666666667
1.53333333333333
1.58333333333333
1.48333333333333
1.45
1.48333333333333
1.45
1.46666666666667
1.46666666666667
1.41666666666667
1.43333333333333
1.4
1.46666666666667
1.56666666666667
1.61666666666667
1.46666666666667
1.45
1.46666666666667
1.38333333333333
1.51666666666667
1.46666666666667
1.41666666666667
1.46666666666667
1.45
1.43333333333333
1.51666666666667
1.6
1.43333333333333
1.46666666666667
1.5
1.43333333333333
1.48333333333333
1.41666666666667
1.43333333333333
1.4
1.43333333333333
1.43333333333333
1.58333333333333
1.61666666666667
1.43333333333333
1.45
1.46666666666667
1.41666666666667
1.41666666666667
1.41666666666667
1.38333333333333
1.36666666666667
1.36666666666667
1.43333333333333
1.55
1.6
1.4
1.46666666666667
1.38333333333333
1.43333333333333
1.48333333333333
1.43333333333333
1.41666666666667
1.41666666666667
1.4
1.38333333333333
1.41666666666667
1.51666666666667
1.4
1.36666666666667
1.25
1.25
1.25
1.25
1.25
1.25
1.25
1.65
1.41666666666667
1.4
1.25
1.25
1.4
1.26666666666667
1.25
1.3
1.25
1.3
1.25
1.25
1.31666666666667
1.43333333333333
1.25
1.25
1.25
1.3
1.31666666666667
1.31666666666667
1.25
1.3
1.25
1.3
1.33333333333333
1.41666666666667
1.25
1.26666666666667
1.26666666666667
1.25
1.3
1.3
1.25
1.3
2
5.55
1.33333333333333
1.43333333333333
1.26666666666667
2.01666666666667
1.91666666666667
1.25
1.25
1.28333333333333
1.55
1.28333333333333
1.25
1.3
1.33333333333333
1.38333333333333
1.25
1.28333333333333
1.25
1.26666666666667
1.3
1.3
1.3
1.26666666666667
1.3
1.28333333333333
1.33333333333333
1.43333333333333
1.25
1.3
1.25
1.26666666666667
1.28333333333333
1.28333333333333
1.25
1.3
1.26666666666667
1.3
1.35
1.41666666666667
1.25
1.3
1.26666666666667
1.3
1.3
1.25
1.25
1.3
1.26666666666667
1.3
1.36666666666667
1.43333333333333
1.25
1.3
1.26666666666667
1.3
1.28333333333333
1.28333333333333
1.3
1.3
1.25
1.28333333333333
1.45
1.43333333333333
1.3
1.3
1.31666666666667
1.28333333333333
1.28333333333333
1.3
1.3
1.26666666666667
1.28333333333333
1.26666666666667
1.36666666666667
1.41666666666667
1.3
1.3
1.31666666666667
1.3
1.3
1.3
1.3
1.3
1.3
1.3
1.36666666666667
1.43333333333333
1.3
1.3
1.36666666666667
1.36666666666667
1.3
1.25
1.28333333333333
1.25
1.3
1.3
1.45
1.45
1.26666666666667
1.25
1.26666666666667
1.25
1.25
1.25
1.25
1.25
1.25
1.25
1.36666666666667
1.38333333333333
1.25
1.25
1.25
1.25
1.25
1.25
1.25
1.25
1.25
1.25
1.31666666666667
1.36666666666667
1.28333333333333
1.25
1.25
1.25
1.25
1.25
1.25
1.79166666666667
1.6
1.71666666666667
1.8
1.83333333333333
1.7
1.78333333333333
1.78333333333333
1.66666666666667
1.68333333333333
1.68333333333333
1.68333333333333
1.75
1.75
