2.4
2.13333333333333
2.13333333333333
2.2
2.3
2.21666666666667
2.25
2.15
2.15
2.16666666666667
2.16666666666667
2.23333333333333
2.36666666666667
2.16666666666667
2.2
2.21666666666667
2.16666666666667
2.28333333333333
2.18333333333333
2.16666666666667
2.2
2.16666666666667
2.16666666666667
2.18333333333333
2.36666666666667
2.15
2.13333333333333
2.16666666666667
2.13333333333333
2.18333333333333
2.2
2.21666666666667
2.16666666666667
2.21666666666667
2.2
2.2
2.38333333333333
2.2
2.2
2.18333333333333
2.18333333333333
2.21666666666667
2.16666666666667
2.2
2.18333333333333
2.16666666666667
2.18333333333333
2.35
2.33333333333333
2.18333333333333
2.13333333333333
2.16666666666667
2.16666666666667
2.26666666666667
2.18333333333333
2.25
2.2
2.16666666666667
2.23333333333333
2.2
2.33333333333333
2.25
2.2
2.18333333333333
2.21666666666667
2.18333333333333
2.18333333333333
2.18333333333333
2.15
2.21666666666667
2.15
2.16666666666667
2.35
2.2
2.13333333333333
2.15
2.16666666666667
2.25
2.23333333333333
2.21666666666667
2.13333333333333
2.18333333333333
2.16666666666667
2.18333333333333
2.4
2.23333333333333
2.16666666666667
2.2
2.16666666666667
2.21666666666667
2.16666666666667
2.2
2.16666666666667
2.2
2.15
2.2
2.36666666666667
2.2
2.15
2.16666666666667
2.15
2.23333333333333
2
1.98333333333333
1.95
2.01666666666667
1.95
2.01666666666667
2.21666666666667
2.7
1.93333333333333
1.96666666666667
1.95
2.06666666666667
1.95
2
1.93333333333333
1.98333333333333
1.98333333333333
1.96666666666667
2.13333333333333
2
1.95
2.01666666666667
1.96666666666667
2.1
2.01666666666667
2
1.96666666666667
2.01666666666667
1.98333333333333
2.08333333333333
2.23333333333333
1.98333333333333
2.01666666666667
1.96666666666667
2
2.05
2
1.96666666666667
2.03333333333333
1.96666666666667
2
2
2.18333333333333
2.38333333333333
2.36666666666667
6.63333333333333
3.38333333333333
3.05
2.05
2
2
2.03333333333333
1.98333333333333
2.01666666666667
2.18333333333333
2
2.01666666666667
2.01666666666667
2.1
2.06666666666667
2.03333333333333
2
1.98333333333333
2.01666666666667
1.98333333333333
2
2.2
2.01666666666667
2.01666666666667
2
2.01666666666667
2
2.01666666666667
2
1.98333333333333
1.98333333333333
1.98333333333333
2.16666666666667
1.98333333333333
2
1.98333333333333
1.98333333333333
2.1
2.03333333333333
1.98333333333333
2.03333333333333
2.01666666666667
1.98214285714286
2.01666666666667
2.19642857142857
1.98333333333333
1.96666666666667
2
1.98333333333333
2.08333333333333
2.01666666666667
1.98333333333333
2.01666666666667
2.01666666666667
2.06666666666667
2.05
2.2
2
2.01666666666667
2.03333333333333
1.98333333333333
2.03333333333333
2
2.01666666666667
2
2.05
2.01666666666667
2.01666666666667
2.2
2
1.95
2.06666666666667
2.05
2.03333333333333
2.01666666666667
2.03333333333333
2
2
2.03333333333333
2
2.21666666666667
2.01666666666667
1.95
2.01666666666667
2.03333333333333
2.03333333333333
2.03333333333333
2.03333333333333
1.98333333333333
2
2.05
2.01666666666667
2.18333333333333
2
1.96666666666667
2
2.01666666666667
2.03333333333333
2.01666666666667
1.98333333333333
1.98333333333333
2.01666666666667
2
2.01666666666667
2.16666666666667
2.01666666666667
2
1.96666666666667
2.01666666666667
2.03333333333333
2.06666666666667
2.01666666666667
1.98333333333333
1.98333333333333
1.98333333333333
2
2.2
1.95
2.01666666666667
2.03333333333333
1.96666666666667
2.06666666666667
2.01666666666667
2
2
2
1.95
2.03333333333333
2.33333333333333
2.13333333333333
2.18333333333333
2.2
2.18333333333333
2.18333333333333
2.15
2.16666666666667
2.16666666666667
2.21666666666667
2.16666666666667
2.23333333333333
2.36666666666667
