1.83333333333333
1.5
1.5
1.56666666666667
1.5
1.5
1.5
2.7
1.5
1.5
1.5
1.66666666666667
1.83333333333333
1.5
1.63333333333333
1.56666666666667
1.5
1.5
1.5
1.5
1.5
1.5
1.5
1.76666666666667
1.83333333333333
1.5
1.5
1.5
2.4
1.56666666666667
1.5
1.8
1.5
1.66666666666667
10.0666666666667
1.73333333333333
2
1.5
1.5
1.5
1.5
1.53333333333333
1.5
1.5
1.46666666666667
1.5
1.5
1.53333333333333
5.4
1.5
1.5
2.2
1.5
1.5
1.5
1.5
1.5
1.5
1.5
1.56666666666667
1.96666666666667
1.5
1.5
1.53333333333333
1.5
1.53333333333333
1.46666666666667
1.5
1.5
1.5
1.5
1.6
1.9
1.53333333333333
1.5
1.5
1.5
1.53333333333333
1.5
1.53333333333333
1.5
1.5
1.5
1.66666666666667
1.86666666666667
1.53333333333333
1.5
1.5
1.5
1.5
1.5
1.5
1.5
1.53333333333333
1.5
1.66666666666667
1.8
1.56666666666667
1.5
1.56666666666667
1.5
1.5
1.5
1.5
1.5
1.5
1.5
1.66666666666667
1.83333333333333
1.53333333333333
1.5
1.63333333333333
1.5
1.6
1.5
1.5
1.5
1.5
1.5
1.66666666666667
1.83333333333333
1.5
1.46666666666667
1.5
1.6
1.56666666666667
1.56666666666667
1.5
1.5
1.5
1.5
1.66666666666667
1.93333333333333
1.56666666666667
1.5
1.5
1.5
1.53333333333333
1.5
1.53333333333333
1.56666666666667
1.6
1.6
1.7
2.16666666666667
1.53333333333333
1.5
1.6
1.6
1.6
1.56666666666667
2.39285714285714
1.8
1.66666666666667
1.6
1.56666666666667
2.23333333333333
1.6
1.6
1.53333333333333
1.53333333333333
1.53333333333333
1.5
1.5
1.6
1.56666666666667
1.53333333333333
1.53333333333333
2.06666666666667
1.5
1.5
1.56666666666667
2.16666666666667
10.4
1.5
1.53333333333333
1.53333333333333
1.5
1.53333333333333
1.56666666666667
1.96666666666667
1.53333333333333
1.5
1.5
1.6
1.6
1.6
1.53333333333333
1.53333333333333
1.5
1.53333333333333
1.66666666666667
2.03333333333333
1.5
1.5
1.56666666666667
1.56666666666667
1.56666666666667
1.5
2.42307692307692
1.9
1.7
1.6
1.86666666666667
2.23333333333333
1.6
1.6
1.6
1.56666666666667
1.6
1.6
1.6
1.6
1.63333333333333
1.6
1.9
1.9
1.56666666666667
1.6
1.63333333333333
1.6
1.6
1.6
1.6
1.53333333333333
1.63333333333333
1.6
1.96666666666667
2.06666666666667
1.6
1.56666666666667
1.56666666666667
1.6
1.6
1.6
1.6
1.6
1.56666666666667
1.53333333333333
1.96666666666667
1.86666666666667
1.6
1.6
1.6
1.6
1.56666666666667
1.53333333333333
1.6
1.6
1.63333333333333
1.6
1.93333333333333
1.86666666666667
1.56666666666667
1.53333333333333
1.63333333333333
1.6
1.6
1.6
1.6
1.6
1.53333333333333
1.6
2.03333333333333
1.9
1.6
1.63333333333333
1.66666666666667
1.53333333333333
1.56666666666667
1.56666666666667
1.6
1.6
1.6
1.6
1.93333333333333
1.8
1.6
1.6
1.6
1.6
1.6
1.6
1.53333333333333
1.56666666666667
1.6
1.56666666666667
1.6
