3.06666666666667
2.93333333333333
3.25
2.71666666666667
3.3
8.38333333333333
13.65
2.56666666666667
3.5
2.83333333333333
3.8
3.11666666666667
3.8
2.75
3.71666666666667
2.95
3.55
3.38333333333333
3.05
2.45
3.35
2.4
3.16666666666667
2.68333333333333
3.33333333333333
2.76666666666667
3.68333333333333
2.95
3.56666666666667
3.18333333333333
3.7
2.71666666666667
3.5
2.58333333333333
3.48333333333333
2.7
3.38333333333333
2.51666666666667
3.35
2.53333333333333
3.4
3.18333333333333
3.6
2.8
3.38333333333333
2.75
3.35
2.85
3.35
2.55
3.36666666666667
2.46666666666667
3.28333333333333
3.01666666666667
3.48333333333333
2.66666666666667
3.43333333333333
2.66666666666667
3.4
3.16666666666667
3.55
2.78333333333333
3.81666666666667
2.78333333333333
3.65
3
3.3
2.48333333333333
3.05
2.38333333333333
3.08333333333333
2.43333333333333
3.01666666666667
2.33333333333333
3.06666666666667
2.26666666666667
3.15
2.95
3.58333333333333
2.68333333333333
3.38333333333333
2.78333333333333
3.48333333333333
2.7
3.3
2.6
3.23333333333333
2.55
3.18333333333333
3
3.26666666666667
2.58333333333333
2.96666666666667
2.46666666666667
3.06666666666667
2.76666666666667
3.28333333333333
2.58333333333333
3.28333333333333
2.6
3.13333333333333
3.23333333333333
3.06666666666667
2.58333333333333
2.91666666666667
2.45
2.88333333333333
2.83333333333333
2.8
2.55
3.18333333333333
2.83333333333333
3.35
3.46666666666667
3.7
3.06666666666667
3.36666666666667
2.85
3.36666666666667
3.01666666666667
3.18333333333333
2.73333333333333
3.26666666666667
2.51666666666667
3.05
3.15
3.56666666666667
2.75
3.31666666666667
2.85
3.43333333333333
3.13333333333333
3.51666666666667
2.9
3.48333333333333
2.81666666666667
3.3
3.1
3.35
7.36666666666667
4.73333333333333
2.53333333333333
3
2.56666666666667
3.01666666666667
2.68333333333333
3.35
2.68333333333333
3.51666666666667
24.5333333333333
3.75
3.06666666666667
3.56666666666667
3.68333333333333
3.31666666666667
3.15
3.21666666666667
2.63333333333333
3.26666666666667
2.58333333333333
3.15
3.08333333333333
3.31666666666667
2.76666666666667
3.38333333333333
2.68333333333333
3.23333333333333
2.73333333333333
3.13333333333333
2.46666666666667
3.2
2.43333333333333
2.93333333333333
2.85
2.96666666666667
2.5
2.9
2.43333333333333
3.15
2.71666666666667
3.21666666666667
2.9
3.31666666666667
2.85
3.18333333333333
3.08333333333333
3.05
2.61666666666667
2.91666666666667
2.55
2.85
2.61666666666667
2.8
2.51666666666667
2.86666666666667
2.66666666666667
3.06666666666667
3.08333333333333
3.1
2.7
3
2.55
2.83333333333333
3.03333333333333
2.85
2.55
2.86666666666667
2.41666666666667
2.8
4.11666666666667
3.06666666666667
2.73333333333333
2.95
2.91666666666667
3.51666666666667
3.06666666666667
3.36666666666667
2.86666666666667
3.58333333333333
2.81666666666667
3.48333333333333
11.8833333333333
10.6166666666667
2.76666666666667
2.93333333333333
2.63333333333333
2.78333333333333
2.85
2.91666666666667
2.81666666666667
3.15
3.08333333333333
3.36666666666667
3.88333333333333
3.21666666666667
2.93333333333333
2.81666666666667
3
3.01666666666667
3.4
2.8
3.11666666666667
2.65
3.31666666666667
2.8
3.4
2.93333333333333
3.23333333333333
2.98333333333333
3.4
2.81666666666667
3.83333333333333
2.81666666666667
3.3
2.7
3.48333333333333
2.83333333333333
4.2
2.98333333333333
3.28333333333333
2.66666666666667
2.83333333333333
2.9
3.41666666666667
2.91666666666667
3.08333333333333
2.71666666666667
3.33333333333333
2.83333333333333
3.63333333333333
2.65
2.93333333333333
2.53333333333333
3.11666666666667
2.4
2.98333333333333
2.4
3.06666666666667
2.51666666666667
3.18333333333333
2.71666666666667
4.45
2.83333333333333
3.35
2.95
2.78333333333333
3.1
2.83333333333333
