1.46666666666667
1.3
1.28333333333333
1.28333333333333
1.38333333333333
1.31666666666667
1.26666666666667
1.3
1.3
1.3
1.28333333333333
1.3
7.1
1.25
1.21666666666667
1.3
6.86666666666667
1.3
1.31666666666667
1.25
1.35
1.23333333333333
1.25
1.28333333333333
1.45
7.4
1.25
1.18333333333333
1.21666666666667
1.21666666666667
1.23333333333333
1.15
1.23333333333333
1.11666666666667
1.21666666666667
1.26666666666667
1.3
1.18333333333333
1.2
1.13333333333333
1.18333333333333
1.2
1.21666666666667
1.16666666666667
1.21666666666667
1.18333333333333
1.25
1.16666666666667
1.3
1.21666666666667
1.25
1.18333333333333
1.2
1.23333333333333
1.16666666666667
1.16666666666667
1.2
1.16666666666667
1.21666666666667
1.2
1.36666666666667
1.21666666666667
1.23333333333333
1.18333333333333
1.28333333333333
1.23333333333333
1.18333333333333
1.18333333333333
1.23333333333333
1.23333333333333
1.23333333333333
1.23333333333333
1.41666666666667
1.25
1.2
1.21666666666667
1.2
1.2
1.2
1.21666666666667
1.21666666666667
1.13333333333333
1.16666666666667
1.15
1.33333333333333
1.2
1.21666666666667
1.21666666666667
1.21666666666667
1.21666666666667
1.2
1.16666666666667
1.16666666666667
1.13333333333333
1.2
1.15
1.33333333333333
1.13333333333333
1.2
1.18333333333333
1.11666666666667
1.01666666666667
1
1.05
1
1
1
1.03333333333333
1.2
1.01666666666667
1
1.03333333333333
1
1.2
1
1
1
1
1
1
1.2
1.05
1
1.01666666666667
1
1.08333333333333
1
1.03333333333333
1
1.03333333333333
1
1
1.21666666666667
1.01666666666667
1
1.05
1
1.03333333333333
1.03333333333333
1.05
1
1.03333333333333
1.03333333333333
1
1.18333333333333
1.05
1.08333333333333
1.05
1
1.06666666666667
1.33333333333333
1.03333333333333
1.05
1.03333333333333
1.01666666666667
1.01666666666667
1.18333333333333
1.05
1.06666666666667
1.03333333333333
1.05
1.08333333333333
1.01666666666667
1.05
1.05
1
1.01666666666667
1.05
1.21666666666667
1
1.05
1.06666666666667
1.03333333333333
1.05
1.03333333333333
1
1.05
1.1
1.05
1
1.2
1
1.05
1
1.05
1.06666666666667
1.01666666666667
1
1.01666666666667
1.01666666666667
1.05
1
1.2
1
1.05
1.05
1.05
1.06666666666667
1.05
1.03333333333333
1.01666666666667
1
1.05
1.03333333333333
1.2
1.01666666666667
1.05
1
1.05
1.06666666666667
1.05
1
1.06666666666667
1.01666666666667
1.05
1
1.2
1.03333333333333
1.03333333333333
1.03333333333333
1.03333333333333
1.03333333333333
1.03333333333333
1
1.05
1
1.05
1
1.21666666666667
1.03333333333333
1
1.03333333333333
1.05
1.08333333333333
1.05
1.01666666666667
1.05
1
1.05
1
1.2
1.01666666666667
1.05
1
1.05
1.08333333333333
1.01666666666667
1
1.05
1.05
1
1
1.2
1
1.03333333333333
1.01666666666667
1.01666666666667
6.78333333333333
1
1.05
1.03333333333333
1.13333333333333
1.01666666666667
1.03333333333333
1.2
1.03333333333333
1.05
1.03333333333333
1.1
1.1
1
6.46666666666667
1.05
1.03333333333333
1.05
1.05
1.41666666666667
1.18333333333333
1.3
1.28333333333333
1.21666666666667
1.15
1.2
1.21666666666667
5.33333333333333
2.9
1.2
1.18333333333333
