6.36666666666667
5.86666666666667
3.3
3.5
5.9
12.2666666666667
5
3.06666666666667
2.7
4.6
3.7
3.3
5.96666666666667
2.8
4.53333333333333
2.6
3.66666666666667
6.36666666666667
5.96666666666667
2.66666666666667
3.86666666666667
2.56666666666667
2.7
5
2.8
2.63333333333333
4.1
3.13333333333333
5.33333333333333
4.13333333333333
2.86666666666667
6.125
5.5
6
5.16666666666667
4.76666666666667
6.2
4.43333333333333
7.33333333333333
4.06666666666667
4.2
4.73333333333333
5.66666666666667
8.16666666666667
7.8
4.16666666666667
3.2
3.43333333333333
2.63333333333333
3.33333333333333
4.33333333333333
3.13333333333333
2.83333333333333
2.86666666666667
2.93333333333333
2.6
3
2.63333333333333
2.56666666666667
2.73333333333333
2.63333333333333
3
4.66666666666667
2.63333333333333
2.56666666666667
2.96666666666667
2.56666666666667
2.63333333333333
3.33333333333333
2.66666666666667
2.6
3.53333333333333
8
5.8
6.8
4.63333333333333
3.96666666666667
4.76666666666667
4.1
6.76666666666667
4.86666666666667
6.13333333333333
3.66666666666667
4.6
3.53333333333333
4.13333333333333
6.13333333333333
3.73333333333333
3.46666666666667
3.53333333333333
6.06666666666667
5.83333333333333
6.7
4.23333333333333
3.06666666666667
4.73333333333333
3.76666666666667
3.6
6.86666666666667
5.03333333333333
3.5
3.9
4.36666666666667
4.16666666666667
3.2
3.2
3
3.6
3.1
4.4
6.76666666666667
4.53333333333333
7.63333333333333
5.23333333333333
3.83333333333333
3.2
3.03333333333333
3.26666666666667
4.7
5.3
4.5
4.43333333333333
6.96666666666667
5.36666666666667
4.83333333333333
26.1
30.2333333333333
3.46666666666667
4.26666666666667
4.3
3.76666666666667
6.03333333333333
5
4.76666666666667
8.66666666666667
5
6.3
4.3
3.76666666666667
5.13333333333333
3.73333333333333
6.23333333333333
4.3
5.6
3.83333333333333
4.2
6.33333333333333
4.36666666666667
4.1
4.4
3.66666666666667
4
4.83333333333333
4.13333333333333
4.1
4.4
4.06666666666667
6.2
5.83333333333333
4.13333333333333
3.8
4.46666666666667
3.83333333333333
3.83333333333333
3.6
4.66666666666667
3.96666666666667
4.3
3.9
4.23333333333333
6.33333333333333
4.16666666666667
4
4.63333333333333
3.73333333333333
3.66666666666667
4.93333333333333
4.8
3.86666666666667
4.16666666666667
2.93333333333333
3.26666666666667
5.86666666666667
6.16666666666667
4.93333333333333
4.83333333333333
8.25
5.83333333333333
2.93333333333333
4.23333333333333
2.93333333333333
3.03333333333333
2.8
3.23333333333333
4.26666666666667
2.7
2.83333333333333
2.93333333333333
5.625
4.06666666666667
2.86666666666667
2.7
2.5
3
2.63333333333333
2.9
4.16666666666667
2.7
2.5
3.5
3.53333333333333
3.13333333333333
2.5
2.8
3.2
3.1
2.63333333333333
2.96666666666667
5.76666666666667
4.1
3.23333333333333
9.7
6.03333333333333
6.86666666666667
2.76666666666667
2.93333333333333
4.16666666666667
5.06666666666667
3
4.6
6
3.96666666666667
6.03333333333333
4.03333333333333
2.53333333333333
2.7
4
3.7
4.1
4.2
4.03333333333333
4.13333333333333
3.83333333333333
3.7
3.66666666666667
4.3
3.63333333333333
3.9
3.7
5.5
4.5
6.5
4.93333333333333
6.2
8.36666666666667
5.3
4.6
5.63333333333333
4.7
9.75
3.86666666666667
3.5
2.5
3.2
2.8
3.36666666666667
4.2
3.76666666666667
3.06666666666667
3.53333333333333
3.23333333333333
3.2
4.43333333333333
6.23333333333333
22.8
8.56666666666667
3.4
13.4666666666667
7.53333333333333
3.06666666666667
11.9666666666667
8.43333333333333
3.46666666666667
2.7
4.8
3.2
3.73333333333333
3.13333333333333
