5.55
5.6
5.65
5.56666666666667
5.55
5.56666666666667
5.65
5.58333333333333
5.56666666666667
5.56666666666667
5.61666666666667
5.58333333333333
5.56666666666667
6.28333333333333
5.68333333333333
5.66666666666667
5.61666666666667
5.56666666666667
5.55
5.55
5.63333333333333
5.58333333333333
5.58333333333333
5.56666666666667
5.58333333333333
5.61666666666667
5.56666666666667
5.56666666666667
5.56666666666667
5.65
5.58333333333333
5.56666666666667
5.56666666666667
5.6
5.63333333333333
5.6
5.58333333333333
5.6
5.58333333333333
5.63333333333333
5.6
5.55
5.56666666666667
5.6
5.63333333333333
5.71666666666667
5.65
5.58333333333333
5.58333333333333
5.61666666666667
5.6
5.61666666666667
5.58333333333333
5.56666666666667
5.6
5.56666666666667
5.56666666666667
5.6
5.6
5.61666666666667
5.56666666666667
5.55
5.56666666666667
5.61666666666667
5.58333333333333
5.56666666666667
5.55
5.61666666666667
5.61666666666667
5.55
5.58333333333333
5.6
5.58333333333333
5.63333333333333
5.6
5.55
5.58333333333333
5.58333333333333
5.68333333333333
5.61666666666667
5.65
5.56666666666667
5.55
5.56666666666667
5.61666666666667
5.65
5.63333333333333
5.58333333333333
5.55
5.56666666666667
5.61666666666667
5.58333333333333
5.58333333333333
5.58333333333333
5.58333333333333
5.63333333333333
5.56666666666667
5.56666666666667
5.58333333333333
5.61666666666667
5.56666666666667
5.55
5.56666666666667
5.61666666666667
5.56666666666667
5.56666666666667
5.55
5.63333333333333
5.6
5.55
5.56666666666667
5.58333333333333
5.6
5.58333333333333
5.56666666666667
5.56666666666667
5.65
5.58333333333333
5.55
5.55
5.58333333333333
5.65
5.58333333333333
5.58333333333333
5.58333333333333
5.58333333333333
5.63333333333333
5.58333333333333
5.56666666666667
5.56666666666667
5.6
5.6
5.63333333333333
5.55
5.56666666666667
5.56666666666667
5.61666666666667
5.56666666666667
5.56666666666667
5.55
5.6
5.61666666666667
5.55
5.56666666666667
5.56666666666667
5.65
5.6
5.56666666666667
5.55
5.6
5.61666666666667
5.61666666666667
5.56666666666667
5.65
5.58333333333333
5.61666666666667
5.56666666666667
5.55
5.58333333333333
5.63333333333333
5.58333333333333
5.55
5.56666666666667
5.61666666666667
5.65
5.65
5.73333333333333
5.58333333333333
5.55
5.61666666666667
5.61666666666667
5.56666666666667
5.63333333333333
5.6
5.58333333333333
5.6
5.65
5.56666666666667
5.58333333333333
5.55
5.61666666666667
5.6
5.56666666666667
5.56666666666667
5.55
5.61666666666667
5.63333333333333
5.58333333333333
5.58333333333333
5.56666666666667
5.63333333333333
5.56666666666667
5.56666666666667
5.56666666666667
5.61666666666667
5.58333333333333
5.58333333333333
5.56666666666667
5.61666666666667
5.6
5.58333333333333
6.23333333333333
5.61666666666667
5.66666666666667
5.58333333333333
5.55
5.56666666666667
5.6
5.61666666666667
5.58333333333333
5.55
5.56666666666667
5.6
5.6
5.56666666666667
5.56666666666667
5.58333333333333
5.6
5.6
5.55
5.55
5.63333333333333
5.63333333333333
5.58333333333333
5.56666666666667
5.55
5.61666666666667
5.63333333333333
5.56666666666667
5.56666666666667
5.55
5.65
5.56666666666667
5.66666666666667
5.6
5.55
5.63333333333333
5.56666666666667
5.56666666666667
5.65
5.66666666666667
5.61666666666667
5.61666666666667
5.6
5.56666666666667
5.6
5.61666666666667
5.6
5.58333333333333
5.6
5.6
5.63333333333333
5.55
5.58333333333333
5.56666666666667
5.63333333333333
5.56666666666667
5.56666666666667
5.56666666666667
5.6
5.6
5.56666666666667
5.56666666666667
5.6
5.63333333333333
5.56666666666667
5.56666666666667
5.58333333333333
5.61666666666667
5.61666666666667
5.55
5.56666666666667
5.56666666666667
5.6
5.61666666666667
5.58333333333333
5.61666666666667
5.55
5.61666666666667
5.66666666666667
5.56666666666667
5.56666666666667
5.56666666666667
5.6
5.6
5.55
5.56666666666667
5.6
