5.46666666666667
5.55
5.55
5.5
5.51666666666667
5.55
5.51666666666667
5.55
5.51666666666667
5.45
5.63333333333333
5.48333333333333
5.48333333333333
5.53333333333333
5.46666666666667
5.53333333333333
5.58333333333333
5.48333333333333
5.56666666666667
5.51666666666667
5.53333333333333
5.58333333333333
5.51666666666667
5.5
5.58333333333333
5.53333333333333
5.6
5.55
5.5
5.56666666666667
5.55
5.51666666666667
5.63333333333333
5.51666666666667
5.53333333333333
5.63333333333333
5.51666666666667
5.53333333333333
5.58333333333333
5.45
5.56666666666667
5.51666666666667
5.48333333333333
5.61666666666667
5.56666666666667
5.51666666666667
5.6
5.56666666666667
5.53333333333333
5.58333333333333
5.56666666666667
5.48333333333333
5.55
5.55
5.51666666666667
5.58333333333333
5.48333333333333
5.55
5.56666666666667
5.5
5.58333333333333
5.51666666666667
6.06666666666667
5.73333333333333
5.6
5.48333333333333
5.58333333333333
5.51666666666667
5.53333333333333
5.6
5.46666666666667
5.55
5.58333333333333
5.53333333333333
5.53333333333333
5.58333333333333
5.55
5.58333333333333
5.6
5.48333333333333
5.53333333333333
5.45
5.51666666666667
5.61666666666667
5.5
5.55
5.53333333333333
5.51666666666667
5.55
5.51666666666667
5.48333333333333
5.58333333333333
5.55
5.55
5.63333333333333
5.55
5.53333333333333
5.58333333333333
5.58333333333333
5.5
5.61666666666667
5.53333333333333
5.51666666666667
5.6
5.55
5.53333333333333
5.61666666666667
5.55
5.55
5.61666666666667
5.51666666666667
5.6
5.6
5.51666666666667
5.56666666666667
5.63333333333333
5.55
5.53333333333333
5.58333333333333
5.51666666666667
5.68333333333333
5.66666666666667
5.56666666666667
5.55
5.58333333333333
5.61666666666667
5.55
5.55
5.6
5.56666666666667
5.55
5.6
5.6
5.51666666666667
5.6
5.56666666666667
5.51666666666667
5.58333333333333
5.58333333333333
5.55
5.6
5.58333333333333
5.56666666666667
5.63333333333333
5.65
5.6
5.56666666666667
5.55
5.56666666666667
5.63333333333333
5.55
5.58333333333333
5.6
5.55
5.6
5.56666666666667
5.55
5.63333333333333
5.55
5.56666666666667
5.58333333333333
5.56666666666667
5.5
5.6
5.51666666666667
5.56666666666667
5.61666666666667
5.56666666666667
5.56666666666667
5.66666666666667
5.56666666666667
5.55
5.73333333333333
5.68333333333333
5.55
5.6
5.58333333333333
5.55
5.65
5.81666666666667
5.55
5.68333333333333
5.56666666666667
5.58333333333333
5.61666666666667
5.63333333333333
5.55
5.6
5.61666666666667
5.55
5.6
5.63333333333333
5.55
5.56666666666667
5.6
5.53333333333333
5.61666666666667
5.56666666666667
5.55
5.65
5.53333333333333
5.56666666666667
5.63333333333333
5.51666666666667
5.6
5.6
5.58333333333333
5.66666666666667
5.61666666666667
5.68333333333333
5.65
5.53333333333333
5.56666666666667
5.63333333333333
5.46666666666667
5.6
5.6
5.5
5.55
5.53333333333333
5.48333333333333
5.56666666666667
5.55
5.53333333333333
5.55
5.58333333333333
5.53333333333333
5.56666666666667
5.58333333333333
6.13333333333333
5.58333333333333
5.56666666666667
5.48333333333333
5.56666666666667
5.51666666666667
5.55
5.63333333333333
5.55
5.5
5.61666666666667
5.53333333333333
5.45
5.61666666666667
5.5
5.55
5.63333333333333
5.46666666666667
5.56666666666667
5.63333333333333
5.48333333333333
5.53333333333333
5.55
5.48333333333333
5.6
5.6
5.5
5.58333333333333
5.55
5.48333333333333
5.63333333333333
5.51666666666667
5.51666666666667
5.6
5.63333333333333
5.58333333333333
5.58333333333333
5.6
5.51666666666667
5.51666666666667
5.58333333333333
5.46666666666667
5.56666666666667
5.53333333333333
5.53333333333333
5.58333333333333
5.48333333333333
5.53333333333333
5.6
5.51666666666667
5.53333333333333
5.58333333333333
5.5
5.56666666666667
5.63333333333333
5.51666666666667
5.53333333333333
5.58333333333333
5.4
