3.6
1.38333333333333
1.3
1.5
1.3
1.26666666666667
1.28333333333333
1.3
1.3
1.3
1.3
1.3
1.63333333333333
1.31666666666667
7.28333333333333
5.96666666666667
1.3
1.33333333333333
1.3
1.3
1.3
1.28333333333333
1.26666666666667
1.35
1.78333333333333
1.38333333333333
1.3
1.35
1.3
1.3
1.26666666666667
1.28333333333333
1.3
1.3
1.3
1.3
1.51666666666667
1.05
1.13333333333333
1.11666666666667
1
1.05
1
1.05
1
1.05
1
1.05
1.3
1.05
1
1.06666666666667
1.01666666666667
1.18333333333333
1.18333333333333
1.05
1.36666666666667
1.28333333333333
1.3
1.3
1.55
1.3
1.3
1.31666666666667
1.3
1.28333333333333
1.3
1.28333333333333
1.3
1.25
1.28333333333333
1.3
1.58333333333333
1.3
1.3
1.33333333333333
1.3
1.3
1.26666666666667
1.28333333333333
1.3
1.3
1.35
1.35
1.6
1.3
1.3
1.31666666666667
1.28333333333333
1.3
1.3
1.3
1.3
1.3
1.3
1.3
1.56666666666667
1.28333333333333
1.3
1.33333333333333
1.3
1.3
1.28333333333333
1.28333333333333
1.26666666666667
1.3
1.3
1.3
1.56666666666667
1.3
1.3
1.48333333333333
1.31666666666667
1.28333333333333
1.3
1.3
1.3
1.3
1.3
1.28333333333333
1.58333333333333
1.26666666666667
1.3
1.3
1.3
1.28333333333333
1.3
1.3
1.3
1.25
1.28333333333333
1.3
1.56666666666667
1.3
1.3
1.31666666666667
1.28333333333333
1.28333333333333
1.26666666666667
1.28333333333333
1.38333333333333
1.3
1.3
1.3
1.6
1.3
1.28333333333333
1.31666666666667
1.3
1.3
1.3
1.3
1.3
1.31666666666667
1.26666666666667
1.28333333333333
1.65
1.3
1.45
1.38333333333333
1.25
1.26666666666667
1.25
1.3
1.25
1.3
1.25
1.3
1.55
1.4
1.43333333333333
2.65
1.25
1.28333333333333
1.25
1.3
1.25
1.3
1.25
1.3
1.55
1.3
1.25
1.3
1.26666666666667
1.35
1.25
1.28333333333333
1.25
1.3
1.25
1.3
1.55
1.3
1.25
1.3
1.25
1.33333333333333
1.36666666666667
1.3
1.25
1.3
1.25
1.3
1.55
1.28333333333333
1.25
1.31666666666667
1.25
1.28333333333333
1.25
1.3
1.25
1.3
1.26666666666667
1.4
1.55
1.3
1.25
1.31666666666667
1.25
1.3
1.25
1.3
1.25
1.3
1.25
1.45
1.55
1.3
1.25
1.31666666666667
1.25
1.3
1.26666666666667
1.41666666666667
1.25
1.28333333333333
1.25
1.31666666666667
1.55
1.3
1.25
1.31666666666667
1.25
1.3
1.25
1.3
1.3
1.26666666666667
1.3
1.3
3.56666666666667
2.55
1.3
1.33333333333333
1.31666666666667
1.3
1.3
1.26666666666667
1.26666666666667
1.28333333333333
1.26666666666667
1.26666666666667
1.53333333333333
1.3
1.26666666666667
1.33333333333333
1.25
1.28333333333333
1.28333333333333
1.3
1.28333333333333
1.3
1.3
1.25
1.6
1.26666666666667
1.25
1.3
1.25
1.28333333333333
1.3
1.3
1.26666666666667
1.35
1.28333333333333
1.28333333333333
