4.58958333333333
4.63958333333333
4.6625
4.60833333333333
4.55
4.54166666666667
4.625
4.62291666666667
4.60208333333333
4.59583333333333
4.71666666666667
4.61875
4.45416666666667
4.42291666666667
4.69166666666667
4.6375
4.56875
4.56875
4.55625
4.51666666666667
4.56666666666667
4.52916666666667
4.61666666666667
4.51458333333333
4.64166666666667
4.61875
4.5375
4.53333333333333
4.72708333333333
4.6375
4.62291666666667
4.45416666666667
4.60208333333333
4.53541666666667
4.54791666666667
4.52291666666667
4.67083333333333
4.58125
4.59583333333333
4.48333333333333
4.57083333333333
4.58125
4.7
4.5875
4.53125
4.54791666666667
4.69375
4.70208333333333
4.66458333333333
4.57291666666667
4.61875
4.66041666666667
4.475
4.49166666666667
4.55833333333333
4.64166666666667
4.65833333333333
4.59375
4.50208333333333
4.675
4.725
4.5625
4.59583333333333
4.5625
4.68125
4.60416666666667
4.52083333333333
4.52083333333333
4.6625
4.60208333333333
4.61458333333333
4.45833333333333
4.59375
4.55625
4.75208333333333
4.55833333333333
4.6
4.65625
4.75625
4.62083333333333
4.64166666666667
4.55625
4.68541666666667
4.55833333333333
4.54583333333333
4.4625
4.62291666666667
4.6
4.60208333333333
4.55625
4.54375
4.52916666666667
4.62291666666667
4.52291666666667
4.61041666666667
4.59166666666667
4.77708333333333
4.675
4.62708333333333
4.5875
4.55
4.6125
4.41666666666667
4.39583333333333
4.57083333333333
4.51458333333333
4.5
4.31458333333333
4.48333333333333
4.54375
4.47708333333333
4.4125
4.46041666666667
4.53541666666667
4.51041666666667
4.48541666666667
4.42708333333333
4.48333333333333
4.56041666666667
4.61666666666667
4.46666666666667
4.42083333333333
4.51041666666667
4.5625
4.44166666666667
4.54375
4.50833333333333
4.59791666666667
4.54791666666667
4.47083333333333
4.45
4.51666666666667
4.59791666666667
4.52083333333333
4.375
4.475
4.51041666666667
4.56458333333333
4.51041666666667
4.50625
4.55416666666667
4.57708333333333
4.525
4.34375
4.5
4.50833333333333
4.61458333333333
4.43541666666667
4.58958333333333
4.84791666666667
4.66041666666667
4.49583333333333
4.45208333333333
4.43541666666667
4.62916666666667
4.4875
4.475
4.40416666666667
4.60625
4.53958333333333
4.5875
4.41666666666667
4.58125
4.51666666666667
4.5875
4.47083333333333
4.39375
4.53541666666667
4.6
4.48333333333333
4.43541666666667
4.50208333333333
4.58958333333333
4.59791666666667
4.55625
4.45208333333333
4.52916666666667
4.55416666666667
4.62083333333333
4.425
4.5125
4.5875
4.65208333333333
4.44583333333333
4.50833333333333
4.57291666666667
4.59791666666667
4.54166666666667
4.5
4.46458333333333
4.61041666666667
4.45
4.54375
4.43541666666667
4.59166666666667
4.53125
4.54166666666667
4.46458333333333
4.55625
4.55
4.60625
4.46875
4.57916666666667
4.525
4.59375
4.54375
4.49791666666667
4.4875
4.57916666666667
4.5375
4.53333333333333
4.32708333333333
4.60416666666667
4.60208333333333
4.53125
4.49166666666667
4.5375
4.57083333333333
4.59583333333333
4.42916666666667
4.49166666666667
4.59166666666667
4.73958333333333
4.55
4.54375
4.44583333333333
4.66458333333333
4.60833333333333
4.61041666666667
4.49375
4.53541666666667
4.5125
4.56666666666667
4.47916666666667
4.51666666666667
4.56041666666667
4.49583333333333
4.45833333333333
4.47708333333333
4.36666666666667
4.57291666666667
4.51875
4.52708333333333
4.50625
4.56041666666667
4.51666666666667
4.53541666666667
4.43541666666667
4.53541666666667
4.56666666666667
4.44375
4.41666666666667
4.52708333333333
4.46875
4.38958333333333
4.45
4.60833333333333
4.47916666666667
4.64166666666667
4.5125
4.49583333333333
4.37916666666667
4.65
4.55416666666667
4.44583333333333
4.4
4.58958333333333
4.55833333333333
4.525
4.43125
4.58125
4.55416666666667
4.50416666666667
4.48541666666667
4.5
4.45416666666667
4.63541666666667
4.58333333333333
4.56458333333333
4.525
4.71458333333333
4.6125
4.625
4.47083333333333
4.63125
4.62708333333333
4.59166666666667
4.5625
