1.88333333333333
1.9
1.85
1.91666666666667
2.03333333333333
1.9
1.88333333333333
1.9
1.88333333333333
1.88333333333333
1.9
1.88333333333333
1.85
1.88333333333333
1.81666666666667
1.9
2.06666666666667
2.05
1.88333333333333
1.91666666666667
1.86666666666667
1.85
1.86666666666667
1.83333333333333
1.86666666666667
1.86666666666667
1.86666666666667
1.85
2.01666666666667
1.88333333333333
1.86666666666667
1.88333333333333
1.88333333333333
1.86666666666667
1.83333333333333
1.88333333333333
1.88333333333333
1.85
1.85
1.85
2.03333333333333
1.9
1.86666666666667
1.9
1.86666666666667
1.81666666666667
1.85
1.9
1.86666666666667
1.85
1.85
1.88333333333333
2.06666666666667
1.9
1.86666666666667
1.93333333333333
1.9
1.83333333333333
1.85
1.83333333333333
1.85
1.85
1.91666666666667
1.91666666666667
2.18333333333333
1.91666666666667
1.88333333333333
1.88333333333333
1.86666666666667
1.85
1.85
1.86666666666667
1.88333333333333
1.9
1.85
1.86666666666667
2.08333333333333
1.9
1.85
1.9
1.91666666666667
1.85
1.85
1.85
1.9
1.88333333333333
1.85
1.88333333333333
2.1
1.95
1.85
1.86666666666667
1.85
1.88333333333333
1.88333333333333
1.88333333333333
1.85
1.91666666666667
1.86666666666667
1.88333333333333
1.96666666666667
1.66666666666667
1.65
1.63333333333333
1.66666666666667
1.65
1.63333333333333
1.63333333333333
1.66666666666667
1.65
1.66666666666667
1.65
1.86666666666667
1.7
1.65
1.66666666666667
1.68333333333333
1.66666666666667
1.61666666666667
1.61666666666667
1.63333333333333
1.65
1.7
1.68333333333333
1.86666666666667
1.66666666666667
1.65
1.65
1.65
1.6
1.66666666666667
1.75
1.6
1.68333333333333
1.65
1.65
1.83333333333333
1.68333333333333
1.68333333333333
1.68333333333333
1.66666666666667
1.63333333333333
1.65
1.65
1.61666666666667
1.66666666666667
1.71666666666667
1.75
2.58333333333333
2.28333333333333
1.61666666666667
1.7
2
1.65
1.63333333333333
1.66666666666667
1.6
1.68333333333333
1.63333333333333
1.65
1.83333333333333
1.68333333333333
1.63333333333333
1.7
1.66666666666667
1.66666666666667
1.61666666666667
1.63333333333333
1.66666666666667
1.66666666666667
1.65
1.75
1.83333333333333
1.68333333333333
1.68333333333333
1.61666666666667
1.63333333333333
1.66666666666667
1.61666666666667
1.66666666666667
1.66666666666667
1.65
1.63333333333333
1.66666666666667
1.8
1.66666666666667
1.68333333333333
1.65
1.63333333333333
1.68333333333333
1.65
1.66666666666667
1.68333333333333
1.63333333333333
1.65
1.66666666666667
1.81666666666667
1.68333333333333
1.65
1.65
1.7
1.66666666666667
1.65
1.66666666666667
1.63333333333333
1.63333333333333
1.66666666666667
1.68333333333333
1.85
1.68333333333333
1.65
1.68333333333333
1.63333333333333
1.65
1.65
1.7
1.63333333333333
1.7
1.68333333333333
1.7
1.85
1.73333333333333
1.63333333333333
1.7
1.66666666666667
1.65
1.65
1.68333333333333
1.7
1.68333333333333
1.68333333333333
1.7
1.85
1.68333333333333
1.66666666666667
1.73333333333333
1.66666666666667
1.66666666666667
1.63333333333333
1.65
1.66666666666667
1.7
1.7
1.73333333333333
1.83333333333333
1.63333333333333
1.7
1.73333333333333
1.63333333333333
1.68333333333333
1.65
1.73333333333333
1.68333333333333
1.7
1.65
1.73333333333333
1.83333333333333
1.66666666666667
1.68333333333333
1.71666666666667
1.63333333333333
1.71666666666667
1.68333333333333
1.65
1.66666666666667
1.65
1.66666666666667
1.7
1.85
1.7
1.66666666666667
1.76666666666667
1.65
1.66666666666667
1.73333333333333
1.68333333333333
1.86666666666667
1.86666666666667
1.86666666666667
1.86666666666667
2
1.86666666666667
1.86666666666667
1.88333333333333
1.91666666666667
1.91666666666667
1.93333333333333
1.9
