1.96666666666667
1.86666666666667
2.76666666666667
2.56666666666667
2.33333333333333
2.16666666666667
2.5
2.36666666666667
2.26666666666667
2.43333333333333
2.36666666666667
2.43333333333333
2.4
2.1
2.2
2.03333333333333
2
2.2
2.46666666666667
2
2
2.2
2.03333333333333
2.1
2.53333333333333
2.96666666666667
3.23333333333333
3.4
3.33333333333333
3.23333333333333
3.13333333333333
3
3
3
3
3
3
3
3
3.06666666666667
3
3
3
3.03333333333333
3
2.96666666666667
3
3
3.75
2
2
2
2
2
2
2
2
2
2
2.75
2.5
2.43333333333333
2.33333333333333
2.5
2.46666666666667
2.5
2.66666666666667
2.26666666666667
2.13333333333333
2.46666666666667
2.5
2.5
4
2
2
2
2
2
2
2
2
2
2
2
2
2.06666666666667
2.16666666666667
2.1
2.1
2.23333333333333
2.06666666666667
3.16666666666667
2.46666666666667
2.3
2.43333333333333
2.36666666666667
2.3
2.36666666666667
2.43333333333333
2.1
2
2.03333333333333
2.03333333333333
2.1
2.1
2.1
2
2.03333333333333
2.03333333333333
2
2
2
2
2
2.1
2
2
2
2.1
2
2
2
2
2
2
2
2
2
2
2
2
2
2
2.26666666666667
2.16666666666667
2.13333333333333
2.03333333333333
2
2
2.1
2
2
2.03333333333333
2
2
2
2
2
2
2.3
2
2
2
2
2
2
2.06666666666667
2.1
2
2.06666666666667
2.06666666666667
2
2.03333333333333
2
2.23333333333333
2.1
2
2
2.06666666666667
2.03333333333333
2
2
2.2
2.06666666666667
2
2
2
2
2
2
2
2
2
2.06666666666667
2
2
2
2
2
2.1
2
2
2.03333333333333
2
2
2
2
2
2.03333333333333
2
2
2
2
2
2
2
2
2
2
2
2
2
2.26666666666667
2.23333333333333
2.33333333333333
2.33333333333333
2.33333333333333
2.23333333333333
2.2
2.13333333333333
2.13333333333333
2
2
2.06666666666667
2
2
2
2
2
2
2
2
2
2
2
2
2
2
2
2.1
3.5
2.13333333333333
2.1
2
2
2
2.06666666666667
2.5
2.5
2.5
2.5
2.26666666666667
2.1
2.06666666666667
2.06666666666667
2.36666666666667
2.5
2.5
2.5
2.5
2.5
2
2
2
2
2
2
2
2
2.03333333333333
2
2
2
2
2
2
1.83333333333333
1.76666666666667
2
2
2
2.5
2.5
2.5
2.53333333333333
2.5
2.5
2.5
