3.35
3.3
3.36666666666667
3.4
3.41666666666667
3.43333333333333
3.38333333333333
3.18333333333333
3.25
3.2
3.23333333333333
3.26666666666667
3.35
3.3
3.3
3.23333333333333
3.36666666666667
3.26666666666667
3.25
3.28333333333333
3.26666666666667
3.26666666666667
3.4
3.31666666666667
3.36666666666667
3.28333333333333
3.38333333333333
3.28333333333333
3.36666666666667
3.26666666666667
3.23333333333333
3.33333333333333
3.18333333333333
3.45
3.35
3.23333333333333
3.23333333333333
3.26666666666667
3.31666666666667
3.28333333333333
3.41666666666667
3.36666666666667
3.25
3.33333333333333
3.21666666666667
3.26666666666667
3.35
3.5
3.28333333333333
3.18333333333333
3.35
3.3
3.41666666666667
3.28333333333333
3.5
3.3
3.33333333333333
3.28333333333333
3.3
3.3
3.31666666666667
3.45
3.43333333333333
3.46666666666667
3.45
3.23333333333333
3.2
3.28333333333333
3.35
3.5
3.31666666666667
3.28333333333333
3.26666666666667
3.3
3.3
3.4
3.23333333333333
3.26666666666667
3.3
3.3
3.95
3.28333333333333
3.35
3.3
3.35
3.48333333333333
3.35
3.46666666666667
3.38333333333333
3.4
3.4
3.36666666666667
3.35
3.21666666666667
3.38333333333333
3.38333333333333
3.41666666666667
3.38333333333333
3.46666666666667
3.3
3.3
3.5
3.23333333333333
3.4
3.31666666666667
3.4
3.3
3.28333333333333
3.36666666666667
3.28333333333333
3.4
3.46666666666667
3.43333333333333
3.4
3.56666666666667
3.41666666666667
3.43333333333333
3.53333333333333
3.51666666666667
3.46666666666667
3.31666666666667
3.36666666666667
3.48333333333333
3.41666666666667
3.41666666666667
3.4
3.53333333333333
3.35
3.4
3.45
3.35
3.4
3.58333333333333
3.56666666666667
3.51666666666667
3.48333333333333
3.66666666666667
3.36666666666667
3.46666666666667
3.4
3.53333333333333
3.45
3.56666666666667
3.8
3.66666666666667
3.56666666666667
3.61666666666667
3.61666666666667
3.55
3.56666666666667
3.5
3.53333333333333
3.55
3.51666666666667
3.68333333333333
3.53333333333333
3.45
3.48333333333333
3.41666666666667
3.53333333333333
4.46666666666667
3.58333333333333
3.45
3.45
3.35
3.46666666666667
3.41666666666667
3.43333333333333
3.58333333333333
3.51666666666667
3.55
3.5
3.51666666666667
3.4
3.41666666666667
3.45
3.46666666666667
3.4
3.46666666666667
3.4
3.43333333333333
3.55
3.46666666666667
3.48333333333333
3.51666666666667
3.48333333333333
3.48333333333333
3.28333333333333
3.53333333333333
3.56666666666667
3.36666666666667
3.38333333333333
3.43333333333333
3.38333333333333
3.46666666666667
3.55
3.6
3.48333333333333
3.53333333333333
3.43333333333333
3.35
3.56666666666667
3.58333333333333
3.56666666666667
3.33333333333333
3.36666666666667
3.3
3.45
3.41666666666667
3.6
3.53333333333333
3.45
3.41666666666667
3.36666666666667
3.46666666666667
3.4
3.46666666666667
3.56666666666667
3.41666666666667
3.38333333333333
3.5
3.4
3.4
3.51666666666667
3.63333333333333
3.46666666666667
3.51666666666667
3.38333333333333
3.53333333333333
3.38333333333333
3.58333333333333
3.58333333333333
3.46666666666667
3.51666666666667
3.38333333333333
3.43333333333333
3.45
3.45
3.46666666666667
3.48333333333333
3.56666666666667
3.41666666666667
4.16666666666667
4.81666666666667
3.88333333333333
3.58333333333333
3.53333333333333
3.56666666666667
3.4
3.45
3.96666666666667
3.66666666666667
3.53333333333333
3.41666666666667
3.41666666666667
3.38333333333333
3.5
3.58333333333333
3.38333333333333
3.53333333333333
3.25
3.55
3.35
3.43333333333333
3.41666666666667
3.4
3.46666666666667
3.38333333333333
3.53333333333333
3.43333333333333
3.61666666666667
3.38333333333333
3.45
3.51666666666667
3.4
3.45
3.45
3.46666666666667
3.46666666666667
3.4
3.48333333333333
3.38333333333333
3.46666666666667
3.4
3.36666666666667
3.36666666666667
3.33333333333333
3.38333333333333
