2
2.2
2
2.2
2
3.5
2
2.2
2
2.2
2
2.2
2
2.2
2
2.2
2
2.3
2.1
2.23333333333333
2
2.2
2
2.2
2
2.2
2
2.2
2
2.2
2
2.16666666666667
1.96666666666667
2.2
2
2.2
2
3.6
2
2.2
2
2.23333333333333
1.96666666666667
2.2
2
2.2
2
2.2
2
2.16666666666667
2
2.2
2
2.3
2
2.2
2
2.2
2
2.2
2
2.2
2
2.2
2
2.3
2
2.2
2
2.2
2
2.2
2
2.2
2
2.2
2
2.26666666666667
2
2.16666666666667
1.96666666666667
2.2
2
2.2
2
2.2
2
2.2
2
2.26666666666667
2
2.2
2
2.2
1.96666666666667
2.2
2
2.2
2
2.2
2
2.16666666666667
2
2.2
2
2.2
2
2.16666666666667
2
2.2
1.93333333333333
2.16666666666667
2
2.26666666666667
1.96666666666667
2.2
2
2.16666666666667
2
2.16666666666667
2
2.2
2
2.2
2
2.2
1.96666666666667
2.2
2
2.2
2
2.16666666666667
2
2.2
2
2.16666666666667
2
2.16666666666667
2
2.2
2
2.2
2
2.2
1.96666666666667
2.7
2
2.2
2
2.23333333333333
2.03333333333333
2.13333333333333
2.1
2.13333333333333
2.06666666666667
2.13333333333333
2.06666666666667
2.13333333333333
2.03333333333333
2.1
2.06666666666667
2.13333333333333
2.06666666666667
2.1
2.1
2.06666666666667
2.13333333333333
2.06666666666667
2.13333333333333
2.03333333333333
2.13333333333333
2.06666666666667
2.13333333333333
2.1
2.1
2.03333333333333
2.13333333333333
2.06666666666667
2.13333333333333
2.06666666666667
2.13333333333333
2.06666666666667
2.13333333333333
2
2.2
2.06666666666667
2.2
2
2.2
2
2.16666666666667
2
2.2
1.96666666666667
2.2
2
2.2
2.03333333333333
2.16666666666667
2
2.16666666666667
2
2.2
1.96666666666667
2.2
2
2.2
2
2.2
2.06666666666667
2.2
2
2.2
2
2.2
2
2.2
2
2.2
2
2.16666666666667
2
2.2
2
2.2
1.96666666666667
2.2
2
2.2
2
2.2
2
2.2
2.03333333333333
2.2
2
2.2
2
2.16666666666667
2
2.2
2
2.2
2
2.2
2
2.2
2
2.16666666666667
2
2.2
2
2.2
2
2.2
2
2.2
2.1
2.2
2
2.2
2
2.16666666666667
1.96666666666667
2.2
1.96666666666667
2.2
2
2.2
2.06666666666667
2.2
2
2.2
2
2.2
2
2.2
2
2.2
2
2.16666666666667
2.1
2.2
2
2.2
2
2.2
2
