1.96666666666667
1.83333333333333
1.7
1.66666666666667
1.76666666666667
1.8
1.66666666666667
1.76666666666667
1.76666666666667
1.63333333333333
1.6
2
1.96666666666667
1.76666666666667
1.7
1.73333333333333
1.7
1.76666666666667
1.7
1.73333333333333
1.8
1.8
1.73333333333333
1.9
1.8
1.63333333333333
2.06666666666667
1.9
4
2.26666666666667
1.56666666666667
1.6
1.6
1.6
1.6
1.7
1.73333333333333
1.53333333333333
1.6
1.63333333333333
1.6
1.7
1.56666666666667
1.6
1.56666666666667
1.5
1.53333333333333
1.66666666666667
1.76666666666667
1.6
1.6
1.6
1.6
1.56666666666667
1.5
1.5
1.56666666666667
1.6
1.6
1.7
1.76666666666667
1.53333333333333
1.5
1.5
1.56666666666667
1.56666666666667
1.6
1.6
1.56666666666667
1.53333333333333
1.5
1.63333333333333
1.76666666666667
1.6
1.6
1.6
1.63333333333333
1.7
1.6
1.66666666666667
1.6
1.66666666666667
1.5
1.6
1.8
1.53333333333333
1.56666666666667
1.53333333333333
1.6
1.6
1.6
1.63333333333333
1.63333333333333
1.6
1.6
1.73333333333333
1.9
1.6
1.6
1.6
1.46666666666667
1.1
1.1
1
1.1
1
1.1
1.13333333333333
2.26666666666667
1
1.1
1
1.1
1.1
1.2
1.2
1.1
1
1.1
1.13333333333333
1.4
1
1.1
1
1.1
1.1
1.2
1
1.1
1
1.1
1.2
1.36666666666667
1.1
1.16666666666667
1.1
1.1
1.2
1.06666666666667
1.1
1.1
1.1
1.1
1.2
1.33333333333333
1.06666666666667
1.1
1.1
2.53333333333333
2.53333333333333
1.1
1.13333333333333
1.06666666666667
1.7
1.1
1.23333333333333
1.3
1.1
1.13333333333333
1.1
1.1
1.4
1.1
1.1
1.1
1.1
1.1
1.23333333333333
1.36666666666667
1.1
1.1
1.1
1.1
1.13333333333333
1.1
1.1
1.1
1.1
1.1
1.23333333333333
1.36666666666667
1.1
1.1
1.1
1.1
1.2
1.1
1.1
1.1
1.1
1.1
1.23333333333333
1.36666666666667
1.1
1.1
1.1
1.1
1.2
1.1
1.1
1.1
1.1
1.1
1.23333333333333
1.36666666666667
1.1
1.23333333333333
1.1
1.1
1.2
1.1
1.1
1.1
1.1
1.1
1.23333333333333
1.36666666666667
1.1
1.1
1.1
1.1
1.2
1.1
1.1
1.1
1.1
1.1
1.23333333333333
1.36666666666667
1.1
1.1
1.1
1.1
1.2
1.1
1.1
1.1
1.1
1.1
1.23333333333333
1.4
1.5
1.4
1.1
1.36666666666667
1.4
1.26666666666667
1.16666666666667
1.16666666666667
1.1
1.1
1.23333333333333
1.36666666666667
1.26666666666667
1.2
1.1
1.2
1.16666666666667
1.2
1.1
1.1
1.1
1.1
1.2
1.26666666666667
1.1
1.1
1.1
1.1
1.13333333333333
1.1
1.1
1.1
1.1
1.3
1.2
1.63333333333333
1.53333333333333
1.46666666666667
1.6
1.53333333333333
1.6
1.56666666666667
1.56666666666667
1.6
1.6
1.6
1.7
