1.93333333333333
1.88333333333333
1.88333333333333
2.05
1.96666666666667
2.06666666666667
1.86666666666667
2.01666666666667
1.9
1.93333333333333
1.88333333333333
1.96666666666667
1.93333333333333
1.9
1.91666666666667
2.13333333333333
1.98333333333333
1.88333333333333
1.8
1.88333333333333
1.83333333333333
1.8
1.83333333333333
1.83333333333333
1.83333333333333
1.8
1.83333333333333
1.96666666666667
1.86666666666667
1.81666666666667
1.85
1.81666666666667
1.8
1.78333333333333
1.75
1.83333333333333
1.83333333333333
1.85
1.83333333333333
2
1.78333333333333
1.86666666666667
1.88333333333333
1.81666666666667
1.86666666666667
1.81666666666667
1.83333333333333
1.8
2
1.78333333333333
1.76666666666667
2.08333333333333
1.88333333333333
1.9
1.88333333333333
1.88333333333333
1.91666666666667
1.91666666666667
1.78333333333333
1.78333333333333
1.83333333333333
1.86666666666667
1.9
2.01666666666667
1.83333333333333
1.85
1.91666666666667
1.78333333333333
1.8
1.81666666666667
1.88333333333333
1.8
1.9
1.98333333333333
1.85
1.98333333333333
1.8
1.85
1.91666666666667
1.83333333333333
1.9
1.96666666666667
1.86666666666667
1.81666666666667
1.85
1.86666666666667
1.86666666666667
2.03333333333333
1.8
1.86666666666667
1.95
1.86666666666667
1.81666666666667
1.81666666666667
1.86666666666667
1.81666666666667
1.8
1.86666666666667
1.88333333333333
2.01666666666667
1.73333333333333
1.56666666666667
1.51666666666667
1.55
1.51666666666667
1.53333333333333
1.51666666666667
1.53333333333333
1.51666666666667
1.53333333333333
1.51666666666667
1.73333333333333
1.51666666666667
1.6
1.55
1.55
1.51666666666667
1.53333333333333
1.51666666666667
1.53333333333333
1.51666666666667
1.55
1.51666666666667
1.8
1.58333333333333
1.55
1.55
1.55
1.53333333333333
1.53333333333333
1.51666666666667
1.53333333333333
1.55
1.58333333333333
1.56666666666667
1.73333333333333
1.55
1.58333333333333
1.58333333333333
1.7
1.56666666666667
1.55
1.53333333333333
1.55
1.55
1.55
1.55
1.75
2.26666666666667
2.23333333333333
1.58333333333333
1.86666666666667
1.55
1.55
1.55
1.55
1.56666666666667
1.53333333333333
1.56666666666667
1.7
1.53333333333333
1.6
1.58333333333333
1.56666666666667
1.68333333333333
1.55
1.53333333333333
1.55
1.55
1.55
1.56666666666667
1.71666666666667
1.55
1.6
1.56666666666667
1.58333333333333
1.55
1.55
1.53333333333333
1.55
1.56666666666667
1.6
1.55
1.75
1.58333333333333
1.6
1.56666666666667
1.58333333333333
1.55
1.55
1.55
1.55
1.56666666666667
1.6
1.53333333333333
1.75
1.56666666666667
1.56666666666667
1.6
1.6
1.55
1.55
1.56666666666667
1.55
1.55
1.58333333333333
1.56666666666667
1.75
1.56666666666667
1.61666666666667
1.6
1.6
1.55
1.55
1.55
1.55
1.55
1.58333333333333
1.55
1.78333333333333
1.56666666666667
1.61666666666667
1.56666666666667
1.58333333333333
1.56666666666667
1.53333333333333
1.55
1.55
1.53333333333333
1.58333333333333
1.58333333333333
1.71666666666667
1.55
1.61666666666667
1.6
1.73333333333333
1.55
1.55
1.55
1.56666666666667
1.55
1.55
1.58333333333333
1.73333333333333
1.55
1.6
1.56666666666667
1.56666666666667
1.53333333333333
1.55
1.55
1.55
1.55
1.58333333333333
1.55
1.75
1.55
1.63333333333333
1.55
1.58333333333333
1.55
1.6
1.7
1.73333333333333
1.76666666666667
1.76666666666667
1.71666666666667
1.95
1.75
1.8
1.73333333333333
1.76666666666667
1.73333333333333
1.75
1.78333333333333
1.73333333333333
1.88333333333333
1.9
1.91666666666667
2.08333333333333
1.96666666666667
2
1.95
1.95
1.91666666666667
1.88333333333333
1.91666666666667
1.95
