1.6
1.66666666666667
1.6
1.7
1.6
1.76666666666667
1.93333333333333
1.63333333333333
1.6
1.7
1.6
1.7
1.66666666666667
1.7
1.5
1.8
1.6
1.8
2.13333333333333
1.7
1.6
1.73333333333333
1.53333333333333
1.7
1.66666666666667
1.8
1.6
1.7
1.63333333333333
1.73333333333333
1.96666666666667
1.63333333333333
1.6
1.7
1.6
1.7
1.63333333333333
1.7
1.5
1.6
1.6
1.83333333333333
2
1.66666666666667
1.6
1.7
1.56666666666667
1.66666666666667
1.66666666666667
1.66666666666667
1.6
1.66666666666667
1.6
1.76666666666667
1.96666666666667
1.66666666666667
1.53333333333333
1.6
1.6
1.76666666666667
1.6
1.7
1.6
1.7
1.56666666666667
1.93333333333333
2.3
1.66666666666667
1.6
1.66666666666667
1.6
1.7
1.6
1.7
1.53333333333333
1.63333333333333
1.6
1.76666666666667
2
1.7
1.6
1.7
1.6
1.7
1.6
1.7
1.6
1.7
1.6
1.7
2
1.66666666666667
1.56666666666667
1.66666666666667
1.6
1.76666666666667
1.6
1.66666666666667
1.6
1.7
1.5
1.33333333333333
1.53333333333333
1.3
1.2
1.2
1.16666666666667
1.26666666666667
1.16666666666667
1.1
1.1
1.13333333333333
1.1
1.2
1.5
1.1
1.1
1.1
1.1
1.3
1.23333333333333
1.1
1.16666666666667
1.1
1.1
1.3
1.5
1.26666666666667
1.33333333333333
1.1
1.13333333333333
1.23333333333333
1.26666666666667
1.3
1.1
1.2
1.1
1.26666666666667
1.43333333333333
1.26666666666667
1.13333333333333
1.33333333333333
1.4
1.3
1.1
1.2
1.1
1.2
2.6
3.56666666666667
1.56666666666667
1.2
1.13333333333333
1.2
1.1
1.3
1.23333333333333
1.23333333333333
1.16666666666667
1.26666666666667
1.1
1.43333333333333
1.73333333333333
1.26666666666667
1.1
1.3
1.43333333333333
1.3
1.1
1.23333333333333
1.13333333333333
1.2
1.1
1.4
1.53333333333333
1.2
1.1
1.23333333333333
1.1
1.3
1.13333333333333
1.2
1.1
1.23333333333333
1.16666666666667
1.73333333333333
1.5
1.2
1.13333333333333
1.2
1.2
1.3
1.26666666666667
1.23333333333333
1.1
1.2
1.13333333333333
1.36666666666667
1.5
1.23333333333333
1.16666666666667
1.26666666666667
1.23333333333333
1.5
1.13333333333333
1.46666666666667
1.2
1.23333333333333
1.16666666666667
1.46666666666667
1.5
1.2
1.1
1.2
1.16666666666667
1.36666666666667
1.13333333333333
1.23333333333333
1.16666666666667
1.23333333333333
1.1
1.36666666666667
1.5
1.2
1.13333333333333
1.2
1.13333333333333
1.3
1.13333333333333
1.23333333333333
1.16666666666667
1.2
1.16666666666667
1.36666666666667
1.5
1.23333333333333
1.13333333333333
1.43333333333333
1.13333333333333
1.3
1.4
1.23333333333333
1.1
1.2
1.2
1.46666666666667
1.7
1.3
1.43333333333333
1.26666666666667
1.16666666666667
1.2
1.1
1.2
1.1
1.2
1.1
1.33333333333333
1.5
1.2
1.23333333333333
1.36666666666667
1.1
1.2
1.1
1.2
1.1
1.2
1.1
1.3
1.6
1.5
1.43333333333333
1.46666666666667
1.3
1.4
1.63333333333333
1.7
1.56666666666667
1.76666666666667
1.56666666666667
1.9
2
1.76666666666667
1.7
1.8
1.7
2
