4.56666666666667
4.53333333333333
4.56666666666667
4.43333333333333
4.96666666666667
5
4.66666666666667
4.46666666666667
4.63333333333333
4.5
4.7
4.53333333333333
4.8
4.73333333333333
4.8
4.6
4.76666666666667
4.4
4.73333333333333
4.73333333333333
4.66666666666667
4.46666666666667
4.73333333333333
4.86666666666667
4.96666666666667
4.86666666666667
4.63333333333333
4.53333333333333
4.76666666666667
4.4
4.7
4.56666666666667
4.56666666666667
4.53333333333333
4.86666666666667
4.46666666666667
4.8
4.43333333333333
4.6
4.4
4.86666666666667
4.5
4.73333333333333
4.46666666666667
4.63333333333333
4.4
4.7
4.63333333333333
4.9
5.13333333333333
4.7
4.6
5
4.46666666666667
4.63333333333333
4.8
4.66666666666667
4.56666666666667
4.7
4.43333333333333
4.63333333333333
4.36666666666667
4.6
4.56666666666667
4.6
4.46666666666667
4.66666666666667
4.8
4.63333333333333
4.56666666666667
4.76666666666667
4.43333333333333
4.63333333333333
4.5
4.56666666666667
4.46666666666667
4.56666666666667
4.43333333333333
4.63333333333333
4.63333333333333
4.73333333333333
4.53333333333333
5.1
4.96666666666667
5.1
4.96666666666667
5.06666666666667
4.46666666666667
4.76666666666667
4.43333333333333
4.83333333333333
4.93333333333333
4.86666666666667
4.46666666666667
4.66666666666667
4.5
4.73333333333333
4.53333333333333
4.7
4.6
4.6
4.4
4.53333333333333
4.4
4.66666666666667
4.6
4.83333333333333
4.53333333333333
4.56666666666667
4.6
4.53333333333333
4.46666666666667
4.53333333333333
4.43333333333333
4.6
4.5
4.86666666666667
4.76666666666667
4.76666666666667
4.43333333333333
4.56666666666667
4.66666666666667
4.6
4.63333333333333
4.56666666666667
4.5
4.46666666666667
4.56666666666667
4.5
4.53333333333333
4.63333333333333
4.56666666666667
4.63333333333333
4.63333333333333
4.5
4.53333333333333
4.56666666666667
4.6
4.46666666666667
4.66666666666667
4.46666666666667
4.46666666666667
4.53333333333333
4.53333333333333
4.5
4.53333333333333
4.43333333333333
4.63333333333333
4.6
4.63333333333333
4.53333333333333
4.76666666666667
4.53333333333333
5.1
5
5.2
5.03333333333333
5.2
5
5.2
5.1
5.2
5
5.2
5
5.2
5
5.4
5
5.2
5
5.3
5.1
5.16666666666667
5
5.2
5
5.2
5
5.2
5.1
5.2
5
5.13333333333333
5
5.2
5
5.2
5
5.13333333333333
6.46666666666667
5.2
5.1
4.76666666666667
4.76666666666667
5.23333333333333
5.46666666666667
5.2
5
5.2
5
5.23333333333333
5.13333333333333
5.1
5.03333333333333
5.16666666666667
5
5.1
5.06666666666667
5.26666666666667
5.06666666666667
6.5
5
5.2
5.1
5.13333333333333
5
5.16666666666667
5
5.13333333333333
5
5.1
5
5.16666666666667
5
4.83333333333333
4.86666666666667
5.06666666666667
5.06666666666667
5.03333333333333
4.96666666666667
5.2
5
5.1
5
5.1
4.9
5.1
4.96666666666667
5.16666666666667
5
5.1
5
5.1
5
5.13333333333333
5
5.2
5
5.13333333333333
5.1
5.13333333333333
5.06666666666667
5.3
5
5.1
5.06666666666667
5.2
5
5.16666666666667
5
5.1
5.6
5.13333333333333
5.36666666666667
5.1
5
5.2
5
5.2
5
5.1
5.2
5.13333333333333
5.06666666666667
5.6
5
5.13333333333333
5
5.13333333333333
5.03333333333333
5.2
5
5.16666666666667
5
5.2
5.1
5.13333333333333
