3.13333333333333
3.56666666666667
3.63333333333333
3.56666666666667
3.43333333333333
4.53333333333333
4.2
5.83333333333333
3.5
4.3
5.33333333333333
4.13333333333333
4.03333333333333
3.56666666666667
3.36666666666667
4.1
3.23333333333333
3.33333333333333
3.26666666666667
3.03333333333333
3.16666666666667
3.23333333333333
3.16666666666667
3.13333333333333
3.13333333333333
3.86666666666667
3.5
3.36666666666667
3
3.56666666666667
3.36666666666667
2.96666666666667
3.26666666666667
3.33333333333333
2.96666666666667
3.06666666666667
2.96666666666667
3.66666666666667
3.5
3.36666666666667
3
3.8
3.03333333333333
2.96666666666667
3.33333333333333
3.26666666666667
3.56666666666667
3.16666666666667
3.06666666666667
3.7
3.33333333333333
3.43333333333333
3.03333333333333
3.33333333333333
3.3
3.03333333333333
3.26666666666667
3.36666666666667
3.23333333333333
3.1
3.06666666666667
3.76666666666667
3.46666666666667
3.4
3.3
3.63333333333333
3.06666666666667
3.1
3.4
3.53333333333333
3.1
3.36666666666667
3.13333333333333
4.03333333333333
3.46666666666667
3.53333333333333
5.6
14.7333333333333
4.3
3.56666666666667
3.56666666666667
3.46666666666667
3.3
3.66666666666667
3.46666666666667
3.86666666666667
3.66666666666667
3.33333333333333
3.2
4
3.3
3.4
3.56666666666667
3.7
3.13333333333333
3.93333333333333
4.43333333333333
4.96666666666667
4.53333333333333
3.5
6.3
4.23333333333333
3.2
3.06666666666667
3.16666666666667
3.5
3.03333333333333
3.03333333333333
2.9
3.73333333333333
3.7
3.66666666666667
3.23333333333333
3.26666666666667
3.16666666666667
3.16666666666667
3.3
3.26666666666667
3.13333333333333
3.73333333333333
3.13333333333333
5.93333333333333
3.43333333333333
3.46666666666667
3.1
4.86666666666667
4.96666666666667
3.1
3.46666666666667
3.46666666666667
3
2.93333333333333
2.9
3.8
3.53333333333333
3.43333333333333
3.8
8.83333333333333
3.16666666666667
3
3.33333333333333
3.3
3.13333333333333
3.1
3
3.4
3.36666666666667
3.4
3.96666666666667
7.33333333333333
2.96666666666667
3.53333333333333
3
3.66666666666667
2.96666666666667
3.03333333333333
3.06666666666667
3.66666666666667
3.46666666666667
3.33333333333333
3.36666666666667
3.63333333333333
3.1
3.13333333333333
3.2
3.86666666666667
3.1
3.2
3.4
3.73333333333333
4.06666666666667
3.76666666666667
3.16666666666667
3.46666666666667
3.2
3.1
3.4
3.46666666666667
3.16666666666667
3.46666666666667
3.33333333333333
3.73333333333333
3.5
3.26666666666667
3.03333333333333
3.36666666666667
3.2
2.96666666666667
3.43333333333333
3.43333333333333
3.06666666666667
3.2
3.2
4.26666666666667
3.73333333333333
3.43333333333333
3.3
3.3
3.23333333333333
3.1
3.4
3.5
3.26666666666667
3.26666666666667
3.4
3.86666666666667
4.8
3.56666666666667
3.93333333333333
3.56666666666667
3.53333333333333
3.23333333333333
3.66666666666667
4.7
3.33333333333333
3.3
3.43333333333333
4.8
4.36666666666667
3.6
3.66666666666667
3.73333333333333
5.2
4.26666666666667
4.76666666666667
5.03333333333333
3.4
3.66666666666667
4.26666666666667
4.2
3.73333333333333
4.03333333333333
3.96666666666667
9.86666666666667
4.93333333333333
5.3
5.16666666666667
4.33333333333333
4.96666666666667
5.83333333333333
6.66666666666667
6.3
5.36666666666667
4.06666666666667
4.03333333333333
4.2
3.9
4.1
3.63333333333333
4.43333333333333
8.53333333333333
11.7
9.8
5.03333333333333
4.33333333333333
3.5
6.5
4.93333333333333
6.16666666666667
4.13333333333333
4.2
3.76666666666667
4.63333333333333
3.9
6.03333333333333
4.83333333333333
4.13333333333333
3.53333333333333
3.63333333333333
4.3
3.26666666666667
3.4
4.16666666666667
4.63333333333333
4.56666666666667
3.63333333333333
3.3
4.3
3.93333333333333
3.43333333333333
3.33333333333333
4.43333333333333
5.1
3.56666666666667
4.93333333333333
4.56666666666667
3.56666666666667
3.16666666666667
