3.5875
3.60416666666667
3.51666666666667
5.40416666666667
3.83125
3.74375
4.42291666666667
3.97916666666667
3.68541666666667
3.58333333333333
3.58333333333333
3.50416666666667
3.6875
3.63541666666667
3.57708333333333
3.59166666666667
3.68333333333333
3.60416666666667
3.60208333333333
3.54375
3.49166666666667
3.57291666666667
3.57083333333333
3.49791666666667
3.59166666666667
3.56666666666667
3.50833333333333
3.5625
3.55833333333333
3.525
3.55625
3.54791666666667
3.49166666666667
3.56458333333333
3.50208333333333
3.49791666666667
3.56666666666667
3.54583333333333
3.47708333333333
3.55416666666667
3.5625
3.525
3.71666666666667
3.73958333333333
3.68125
3.63958333333333
3.67916666666667
3.70625
3.95416666666667
3.67708333333333
3.49583333333333
3.75
4.05
3.6625
3.90208333333333
3.85625
3.7625
3.65208333333333
3.67083333333333
3.63958333333333
3.62916666666667
3.68541666666667
3.61458333333333
3.67291666666667
3.76666666666667
3.61875
3.80625
3.8
3.68125
3.73333333333333
3.49375
3.4875
3.58125
3.56666666666667
3.49375
3.54166666666667
3.58333333333333
3.61458333333333
3.73958333333333
3.71666666666667
3.67083333333333
3.725
3.66041666666667
3.55416666666667
3.5625
3.5625
3.5125
3.56041666666667
3.60208333333333
3.55833333333333
3.59583333333333
3.54166666666667
3.50416666666667
3.57916666666667
3.55208333333333
3.52291666666667
3.57083333333333
3.57291666666667
3.5
3.56458333333333
3.57291666666667
3.52291666666667
3.52083333333333
3.52916666666667
3.47708333333333
3.54166666666667
3.525
3.80833333333333
3.69583333333333
3.59166666666667
3.51458333333333
3.52708333333333
3.57291666666667
3.41458333333333
3.56875
3.59375
3.54375
3.72708333333333
3.81041666666667
3.72291666666667
3.84791666666667
3.83125
3.8375
3.72291666666667
3.74375
3.89375
3.88958333333333
3.84166666666667
3.67916666666667
3.76666666666667
3.80416666666667
3.50416666666667
3.60833333333333
3.57708333333333
3.55833333333333
3.57083333333333
3.61041666666667
3.57916666666667
3.80416666666667
3.75625
4.5125
3.87291666666667
3.78958333333333
3.8625
3.97916666666667
3.99166666666667
3.9875
4.15208333333333
4.27916666666667
4.075
3.93958333333333
3.775
3.73333333333333
3.73541666666667
3.64375
3.77291666666667
3.78333333333333
3.725
3.84375
3.9125
3.9125
4.03333333333333
4.12916666666667
3.92708333333333
3.80208333333333
3.88125
3.6125
3.67291666666667
3.68541666666667
3.69166666666667
3.60625
3.65833333333333
3.64583333333333
3.59583333333333
3.67083333333333
3.65
3.58958333333333
3.66666666666667
3.69375
4.18125
4.20208333333333
4.1625
3.59166666666667
3.76875
3.82083333333333
3.68333333333333
3.79375
3.73541666666667
4.1875
4.26666666666667
4.19375
3.70416666666667
3.6125
3.575
3.50625
3.51875
3.63333333333333
3.53125
3.58541666666667
3.56875
3.49583333333333
3.55625
3.55625
3.46666666666667
3.575
3.51875
3.50625
3.53958333333333
3.60416666666667
3.50416666666667
3.59583333333333
3.52708333333333
3.48125
3.53958333333333
3.53541666666667
3.49583333333333
3.57291666666667
3.52083333333333
3.5
3.5375
3.57083333333333
3.475
3.5375
3.52291666666667
3.46875
3.56666666666667
3.53333333333333
3.47708333333333
3.52291666666667
3.57291666666667
3.49791666666667
3.53541666666667
3.60208333333333
3.50208333333333
3.54791666666667
3.53541666666667
3.49583333333333
3.52916666666667
3.56875
3.47708333333333
3.58125
3.52708333333333
3.52083333333333
3.5375
3.56041666666667
3.48125
3.55833333333333
3.55208333333333
3.5125
3.53958333333333
3.54166666666667
3.48125
3.55208333333333
3.52916666666667
3.47083333333333
3.52291666666667
3.56458333333333
3.48541666666667
3.56458333333333
3.53541666666667
3.54375
3.53125
3.53125
3.48125
3.56875
3.55208333333333
3.51041666666667
3.54791666666667
3.56666666666667
3.48541666666667
3.54583333333333
3.525
3.47083333333333
3.53125
3.54583333333333
3.51458333333333
3.59375
3.53333333333333
3.56458333333333
3.55625
3.57916666666667
3.50833333333333
3.57916666666667
3.53541666666667
3.54375
3.56041666666667
3.54583333333333
3.53333333333333
