1.55
1.3
1.25
1.31666666666667
1.25
1.3
1.25
1.3
1.28333333333333
1.3
1.28333333333333
1.25
1.55
1.26666666666667
1.26666666666667
1.31666666666667
1.26666666666667
1.26666666666667
1.3
1.25
1.3
1.3
1.28333333333333
1.25
1.56666666666667
1.25
1.25
1.25
1.31666666666667
1.31666666666667
1.26666666666667
1.3
1.31666666666667
1.31666666666667
1.28333333333333
1.25
1.65
1.25
1.28333333333333
1.25
1.28333333333333
1.28333333333333
1.28333333333333
1.25
1.31666666666667
1.3
1.28333333333333
1.25
1.55
1.55
1.26666666666667
1.25
1.28333333333333
1.26666666666667
1.28333333333333
1.25
1.3
1.33333333333333
1.3
1.25
1.55
1.25
1.26666666666667
1.25
1.25
1.25
1.3
1.3
1.28333333333333
1.31666666666667
1.28333333333333
1.25
1.63333333333333
1.25
1.28333333333333
1.25
1.3
1.26666666666667
1.3
1.25
1.3
1.31666666666667
1.3
1.3
1.6
1.25
1.3
1.25
1.3
1.26666666666667
1.28333333333333
1.26666666666667
1.26666666666667
1.35
1.3
1.25
1.58333333333333
1.25
1.28333333333333
1.25
1.26666666666667
1.3
1.26666666666667
1.25
1.3
1.35
1.3
1.25
1.6
1.28333333333333
1.30357142857143
1.32142857142857
1.26785714285714
1.25
1.26785714285714
1.25
1.31666666666667
1.31666666666667
1.3
1.33333333333333
1.55
1.25
1.28333333333333
1.26666666666667
1.3
1.28333333333333
1.25
1.3
1.33333333333333
1.36666666666667
1.28333333333333
1.3
1.55
1.26666666666667
1.26666666666667
1.31666666666667
1.3
1.3
1.3
1.28333333333333
1.28333333333333
1.36666666666667
1.26666666666667
1.26666666666667
1.55
1.3
1.3
1.33333333333333
1.3
1.31666666666667
1.3
1.3
1.31666666666667
1.36666666666667
1.3
1.3
1.55
1.33333333333333
1.25
1.28333333333333
1.3
1.3
1.3
1.31666666666667
1.28333333333333
1.31666666666667
1.26666666666667
1.31666666666667
1.6
1.33333333333333
1.3
1.28333333333333
1.65
1.33333333333333
1.26666666666667
1.3
1.33333333333333
1.36666666666667
4.36666666666667
1.33333333333333
1.58333333333333
1.31666666666667
1.3
1.28333333333333
1.26666666666667
1.3
1.3
1.31666666666667
1.33333333333333
1.36666666666667
1.26666666666667
1.33333333333333
1.56666666666667
1.28333333333333
1.31666666666667
1.3
1.3
1.26666666666667
1.26666666666667
1.35
1.31666666666667
1.35
1.3
1.3
1.55
1.31666666666667
1.26666666666667
1.28333333333333
1.26666666666667
1.31666666666667
1.3
1.31666666666667
1.3
1.35
1.3
1.31666666666667
1.51666666666667
1.3
1.28333333333333
1.33333333333333
1.28333333333333
1.31666666666667
1.3
1.33333333333333
1.28333333333333
1.33333333333333
1.3
1.3
1.53333333333333
1.31666666666667
1.3
1.33333333333333
1.26666666666667
1.33333333333333
1.3
1.3
1.33333333333333
1.41666666666667
1.3
1.26666666666667
1.55
1.3
1.3
1.33333333333333
1.3
1.31666666666667
1.26666666666667
1.4
1.33333333333333
1.38333333333333
1.31666666666667
1.35
1.55
1.4
1.3
1.3
1.3
1.35
1.3
1.35
1.28333333333333
1.35
1.3
1.3
1.56666666666667
1.35
1.3
1.3
1.3
1.31666666666667
1.28333333333333
1.35
1.33333333333333
1.35
1.28333333333333
1.35
1.58333333333333
1.36666666666667
1.28333333333333
1.31666666666667
1.28333333333333
1.28333333333333
1.3
1.31666666666667
1.3
1.45
1.3
1.33333333333333
