1.51666666666667
1.5
1.48333333333333
1.48333333333333
1.5
1.5
1.5
1.5
1.5
1.5
1.5
1.73333333333333
1.5
1.5
1.5
1.5
1.5
1.5
1.51666666666667
1.5
1.5
1.5
1.48333333333333
1.71666666666667
1.5
1.48333333333333
1.5
1.48333333333333
1.5
1.48333333333333
1.5
1.48333333333333
1.5
1.5
1.46666666666667
1.81666666666667
1.5
1.45
1.48333333333333
1.5
1.48333333333333
1.45
1.45
1.48333333333333
1.5
1.51666666666667
1.46666666666667
1.73333333333333
1.5
1.5
1.5
1.5
1.5
1.8
1.5
1.46666666666667
1.48333333333333
1.5
1.48333333333333
1.73333333333333
1.5
1.5
1.5
1.5
1.5
1.5
1.46666666666667
1.48333333333333
1.48333333333333
1.48333333333333
1.5
1.75
1.5
1.48333333333333
1.5
1.48333333333333
1.5
1.46666666666667
1.5
1.5
1.48333333333333
1.48333333333333
1.48333333333333
1.75
1.45
1.48333333333333
1.5
1.43333333333333
1.5
1.5
1.5
1.5
1.48333333333333
1.5
1.48333333333333
1.73333333333333
1.5
1.45
1.46666666666667
1.43333333333333
1.48333333333333
1.48333333333333
1.5
1.46666666666667
1.48333333333333
1.45
1.45
1.7
1.48333333333333
1.48333333333333
1.5
1.5
1.48333333333333
1.5
1.5
1.41666666666667
1.5
1.48333333333333
1.48333333333333
1.71666666666667
1.48333333333333
1.46666666666667
1.5
1.51666666666667
1.5
1.48333333333333
1.5
1.48333333333333
1.48333333333333
1.46666666666667
1.5
1.75
1.5
1.5
1.51666666666667
1.55
1.48333333333333
1.5
1.5
1.46666666666667
1.5
1.5
1.51666666666667
1.8
1.5
1.5
1.48333333333333
1.5
1.5
1.5
1.48333333333333
1.5
1.5
1.5
1.51666666666667
1.8
1.5
1.5
1.53333333333333
1.5
1.51666666666667
1.5
1.51666666666667
1.5
1.5
1.5
1.53333333333333
1.75
1.48333333333333
1.5
1.5
1.46666666666667
1.81666666666667
4.96666666666667
1.5
1.51666666666667
1.51666666666667
1.5
1.5
1.75
1.68333333333333
1.46666666666667
1.5
1.5
1.51666666666667
1.51666666666667
1.5
1.5
1.5
1.5
1.5
1.76666666666667
1.48333333333333
1.5
1.55
1.5
1.5
1.5
1.51666666666667
1.46666666666667
1.5
1.5
1.5
1.75
1.51666666666667
1.51666666666667
1.5
1.48333333333333
1.48333333333333
1.48333333333333
1.5
1.5
1.5
1.5
1.5
1.78333333333333
1.5
1.5
1.55
1.5
1.5
1.5
1.5
1.53333333333333
1.5
1.5
1.5
1.73333333333333
1.53333333333333
1.48333333333333
1.5
1.5
1.5
1.5
1.5
1.48333333333333
1.5
1.51666666666667
1.51666666666667
1.75
1.5
1.48333333333333
1.48333333333333
1.5
1.5
1.48333333333333
1.5
1.48333333333333
1.5
1.5
1.5
1.71666666666667
1.45
1.5
1.48333333333333
1.46666666666667
1.48333333333333
1.5
1.5
1.5
1.5
1.5
1.53333333333333
1.76666666666667
1.5
1.5
1.55
1.53333333333333
1.5
1.48333333333333
1.5
1.53333333333333
1.5
1.5
1.5
1.75
1.51666666666667
1.5
1.5
1.48333333333333
1.51666666666667
1.5
1.5
1.5
1.48333333333333
1.48333333333333
1.51666666666667
1.75
