1.88333333333333
1.85
2.05
1.88333333333333
1.88333333333333
1.91666666666667
1.9
1.88333333333333
1.83333333333333
1.9
1.85
1.86666666666667
1.88333333333333
1.86666666666667
2.08333333333333
1.91666666666667
1.91666666666667
1.91666666666667
1.88333333333333
1.88333333333333
1.93333333333333
1.86666666666667
1.86666666666667
1.83333333333333
1.86666666666667
1.86666666666667
2.08333333333333
1.86666666666667
1.9
1.9
1.9
1.86666666666667
1.88333333333333
1.86666666666667
1.83333333333333
1.88333333333333
1.86666666666667
1.86666666666667
2.05
1.86666666666667
1.86666666666667
1.91666666666667
1.85
1.85
1.86666666666667
1.85
1.88333333333333
1.86666666666667
1.86666666666667
1.86666666666667
2.05
1.88333333333333
1.9
1.95
1.85
1.83333333333333
1.88333333333333
1.86666666666667
1.88333333333333
1.83333333333333
1.88333333333333
1.86666666666667
2.06666666666667
1.85
1.85
1.86666666666667
1.88333333333333
1.81666666666667
1.86666666666667
1.88333333333333
1.91666666666667
1.85
1.86666666666667
1.9
2.08333333333333
1.88333333333333
1.86666666666667
1.86666666666667
1.91666666666667
1.88333333333333
1.88333333333333
1.88333333333333
1.85
1.86666666666667
1.91666666666667
1.88333333333333
2.05
1.9
1.88333333333333
2.06666666666667
1.91666666666667
1.86666666666667
1.85
1.85
1.9
1.85
1.85
1.9
2.05
1.86666666666667
1.8
1.7
1.76666666666667
1.71666666666667
1.7
1.71666666666667
1.71666666666667
1.7
1.75
2.18333333333333
1.91666666666667
1.71666666666667
1.71666666666667
1.7
1.75
1.66666666666667
1.71666666666667
1.71666666666667
1.73333333333333
1.7
1.73333333333333
1.7
1.93333333333333
1.7
1.73333333333333
1.71666666666667
1.71666666666667
1.68333333333333
1.68333333333333
1.68333333333333
1.71666666666667
1.71666666666667
1.71666666666667
1.7
1.96666666666667
1.73333333333333
1.73333333333333
1.75
1.78333333333333
1.73333333333333
1.73333333333333
1.75
1.75
1.71666666666667
1.76666666666667
2.15
2.26666666666667
6.21666666666667
2.48333333333333
2.51666666666667
1.78333333333333
1.75
1.75
2.03333333333333
1.75
1.73333333333333
1.86666666666667
1.75
1.9
1.76666666666667
1.71666666666667
1.71666666666667
1.76666666666667
1.7
1.7
1.71666666666667
1.71666666666667
1.71666666666667
1.75
1.68333333333333
1.93333333333333
1.75
1.7
1.71666666666667
1.76666666666667
1.7
1.68333333333333
1.71666666666667
1.73333333333333
1.71666666666667
1.7
1.73333333333333
1.91666666666667
1.86666666666667
1.73333333333333
1.75
1.71666666666667
1.71666666666667
1.73333333333333
1.73333333333333
1.73333333333333
1.7
1.71666666666667
1.75
1.96666666666667
1.75
1.73333333333333
1.78333333333333
1.71666666666667
1.75
1.75
1.71666666666667
1.73333333333333
1.76666666666667
1.7
1.7
1.91666666666667
1.73333333333333
1.73333333333333
1.7
1.73333333333333
1.71666666666667
1.71666666666667
1.7
1.7
1.71666666666667
1.71666666666667
1.73333333333333
1.88333333333333
1.71666666666667
1.75
1.8
1.71666666666667
1.76666666666667
1.71666666666667
1.73333333333333
1.8
1.73333333333333
1.71666666666667
1.75
1.91666666666667
1.71666666666667
1.75
1.73333333333333
1.73333333333333
1.71666666666667
1.68333333333333
1.7
1.75
1.73333333333333
1.73333333333333
1.76666666666667
1.96666666666667
1.75
1.73333333333333
1.8
1.76666666666667
1.76666666666667
1.73333333333333
1.78333333333333
1.75
1.75
1.75
1.73333333333333
1.93333333333333
1.73333333333333
1.8
1.76666666666667
1.76666666666667
1.71666666666667
1.76666666666667
1.75
1.71666666666667
1.7
1.7
1.76666666666667
1.93333333333333
1.81666666666667
1.71666666666667
1.75
1.78333333333333
1.73333333333333
1.73333333333333
1.76666666666667
1.75
1.75
1.81666666666667
1.85
2.05
1.88333333333333
1.86666666666667
1.9
1.85
1.86666666666667
1.88333333333333
1.85
1.86666666666667
1.91666666666667
