11.4833333333333
14.1166666666667
11.65
12.2666666666667
13.9833333333333
18.2833333333333
18.4333333333333
5.65
1.45
1.38333333333333
1.35
1.43333333333333
1.4
1.45
2.46666666666667
3.41666666666667
7.7
2.85
3.8
1.66666666666667
2.76666666666667
3.46666666666667
4.18333333333333
6.7
6.5
6.6
1.76666666666667
1.5
1.76666666666667
5.5
2.43333333333333
1.63333333333333
4.25
4.83333333333333
3.08333333333333
7
9.36666666666667
10.1666666666667
7.81666666666667
5.11666666666667
1.88333333333333
1.83333333333333
1.63333333333333
1.63333333333333
1.53333333333333
1.48333333333333
1.51666666666667
1.55
1.46666666666667
1.4
1.25
1.33333333333333
1.3
1.38333333333333
1.23333333333333
1.13333333333333
1.25
2
1.71666666666667
1.6
1.63333333333333
1.66666666666667
1.68333333333333
1.65
1.61666666666667
1.65
1.66666666666667
1.5
1.78333333333333
1.48333333333333
1.46666666666667
1.35
1.21666666666667
1.56666666666667
1.51666666666667
1.63333333333333
1.55
1.46666666666667
1.56666666666667
1.5
1.65
1.53333333333333
1.6
1
1.15
1.36666666666667
1.66666666666667
1.43333333333333
1.51666666666667
1.46666666666667
1.55
1.65
1.56666666666667
1.45
1.41666666666667
1.4
1.33333333333333
1.3
2.26666666666667
3.7
1.15
1.33333333333333
1.26666666666667
1.21666666666667
1.3
1.18333333333333
3.18333333333333
2.46666666666667
1.26666666666667
1.18333333333333
1.16666666666667
1.18333333333333
1.15
1.18333333333333
1.15
1.16666666666667
1.25
1.2
1.33333333333333
1.96666666666667
1.58333333333333
1.1
1.11666666666667
1.11666666666667
1.16666666666667
1.1
3.78333333333333
8.4
1.36666666666667
1.2
1.18333333333333
1.18333333333333
1.1
1.03333333333333
1
1.01666666666667
0.966666666666667
0.983333333333333
0.966666666666667
0.966666666666667
1.08333333333333
1.16666666666667
0.966666666666667
0.933333333333333
0.983333333333333
0.933333333333333
0.933333333333333
0.916666666666667
0.933333333333333
0.933333333333333
0.966666666666667
0.883333333333333
1.01666666666667
0.933333333333333
2.06666666666667
1.06666666666667
1.03333333333333
0.966666666666667
0.966666666666667
0.983333333333333
0.95
0.933333333333333
0.9
0.95
1.01666666666667
0.95
0.95
0.916666666666667
0.933333333333333
0.933333333333333
0.95
0.916666666666667
0.933333333333333
0.916666666666667
0.933333333333333
0.916666666666667
1.01666666666667
0.933333333333333
0.916666666666667
0.9
0.933333333333333
0.9
1.5
1.1
1.13333333333333
1.23333333333333
1.36666666666667
1.36666666666667
1.53333333333333
1.51666666666667
1.55
1.7
1.93333333333333
1.75
1.93333333333333
4.26666666666667
1.21666666666667
1.08333333333333
1.05
1.65
1.58333333333333
1.61666666666667
0.933333333333333
0.933333333333333
0.966666666666667
0.95
1.13333333333333
1.11666666666667
1.51666666666667
1.86666666666667
2.13333333333333
2.73333333333333
2.83333333333333
2.73333333333333
2.3
2.35
2.41666666666667
2.73333333333333
2.75
2.56666666666667
2.56666666666667
2.71666666666667
2.93333333333333
2.21666666666667
2.36666666666667
2.25
1.68333333333333
1.48333333333333
1.5
1.85
1.15
1.56666666666667
1.48333333333333
1.4
1.66666666666667
5.33333333333333
6.83333333333333
2.95
7.7
15.9
9.25
4.13333333333333
10.35
14.45
14.95
14.0666666666667
4.13333333333333
4.15
2.78333333333333
2.66666666666667
5.41666666666667
7.25
9.43333333333333
8
9.63333333333333
14.45
15.25
16.6833333333333
6.83333333333333
6.8
11.0357142857143
18.3666666666667
21.2
18.8833333333333
14.6833333333333
1.4
1.15
4.01666666666667
6.53333333333333
4.41666666666667
2.63333333333333
5.38333333333333
6.16666666666667
2.18333333333333
4.1
23.95
24.1
29.75
27.4166666666667
27.9333333333333
23.5166666666667
5.51666666666667
2.76666666666667
2.85
4.61666666666667
3.11666666666667
0.933333333333333
0.9
