2.38333333333333
2.38333333333333
1.9
1.6
1.71666666666667
2.21666666666667
2.95
2.01666666666667
1.7
2.68333333333333
1.75
2.23333333333333
1.8
1.78333333333333
1.68333333333333
1.65
1.78333333333333
2.23333333333333
3.53333333333333
2.06666666666667
2.13333333333333
1.68333333333333
1.9
2.51666666666667
1.73333333333333
1.7
1.66666666666667
1.68333333333333
1.75
2.81666666666667
2.93333333333333
2.11666666666667
2.68333333333333
1.85
1.75
1.63333333333333
1.63333333333333
1.73333333333333
1.66666666666667
1.93333333333333
2
2.46666666666667
2.33333333333333
1.7
1.63333333333333
2.78333333333333
2.76666666666667
1.96666666666667
1.53333333333333
2.36666666666667
1.76666666666667
2.13333333333333
1.76666666666667
2.33333333333333
3.01666666666667
1.73333333333333
1.65
2.15
1.63333333333333
1.63333333333333
1.65
1.7
2
2.48333333333333
1.86666666666667
2.23333333333333
2.4
2.23333333333333
2.81666666666667
2.21666666666667
1.73333333333333
1.73333333333333
1.66666666666667
2.68333333333333
2.33333333333333
1.68333333333333
2.91666666666667
8.43333333333333
3.78333333333333
2.83333333333333
1.68333333333333
1.61666666666667
2.41666666666667
1.78333333333333
1.73333333333333
1.65
1.66666666666667
1.96666666666667
1.98333333333333
2.01666666666667
1.83333333333333
1.65
2.56666666666667
2.56666666666667
1.66666666666667
1.7
1.73333333333333
1.71666666666667
1.66666666666667
1.68333333333333
2.58333333333333
3.91666666666667
3.61666666666667
3.9
3.53333333333333
3.2
2.16666666666667
3.51666666666667
3.55
3.76666666666667
3.53333333333333
2.73333333333333
1.85
1.83333333333333
1.71666666666667
1.8
1.65
1.63333333333333
1.63333333333333
2.03333333333333
1.61666666666667
1.61666666666667
1.63333333333333
1.61666666666667
1.75
1.68333333333333
1.58333333333333
1.6
1.6
1.6
1.7
1.55
1.51666666666667
1.63333333333333
1.63333333333333
1.58333333333333
1.76666666666667
1.75
1.53333333333333
1.7
2.1
1.6
1.93333333333333
1.6
1.61666666666667
1.6
1.56666666666667
1.6
1.7
1.78333333333333
1.58333333333333
1.68333333333333
2.31666666666667
1.61666666666667
1.73333333333333
1.61666666666667
1.71666666666667
1.65
1.65
1.55
1.66666666666667
1.71666666666667
1.53333333333333
1.63333333333333
1.63333333333333
1.6
1.58333333333333
1.6
1.51666666666667
1.56666666666667
1.58333333333333
1.58333333333333
1.78333333333333
1.71666666666667
1.58333333333333
1.66666666666667
2.11666666666667
1.58333333333333
1.68333333333333
3.53333333333333
1.55
1.6
1.58333333333333
1.58333333333333
1.78333333333333
1.86666666666667
1.66666666666667
1.75
2.55
1.5
1.6
1.6
1.56666666666667
1.7
2.08333333333333
1.65
1.78333333333333
1.85
1.6
1.83333333333333
1.81666666666667
1.71666666666667
1.75
2.15
1.56666666666667
2.68333333333333
2.36666666666667
2.56666666666667
3.58333333333333
1.76666666666667
2.23333333333333
2.4
2.41666666666667
1.7
2.48333333333333
1.76666666666667
2.15
1.86666666666667
1.81666666666667
1.56666666666667
3.38333333333333
2.58333333333333
2.33333333333333
2.13333333333333
2.58333333333333
2.75
3.48333333333333
4.81666666666667
2.93333333333333
2.1
2.16666666666667
2.43333333333333
1.95
3.15
2.31666666666667
2.78333333333333
2.35
3.25
2.36666666666667
2.61666666666667
4.85
4.53333333333333
4.98333333333333
4.96666666666667
3.1
3.08333333333333
2.43333333333333
2.06666666666667
2.28333333333333
2.98333333333333
2.38333333333333
3.2
3.86666666666667
1.78333333333333
1.58333333333333
1.8
3.13333333333333
3.08333333333333
2.88333333333333
2.36666666666667
2.36666666666667
1.6
1.6
2.55
1.71666666666667
2.61666666666667
2.33333333333333
3.01666666666667
2.83333333333333
3.23333333333333
3.51666666666667
2.3
1.75
1.78333333333333
2.38333333333333
1.66666666666667
1.7
1.71666666666667
1.7
1.88333333333333
3.33333333333333
3.83333333333333
3.16666666666667
2.08333333333333
3.11666666666667
3.66666666666667
2.81666666666667
2.16666666666667
