2.7
4.33333333333333
4.3
5.8
2.7
2.6
2.7
5.66666666666667
6.63333333333333
2.5
2.7
2.5
2.7
2.5
2.76666666666667
4.23333333333333
9.83333333333333
11.5
9.93333333333333
5.6
2.76666666666667
2.5
2.7
2.5
2.7
2.5
2.8
2.5
2.7
2.56666666666667
3.56666666666667
2.96666666666667
2.76666666666667
3.43333333333333
8.6
6.93333333333333
5.16666666666667
2.5
5.56666666666667
2.5
3.23333333333333
7.06666666666667
6.33333333333333
3.13333333333333
4.73333333333333
2.5
2.7
2.5
2.7
2.5
2.76666666666667
2.5
2.7
2.5
2.7
2.5
2.76666666666667
2.5
2.7
2.53333333333333
4.5
5.8
3.16666666666667
6.7
7.2
5
3.93333333333333
7
4.73333333333333
7.03333333333333
2.7
2.5
3.96666666666667
2.6
2.73333333333333
2.5
2.7
4.63333333333333
2.8
2.5
2.8
2.5
2.7
2.5
2.7
2.5
2.7
2.5
2.7
2.63333333333333
2.7
2.5
2.73333333333333
2.5
2.73333333333333
3.23333333333333
6.86666666666667
2.5
2.73333333333333
2.53333333333333
2.93333333333333
6.26666666666667
7.1
7
4.13333333333333
2.5
2.7
2.5
4.96666666666667
4.9
2.73333333333333
2.5
5
5.2
7.2
4.53333333333333
4.6
2.5
6.5
6.53333333333333
2.7
2.5
2.76666666666667
2.5
3.76666666666667
7.1
3.9
2.5
2.76666666666667
3.16666666666667
7.2
7.13333333333333
9.13333333333333
7
6.36666666666667
2.5
3
5.13333333333333
5
2.56666666666667
2.7
3.23333333333333
7.13333333333333
2.56666666666667
2.63333333333333
2.56666666666667
2.7
2.56666666666667
2.63333333333333
4.13333333333333
3
2.56666666666667
2.7
2.66666666666667
2.63333333333333
3.06666666666667
2.63333333333333
2.56666666666667
2.73333333333333
2.6
2.56666666666667
2.66666666666667
2.7
2.63333333333333
3.73333333333333
5.13333333333333
2.56666666666667
2.63333333333333
2.56666666666667
2.63333333333333
2.66666666666667
2.66666666666667
2.5
2.7
2.5
2.7
2.56666666666667
6.3
2.5
2.7
2.5
2.7
2.56666666666667
2.7
2.5
5.46666666666667
2.5
2.7
2.56666666666667
2.7
5.86666666666667
4.76666666666667
7.03333333333333
7.3
8.46666666666667
6.2
2.5
3.7
5.3
2.7
2.6
2.76666666666667
2.53333333333333
2.7
2.96666666666667
2.76666666666667
5.6
2.7
4.7
2.8
2.73333333333333
6.5
2.56666666666667
2.7
2.5
3.46666666666667
2.5
3.4
3.83333333333333
4.1
8.06666666666667
6.6
2.5
2.7
2.6
3.46666666666667
2.53333333333333
2.7
2.5
2.93333333333333
2.66666666666667
6.83333333333333
3.76666666666667
3.66666666666667
2.5
2.7
6.96666666666667
5.6
2.5
2.7
2.5
5.73333333333333
10.8
10.0666666666667
9.13333333333333
7.3
5.86666666666667
2.9
7.03333333333333
7.3
7.1
4.93333333333333
2.5
5.63333333333333
5.96666666666667
2.7
2.5
4.13333333333333
4.73333333333333
4.7
3.36666666666667
3.56666666666667
5.53333333333333
5.53333333333333
5.73333333333333
3.06666666666667
2.56666666666667
2.73333333333333
2.5
4.8
3.63333333333333
2.7
2.56666666666667
2.73333333333333
2.53333333333333
3.1
2.5
2.7
2.6
4.6
3.13333333333333
7.5
7.06666666666667
4.53333333333333
2.56666666666667
3.83333333333333
5.6
2.7
