1.53333333333333
1.55
1.56666666666667
1.56666666666667
1.56666666666667
1.61666666666667
1.58333333333333
1.51666666666667
1.55
1.61666666666667
1.56666666666667
1.75
9.56666666666667
1.56666666666667
1.61666666666667
1.68333333333333
10.5666666666667
1.65
1.63333333333333
1.58333333333333
1.73333333333333
1.56666666666667
1.58333333333333
1.76666666666667
1.56666666666667
8.7
1.6
1.58333333333333
1.6
1.6
1.75
1.58333333333333
1.55
1.61666666666667
1.6
1.76666666666667
1.63333333333333
1.56666666666667
1.5
1.56666666666667
1.55
1.65
1.61666666666667
1.6
1.58333333333333
1.58333333333333
1.53333333333333
1.75
1.63333333333333
1.55
1.55
1.63333333333333
1.6
1.61666666666667
1.6
1.58333333333333
1.6
1.55
1.55
1.75
1.61666666666667
1.55
1.55
1.5
1.63333333333333
1.58333333333333
1.6
1.6
1.63333333333333
1.6
1.55
1.75
1.61666666666667
1.55
1.56666666666667
1.58333333333333
1.58333333333333
1.63333333333333
1.58333333333333
1.56666666666667
1.58333333333333
1.61666666666667
1.58333333333333
1.78333333333333
1.55
1.61666666666667
1.6
1.55
1.55
1.63333333333333
1.63333333333333
1.56666666666667
1.58333333333333
1.58333333333333
1.58333333333333
1.75
1.58333333333333
1.55
1.58333333333333
1.6
1.5
1.43333333333333
1.48333333333333
1.46666666666667
1.4
1.4
1.5
1.66666666666667
1.36666666666667
1.43333333333333
1.46666666666667
1.5
1.5
1.48333333333333
1.5
1.5
1.48333333333333
1.43333333333333
1.36666666666667
1.56666666666667
1.38333333333333
1.46666666666667
1.36666666666667
1.45
1.48333333333333
1.43333333333333
1.45
1.46666666666667
1.5
1.5
1.5
1.7
1.5
1.5
1.55
1.43333333333333
1.51666666666667
1.55
1.43333333333333
1.43333333333333
1.46666666666667
1.4
1.36666666666667
1.61666666666667
1.4
1.38333333333333
1.4
1.36666666666667
1.43333333333333
1.5
1.53333333333333
1.48333333333333
1.45
1.75
1.48333333333333
1.56666666666667
1.48333333333333
1.5
1.45
1.4
1.46666666666667
1.51666666666667
1.51666666666667
1.36666666666667
1.43333333333333
1.48333333333333
1.5
1.65
1.46666666666667
1.4
1.5
1.43333333333333
1.31666666666667
1.36666666666667
1.46666666666667
1.46666666666667
1.45
1.5
1.48333333333333
1.58333333333333
1.41666666666667
1.43333333333333
1.38333333333333
1.43333333333333
1.31666666666667
1.4
1.51666666666667
1.45
1.41666666666667
1.36666666666667
1.4
1.61666666666667
1.46666666666667
1.4
1.41666666666667
1.45
1.51666666666667
1.53333333333333
1.4
1.46666666666667
1.5
1.4
1.4
1.61666666666667
1.48333333333333
1.48333333333333
1.36666666666667
1.48333333333333
1.4
1.4
1.35
1.41666666666667
1.46666666666667
1.46666666666667
1.46666666666667
1.55
1.45
1.46666666666667
1.45
1.43333333333333
1.46666666666667
1.46666666666667
1.45
1.45
1.43333333333333
1.43333333333333
1.46666666666667
1.63333333333333
1.46666666666667
1.51666666666667
1.55
1.45
1.48333333333333
1.5
1.46666666666667
1.4
1.35
1.45
1.5
1.61666666666667
1.38333333333333
1.38333333333333
1.46666666666667
1.46666666666667
1.36666666666667
1.45
1.5
1.5
1.51666666666667
1.45
1.4
1.61666666666667
1.4
1.33333333333333
1.46666666666667
1.5
1.6
9.93333333333333
1.48333333333333
1.48333333333333
1.41666666666667
1.6
1.33333333333333
1.65
1.5
1.5
1.48333333333333
1.46666666666667
1.41666666666667
1.41666666666667
1.4
9.28333333333333
1.45
1.45
1.43333333333333
1.61666666666667
1.66666666666667
1.58333333333333
1.7
1.73333333333333
1.63333333333333
1.61666666666667
1.58333333333333
1.6
6.53333333333333
3.31666666666667
1.61666666666667
1.78333333333333
