9.26666666666667
10.6
15.5333333333333
15.9333333333333
13.1333333333333
14.2
16.0666666666667
15.1333333333333
17.2
12.7333333333333
12
12.5333333333333
12.0666666666667
12.4666666666667
12.8666666666667
13.1333333333333
11
11.7333333333333
10.6
13.3333333333333
12.7333333333333
12.7333333333333
11.0666666666667
12.4
11.9333333333333
16.9333333333333
2.86666666666667
2.06666666666667
2.26666666666667
2
2
2
2.06666666666667
4.53333333333333
2.2
2
2
2.6
2.73333333333333
2
2
2.33333333333333
2.06666666666667
2
2
2
2.6
2.26666666666667
2
2.6
2
2
2
2
2
2
2
2
2.13333333333333
2
2
2
2
2
2
2
2
2
2.06666666666667
2
2
2
2
2
2
2
2
2
2
2
2
2
2
2
2
2
2.4
4.2
2
2
2
2
2
2
2
2.4
2
2.46666666666667
2
2
2
2
2
2
2
2
2
2
2
2.73333333333333
3.46666666666667
2
2
2
2
2
2
2
2
2
2
4.53333333333333
2
2
4.6
2
2
2
2
2
2
2
2
2
2
2
2
2
2
2
2
2
2
2
2
2
2
2
2
2
2
2.2
2
2
2
2.2
2
2
2
2
2
2
2
2
2
2.13333333333333
2
2
2
2
2
4.4
2
2
2
2
2
2
2
2
2
2
2
2.26666666666667
2.4
2.33333333333333
2.13333333333333
2.4
2.2
2.2
2.33333333333333
2.2
2.13333333333333
2
4.93333333333333
3.86666666666667
2.8
2.2
2
2
4.2
2.86666666666667
2.86666666666667
2.06666666666667
2.2
2.4
2
2.2
2.6
2.73333333333333
3.13333333333333
6.53333333333333
20.1333333333333
19.2666666666667
16.5333333333333
15.2
13.4
23.2
14.6666666666667
15.6666666666667
12.0666666666667
12.7333333333333
18
14.4
13.5333333333333
15.6
16.4666666666667
15.3333333333333
16.4
11.8666666666667
13.7333333333333
12.9333333333333
14.4
10.8
12.0666666666667
14.3333333333333
16.6666666666667
12.4666666666667
14
16.6666666666667
14.2
10.8666666666667
12.2666666666667
14.8
10.8
10.4
10.5333333333333
10.3333333333333
11.2666666666667
11.6666666666667
9.4
12.4
10.9333333333333
9.6
8.13333333333333
9.6
9.33333333333333
9.33333333333333
12.8666666666667
11.9333333333333
11.3333333333333
8.2
9.4
8.86666666666667
9.73333333333333
10.0666666666667
8.2
11.6666666666667
11.8666666666667
10.1333333333333
7.8
7.13333333333333
7.66666666666667
9.4
7.6
9.4
8.4
10.5333333333333
18.6666666666667
15
10.3333333333333
11.0666666666667
8.66666666666667
9.86666666666667
10
10.6
10.3333333333333
8.8
