2.33333333333333
2.46666666666667
2.28333333333333
2.3
2.3
2.3
2.3
2.3
2.26666666666667
2.3
2.28333333333333
2.3
2.3
2.5
2.3
2.3
2.28333333333333
2.3
2.35
2.26666666666667
2.28333333333333
2.31666666666667
2.3
2.3
2.26666666666667
2.45
2.3
2.28333333333333
2.3
2.31666666666667
2.33333333333333
2.3
2.3
2.4
2.26666666666667
2.26666666666667
2.28333333333333
2.5
2.28333333333333
2.3
2.3
2.33333333333333
2.31666666666667
2.28333333333333
2.25
2.26666666666667
2.3
2.3
2.3
2.53333333333333
2.45
2.26666666666667
2.3
2.28333333333333
2.33333333333333
2.3
2.3
2.3
2.3
2.3
2.25
2.48333333333333
2.3
2.3
2.3
2.31666666666667
2.35
2.26666666666667
2.26666666666667
2.28333333333333
2.3
2.28333333333333
2.3
2.5
2.3
2.3
2.3
2.26666666666667
2.33333333333333
2.28333333333333
2.28333333333333
2.3
2.3
2.3
2.3
2.5
2.3
2.3
2.3
2.48333333333333
2.35
2.28333333333333
2.28333333333333
2.28333333333333
2.28333333333333
2.3
2.3
2.48333333333333
2.26666666666667
2.3
2.21666666666667
2.05
2.11666666666667
2
2.05
2
2.05
2
2.1
2.88333333333333
2.06666666666667
2
2.05
2.05
2.11666666666667
2
2.06666666666667
2
2.05
2
2.06666666666667
2.2
2.06666666666667
2
2.05
2.05
2.1
2
2.05
2
2.05
2
2.05
2.25
2.05
2.05
2.05
2.05
2.1
2.05
2.05
2.05
2.05
2.05
2.06666666666667
2.63333333333333
2.63333333333333
6.45
2.81666666666667
3.23333333333333
2.2
2.08333333333333
2.06666666666667
2.11666666666667
2.05
2.05
2.1
2.25
2.05
2.06666666666667
2.08333333333333
2.13333333333333
2.16666666666667
2.06666666666667
2.06666666666667
2.11666666666667
2.05
2.06666666666667
2.16666666666667
2.38333333333333
2.08333333333333
2.06666666666667
2.06666666666667
2.11666666666667
2.18333333333333
2.06666666666667
2.06666666666667
2.05
2.08333333333333
2.06666666666667
2.15
2.3
2.06666666666667
2.05
2.08333333333333
2.15
2.13333333333333
2.05
2.06666666666667
2.05
2.06666666666667
2.08333333333333
2.1
2.28333333333333
2.1
2.11666666666667
2.26666666666667
2.13333333333333
2.11666666666667
2.06666666666667
2.11666666666667
2.06666666666667
2.08333333333333
2.11666666666667
2.1
2.25
2.05
2.05
2.05
2.11666666666667
2.18333333333333
2.05
2.06666666666667
2.06666666666667
2.05
2.05
2.13333333333333
2.23333333333333
2.05
2.05
2.05
2.1
2.13333333333333
2.03333333333333
2.05
2.05
2.06666666666667
2.05
2.08333333333333
2.25
2.05
2.05
2.03333333333333
2.1
2.15
2.05
2.05
2.05
2.05
2.18333333333333
2.08333333333333
2.3
2.05
2.05
2.05
2.08333333333333
2.13333333333333
2.05
2.05
2.05
2.05
2.06666666666667
2.1
2.25
2.05
2.05
2.05
2.08333333333333
2.13333333333333
2.05
2.06666666666667
2.05
2.08333333333333
2.06666666666667
2.08333333333333
2.25
2.05
2.05
2.05
2.16666666666667
2.15
2.05
2.05
2.08333333333333
2.06666666666667
2.05
2.26666666666667
2.48333333333333
2.3
2.3
2.46666666666667
2.31666666666667
2.31666666666667
2.3
2.3
2.3
2.3
2.3
