1.45
1.26666666666667
1.3
1.3
1.25
1.26666666666667
1.25
1.3
1.25
1.3
1.28333333333333
1.26666666666667
1.43333333333333
1.25
1.25
1.25
1.25
1.28333333333333
1.28333333333333
1.26666666666667
1.25
1.3
1.3
1.26666666666667
1.45
1.26666666666667
1.3
1.26666666666667
1.26666666666667
1.25
1.25
1.28333333333333
1.25
1.3
1.26666666666667
1.25
1.43333333333333
1.25
1.25
1.25
1.28333333333333
1.28333333333333
1.26666666666667
1.26666666666667
1.25
1.25
1.25
1.25
1.41666666666667
1.35
1.28333333333333
1.28333333333333
1.26666666666667
1.25
1.25
1.28333333333333
1.25
1.3
1.28333333333333
1.28333333333333
1.41666666666667
1.28333333333333
1.28333333333333
1.3
1.26666666666667
1.28333333333333
1.3
1.3
1.26666666666667
1.26666666666667
1.25
1.26666666666667
1.43333333333333
1.28333333333333
1.26666666666667
1.26666666666667
1.3
1.26666666666667
1.3
1.26666666666667
1.28333333333333
1.26666666666667
1.25
1.25
1.46666666666667
1.26666666666667
1.25
1.26666666666667
1.25
1.28333333333333
1.3
1.3
1.31666666666667
1.3
1.3
1.3
1.45
1.3
1.28333333333333
1.3
1.21666666666667
1.05
1.05
1
1.05
1
1.1
1
1.25
1
1.05
1
1.05
1.05
1.05
1
1.05
1
1.1
1
1.25
1
1.05
1
1.05
1.05
1.05
1.01666666666667
1.05
1
1.1
1
1.18333333333333
1.11666666666667
1.05
1.05
1.05
1.08333333333333
1.05
1.05
1.05
1.05
1.1
1.05
1.2
1.08333333333333
1.05
1.05
1.85
1.65
1.05
1.05
1.03333333333333
1.31666666666667
1.1
1.05
1.25
1.18333333333333
1.05
1.05
1.05
1.05
1.05
1.05
1.05
1.05
1.06666666666667
1.05
1.23333333333333
1.06666666666667
1.05
1.05
1.05
1.06666666666667
1.05
1.05
1.05
1.05
1.05
1.05
1.25
1.05
1.05
1.05
1.05
1.1
1.05
1.05
1.05
1.05
1.08333333333333
1.05
1.25
1.05
1.05
1.05
1.05
1.1
1.05
1.1
1.05
1.05
1.1
1.05
1.38333333333333
1.05
1.05
1.05
1.05
1.2
1.05
1.05
1.05
1.05
1.1
1.05
1.25
1.05
1.18333333333333
1.05
1.05
1.1
1.05
1.05
1.05
1.08333333333333
1.1
1.05
1.18333333333333
1.11666666666667
1.05
1.05
1.05
1.1
1.05
1.08333333333333
1.05
1.05
1.18333333333333
1.05
1.18333333333333
1.11666666666667
1.05
1.05
1.03333333333333
1.1
1.05
1.05
1.05
1.05
1.1
1.05
1.2
1.06666666666667
1.05
1.05
1.05
1.08333333333333
1.05
1.03333333333333
1.05
1.05
1.1
1.05
1.23333333333333
1.06666666666667
1.05
1.05
1.05
1.2
1.05
1.05
1.05
1.05
1.08333333333333
1.05
1.41666666666667
1.28333333333333
1.25
1.26666666666667
1.28333333333333
1.31666666666667
1.26666666666667
1.26666666666667
1.26666666666667
1.25
1.25
1.26666666666667
