11.4333333333333
10.6666666666667
10.8
11.1666666666667
10.4666666666667
10.5666666666667
10.5
10.6
10.5
11.0333333333333
10.5333333333333
10.5333333333333
10.4333333333333
10.7333333333333
10.3666666666667
11
10.7333333333333
11.2666666666667
10.4666666666667
10.8333333333333
10.4666666666667
11.5666666666667
10.9
10.3333333333333
10.8333333333333
10.9
10.2333333333333
10.8666666666667
10.9666666666667
10.3
10.4
10.6666666666667
10.4
10.8
11.0333333333333
10.1666666666667
10.4
10.6
10.4333333333333
10.6333333333333
11.1666666666667
10.4333333333333
10.5333333333333
10.5666666666667
10.2666666666667
11.0333333333333
11.0333333333333
10.6333333333333
14.9333333333333
10.3666666666667
10.5666666666667
12.7
11.2
10.9666666666667
10.7
10.4333333333333
10.6333333333333
10.7333333333333
11.1333333333333
10.9
10.4333333333333
10.5333333333333
10.7
12.5666666666667
11.3666666666667
12.3666666666667
10.3666666666667
10.5
10.4666666666667
10.4
11.0666666666667
11.3333333333333
11.1666666666667
10.6
10.5
10.3
10.7333333333333
10.9333333333333
10.5
10.3333333333333
10.2666666666667
10.3
10.6
10.9666666666667
10.7
10.5
10.3
10.5
10.6666666666667
11
10.8333333333333
10.3333333333333
10.5333333333333
10.5
10.5333333333333
11.0333333333333
11.5666666666667
10.2333333333333
10.5333333333333
10.7333333333333
10.6
11.2
11.4
10.6666666666667
10.6333333333333
10.7333333333333
10.4333333333333
11
11.1666666666667
10.7
10.5666666666667
10.5333333333333
10.5333333333333
10.8666666666667
11.1333333333333
11.1333333333333
10.4
10.2666666666667
10.5333333333333
10.8
11.5666666666667
10.8
10.3666666666667
10.2333333333333
10.4333333333333
10.4666666666667
11
10.8333333333333
10.2666666666667
10.4
10.4666666666667
10.4333333333333
11.0333333333333
11.0333333333333
10.2333333333333
10.5333333333333
10.6333333333333
10.3666666666667
11.4
10.7333333333333
10.5
10.7
10.6
10.3666666666667
11.5333333333333
10.8666666666667
10.3666666666667
10.8333333333333
10.6
10.4666666666667
11.1333333333333
11.2333333333333
10.6666666666667
11.0666666666667
10.6666666666667
10.6
10.8666666666667
11.1333333333333
10.5
10.9
10.4
10.6
10.6333333333333
11.1
10.5666666666667
10.6
10.5
10.5333333333333
10.9
11.0666666666667
10.6666666666667
10.5333333333333
10.9666666666667
10.4
10.3333333333333
11.1
11
10.4
10.8666666666667
10.6666666666667
11.2333333333333
10.9666666666667
11.0666666666667
10.9666666666667
11.2
10.3
10.3333333333333
10.6666666666667
10.9
10.2333333333333
10.8333333333333
10.2333333333333
10.9333333333333
10.4666666666667
11.1666666666667
10.4
10.7
10.4666666666667
10.4333333333333
10.5333333333333
11.1333333333333
10.5333333333333
10.4666666666667
10.4333333333333
10.3666666666667
10.3
10.9666666666667
10.6
10.4
10.6333333333333
10.3
10.2666666666667
11.0333333333333
10.9666666666667
10.6
11
11.6333333333333
10.4666666666667
11.1333333333333
11.4333333333333
10.6666666666667
10.9333333333333
10.4333333333333
10.5
10.8666666666667
11.1333333333333
10.4
10.9
10.4
10.5666666666667
10.7
11.0666666666667
10.6
10.1
10.4333333333333
10.8
10.5
11.0666666666667
10.6
10.4666666666667
10.8666666666667
10.8666666666667
10.4333333333333
11.1333333333333
10.9
10.6333333333333
10.4333333333333
10.9666666666667
10.3
10.9
10.8666666666667
10.4
10.4666666666667
10.7666666666667
10.4
10.8666666666667
11
10.1666666666667
10.4333333333333
10.6666666666667
10.5666666666667
10.9
11.2
10.5
11.3
10.9
10.8333333333333
10.8333333333333
11.3
10.6666666666667
10.5666666666667
10.4
10.9
10.5
11.1666666666667
10.7333333333333
10.5666666666667
10.3666666666667
10.8333333333333
10.3666666666667
11.1666666666667
11.0666666666667
10.2666666666667
10.4333333333333
10.7333333333333
10.2666666666667
10.9
11
