8.76666666666667
8.5
8.41666666666667
8.36666666666667
8.35
8.96666666666667
8.45
8.25
8.18333333333333
8.3
8.63333333333333
8.21666666666667
8.28333333333333
7.73333333333333
8.61666666666667
8.28333333333333
8.61666666666667
8.36666666666667
8.75
8
8.15
8.5
8.18333333333333
7.96666666666667
8.38333333333333
8.36666666666667
8
8.45
7.96666666666667
8.78333333333333
8.46666666666667
8.36666666666667
8.36666666666667
8.63333333333333
8.36666666666667
8.43333333333333
8.26666666666667
8.25
8.33333333333333
8.66666666666667
7.96666666666667
8.46666666666667
8.93333333333333
8.21666666666667
8.43333333333333
7.7
8.6
8.2
8.43333333333333
8.16666666666667
8.28333333333333
8.35
7.98333333333333
9
8.4
8.13333333333333
8.05
8.56666666666667
8.53333333333333
7.66666666666667
8.33333333333333
8.11666666666667
8.05
8.53333333333333
8.5
8.25
8.68333333333333
7.9
8.35
8.45
8.46666666666667
8.43333333333333
8.38333333333333
8.36666666666667
8.2
8.6
9.26666666666667
19.4
9.01666666666667
9.16666666666667
30.35
33.05
9.85
8.28333333333333
8.36666666666667
7.78333333333333
7.96666666666667
8.31666666666667
8.28333333333333
8.91666666666667
8.35
8.3
8.26666666666667
8.45
7.73333333333333
7.83333333333333
8.58333333333333
8.28333333333333
8.18333333333333
8.65
7.51666666666667
13.7666666666667
8.46666666666667
9
46.85
48.15
22.0833333333333
7.93333333333333
8.16666666666667
8.13333333333333
7.93333333333333
8.5
8.05
8.36666666666667
8.71666666666667
8.1
8.15
7.78333333333333
8.31666666666667
7.81666666666667
8.85
7.58333333333333
7.96666666666667
8.83333333333333
7.78333333333333
8.6
8.2
9.03333333333333
7.81666666666667
8.21666666666667
8.03333333333333
8.41666666666667
8.5
8.33333333333333
8.38333333333333
8.66666666666667
7.96666666666667
8.4
8.23333333333333
8.66666666666667
7.98333333333333
8.31666666666667
8.23333333333333
8.33333333333333
8.31666666666667
8.08333333333333
8.18333333333333
8.13333333333333
8.35
8.61666666666667
8.13333333333333
8.2
8.73333333333333
8.65
7.91666666666667
8.41666666666667
7.8
8.73333333333333
8.21666666666667
8.23333333333333
8.03333333333333
8.55
7.96666666666667
8.15
8.2
8.36666666666667
9.08333333333333
10.3666666666667
8.15
8.46666666666667
7.5
8.66666666666667
7.4
43.05
37.1166666666667
9.5
8.53333333333333
8.33333333333333
8.6
8.43333333333333
8.68333333333333
8.46666666666667
8.38333333333333
8.58333333333333
8.4
8.28333333333333
8.38333333333333
8.25
8.51666666666667
8.68333333333333
7.85
8.66666666666667
8.73333333333333
8.33333333333333
8.13333333333333
8.33333333333333
8.28333333333333
8.03333333333333
8.68333333333333
8.38333333333333
8.18333333333333
8.41666666666667
8.23333333333333
8.33333333333333
8.73333333333333
8.2
8.16666666666667
8.36666666666667
8.8
8.68333333333333
8.21666666666667
8.08333333333333
8.36666666666667
8.51666666666667
8.15
8.16666666666667
8.13333333333333
16.1
26.3666666666667
18.35
9.41666666666667
11.8
10.1333333333333
9.35
8.53333333333333
8.36666666666667
8.4
8.36666666666667
8.3
8.25
8.03333333333333
8
8.05
8.78333333333333
8.31666666666667
8.16666666666667
8.13333333333333
8.28333333333333
8.56666666666667
8.13333333333333
7.88333333333333
8.5
8.58333333333333
8.3
9.31666666666667
8.63333333333333
8.61666666666667
8.16666666666667
7.85
8.38333333333333
8.48333333333333
8.23333333333333
8.43333333333333
8.3
8.35
8.28333333333333
7.98333333333333
8.71666666666667
8.21666666666667
7.93333333333333
7.81666666666667
8.66666666666667
8.38333333333333
8.41666666666667
8.43333333333333
8.41666666666667
8.05
8.53333333333333
8.18333333333333
8.95
8.46666666666667
8.28333333333333
8.2
8.23333333333333
8.4
8.3
8.45
8.11666666666667
8.43333333333333
8.26666666666667
8.43333333333333
9.36666666666667
8.28333333333333
8
8.26666666666667
8.45
8.18333333333333
8.11666666666667
