2
2
2
2
2
2
2.06666666666667
2
2
2
2
2
2
2
2
2
2
2
2
2
2
2
2
2
2
2
2
2
2
2
2
2
2
2
2
2
3
2.4
3.46666666666667
2.8
2
2
2
2
2
2
2
2
2
2
4.4
2
2
2
2
2
2
2
2
2
2
2
2
2
2
2
2
2
2
2
2
2
2
2
2
2
2
2
2
2
2
2
2
2
2
2
2
2
2
2
2
2
2
2
2
2
2
2
2
2
2
2
2
2
2
2
2
2
2
2.06666666666667
2
2
2
2
2
2
2
2
2
2
3.26666666666667
2.93333333333333
2
2
2
2
2
2
2
2
2
2
2
2.06666666666667
2
2
2
2
2
2
2
2
2
2
2
2
2
2
2
2
2
2
2
2
2
2
2
2
2
2
2
2
2
2
2
2
2
2
2
2
2
2
2
2
2
2
2
2
2
2
2
2
2
2
2
2
2
2
2
2
2
2
2
2.13333333333333
2
2
2
2
2
2
2
2
2
2
2
2
2
2
2
2
2
2
2
2
2
2
2
2.06666666666667
2
2
2
2
2
2
2
2
2
2
2
2
2
2
2
2
2
2
2
2
2
2
2
2
2
2
2
2
2
2
2
2
2
2
2
2.06666666666667
2
2
2
2
2
2
2
2
2
2
2
2.06666666666667
2
2
2
2
2
2
2
2
2
2
2
2.06666666666667
2
2
2
2
2
2
2
2
2
2
