2.1
2.03333333333333
2.13333333333333
2
2.1
2.06666666666667
2.1
2.06666666666667
2.13333333333333
2
2.1
2
2.1
2.06666666666667
2.1
2
2.1
2.03333333333333
2.2
2.06666666666667
2.13333333333333
2
2.1
2
2.1
2.06666666666667
2.13333333333333
2
2.1
2.06666666666667
2.1
2.03333333333333
2.16666666666667
2
2.1
2
2.1
2
2.1
2
2.06666666666667
2.03333333333333
2.1
2.03333333333333
2.06666666666667
2.03333333333333
2.1
2.03333333333333
2.06666666666667
2
2.1
2
2.06666666666667
2.1
2.06666666666667
2
2.06666666666667
2.03333333333333
2.06666666666667
2
2.1
2.03333333333333
2.06666666666667
2.03333333333333
2.06666666666667
2
2.1
2.06666666666667
2.1
2.03333333333333
2.06666666666667
2.03333333333333
2.06666666666667
2
2.06666666666667
2
2.1
2.06666666666667
2.16666666666667
2
2.07142857142857
2
2.1
2
2.1
2
2.1
2.03333333333333
2.06666666666667
2.03333333333333
2.06666666666667
3.3
2.06666666666667
2.03333333333333
2.06666666666667
2.03333333333333
2.06666666666667
2.03333333333333
2.1
2.03333333333333
2.06666666666667
2.13333333333333
2.06666666666667
2.1
2.1
2
2.1
2
2.06666666666667
2.03333333333333
2.1
2.03333333333333
2.1
2
2.06666666666667
2.03333333333333
2.06666666666667
2.03333333333333
2.06666666666667
2
2.1
2.03333333333333
2.06666666666667
2.03333333333333
2.1
2.13333333333333
2.1
2.03333333333333
2.06666666666667
2
2.06666666666667
2
2.1
2
2.06666666666667
2
2.1
2.1
2.06666666666667
2.06666666666667
2.1
2
2.03333333333333
2.66666666666667
2.06666666666667
2.03333333333333
2.06666666666667
2.06666666666667
2.06666666666667
2.1
2.03333333333333
2.06666666666667
2.06666666666667
2.06666666666667
2.06666666666667
2.03333333333333
2.06666666666667
2.03333333333333
2.06666666666667
2.03333333333333
2.06666666666667
2.16666666666667
2.06666666666667
2.03333333333333
2.06666666666667
2.03333333333333
2.06666666666667
2.03571428571429
2.06666666666667
2.1
2.06666666666667
2.06666666666667
2.06666666666667
2.1
2.06666666666667
2.1
2.06666666666667
2.03333333333333
2.06666666666667
2.03333333333333
2.06666666666667
2.06666666666667
2.06666666666667
2.03333333333333
2.06666666666667
2.03333333333333
2.06666666666667
2.03333333333333
2.06666666666667
2.03333333333333
2.06666666666667
2.03333333333333
2.06666666666667
2.03333333333333
2.06666666666667
2.03333333333333
2.06666666666667
2.03333333333333
2.06666666666667
2.03333333333333
2.06666666666667
2.06666666666667
2.06666666666667
2.03333333333333
2.06666666666667
2.03333333333333
2.06666666666667
2.03333333333333
2.06666666666667
2.06666666666667
2.03333333333333
2.06666666666667
2.03333333333333
2.03333333333333
2.03333333333333
2.06666666666667
2.03333333333333
2.06666666666667
2.03333333333333
2.06666666666667
2.03333333333333
2.16666666666667
2.03333333333333
2.06666666666667
2.03333333333333
2.06666666666667
2.03333333333333
2.06666666666667
2.03333333333333
2.06666666666667
2.03333333333333
2.06666666666667
2.03333333333333
2.13333333333333
2.03333333333333
2.1
2.03333333333333
2.06666666666667
2.03333333333333
2.06666666666667
2.03333333333333
2.06666666666667
2.03333333333333
2.06666666666667
2.03333333333333
2.16666666666667
2.03333333333333
2.16666666666667
2.03333333333333
2.06666666666667
2.03333333333333
2.06666666666667
2.03333333333333
2.06666666666667
2.03333333333333
2.06666666666667
2.03333333333333
2.13333333333333
2.03333333333333
2.06666666666667
2.03333333333333
2.06666666666667
2.03333333333333
2.03333333333333
2.03333333333333
2.06666666666667
2.03333333333333
2.06666666666667
2.03333333333333
2.16666666666667
2.03333333333333
2.06666666666667
2.03333333333333
2.06666666666667
2.03333333333333
2.06666666666667
4.41666666666667
2.1
2
2.1
1.96666666666667
2.13333333333333
2
2.13333333333333
2.06666666666667
2.1
2
2.1
