7.85714285714286
2
1.78333333333333
1.76666666666667
1.8
1.76666666666667
1.8
1.78333333333333
1.78333333333333
1.8
1.76666666666667
1.76666666666667
2.11666666666667
1.8
1.81666666666667
1.81666666666667
1.8
6.05
8.11666666666667
1.75
1.75
1.75
1.78333333333333
1.78333333333333
2.1
1.9
1.81666666666667
1.76666666666667
1.78333333333333
1.8
1.76666666666667
1.76666666666667
1.75
1.78333333333333
1.78333333333333
1.78333333333333
2.01666666666667
1.8
1.78333333333333
1.83333333333333
1.73333333333333
1.75
1.75
1.78333333333333
1.78333333333333
1.76666666666667
1.73333333333333
1.55
1.8
1.58333333333333
1.5
1.57142857142857
1.5
1.53333333333333
1.51666666666667
1.53333333333333
1.5
1.58333333333333
1.53333333333333
1.53333333333333
1.8
1.55
1.5
1.56666666666667
1.5
1.55
1.85
1.76666666666667
1.73333333333333
1.78333333333333
1.78333333333333
1.8
2.1
1.85
1.78333333333333
1.78333333333333
1.76666666666667
1.76666666666667
1.75
1.76666666666667
1.75
1.8
1.76666666666667
1.78333333333333
2.05
1.8
1.76666666666667
1.76666666666667
1.75
1.73333333333333
1.78333333333333
1.75
1.76666666666667
1.75
1.78333333333333
1.75
2.03333333333333
1.78333333333333
1.73333333333333
1.78333333333333
1.73333333333333
1.75
1.75
1.78333333333333
1.76666666666667
1.75
1.76666666666667
1.7
2
1.73333333333333
1.75
1.83333333333333
1.78333333333333
1.76666666666667
1.73333333333333
1.76666666666667
1.76666666666667
1.73333333333333
1.75
1.73333333333333
2.06666666666667
1.76666666666667
1.78333333333333
1.76666666666667
1.78333333333333
1.8
1.8
1.81666666666667
1.76666666666667
1.76666666666667
1.78333333333333
1.75
2.03333333333333
1.8
1.75
1.8
1.78333333333333
1.78333333333333
1.75
1.76666666666667
1.75
1.76666666666667
1.76666666666667
1.76666666666667
2.05
1.78333333333333
1.76666666666667
1.75
1.75
1.78333333333333
1.76666666666667
1.78333333333333
1.75
1.78333333333333
1.85
1.73333333333333
2.03333333333333
1.78333333333333
1.75
1.85
1.76666666666667
1.78333333333333
1.78333333333333
1.76666666666667
1.75
1.78333333333333
1.75
1.75
2.15
1.81666666666667
1.75
1.78333333333333
1.75
1.76666666666667
1.73333333333333
1.76666666666667
1.73333333333333
1.75
1.75
1.73333333333333
2.66666666666667
2.35
1.73333333333333
1.75
1.95
1.95
1.75
1.76666666666667
1.75
1.75
1.71666666666667
1.76666666666667
2.03333333333333
1.75
1.75
1.76666666666667
1.73333333333333
1.76666666666667
1.73333333333333
1.7
1.73333333333333
1.76666666666667
1.71666666666667
1.75
1.98333333333333
1.71666666666667
1.7
1.76666666666667
1.71666666666667
1.73333333333333
1.75
1.75
1.71666666666667
1.78333333333333
1.7
1.81666666666667
2.03333333333333
1.8
1.75
1.7
1.76666666666667
1.73333333333333
1.78333333333333
1.73333333333333
1.71666666666667
1.7
1.76666666666667
1.75
2.03333333333333
1.78333333333333
1.76666666666667
1.73333333333333
1.71666666666667
1.73333333333333
1.78333333333333
1.8
1.75
1.71666666666667
1.71666666666667
1.73333333333333
2.08333333333333
1.73333333333333
1.76666666666667
1.76666666666667
1.71666666666667
1.73333333333333
1.8
1.73333333333333
1.76666666666667
1.75
1.71666666666667
1.71666666666667
2.05
1.76666666666667
1.78333333333333
1.73333333333333
1.7
1.75
1.73333333333333
1.75
1.73333333333333
1.73333333333333
5.05
1.76666666666667
1.95
1.73333333333333
1.73333333333333
1.73333333333333
1.73333333333333
1.75
1.71666666666667
1.73333333333333
1.78333333333333
1.78333333333333
1.78333333333333
1.73333333333333
1.98333333333333
1.75
1.75
1.76666666666667
1.73333333333333
1.76666666666667
1.73333333333333
1.78333333333333
1.75
1.76666666666667
1.76666666666667
1.76666666666667
