6.33333333333333
4.86666666666667
5.4
4.46666666666667
5.53333333333333
4.46666666666667
5.4
4.73333333333333
5
5.13333333333333
4.73333333333333
5.53333333333333
4.66666666666667
5.26666666666667
4.46666666666667
5.73333333333333
4.46666666666667
5
5.2
4.73333333333333
5.53333333333333
4.66666666666667
5.53333333333333
4.26666666666667
5.6
4.46666666666667
5.53333333333333
4.66666666666667
5
5
4.93333333333333
5.26666666666667
4.53333333333333
5.73333333333333
4.06666666666667
5.53333333333333
4.66666666666667
5.2
4.66666666666667
5.8
6.26666666666667
5.4
6.53333333333333
5.46666666666667
6
5.26666666666667
7.06666666666667
5.6
6.73333333333333
6.2
5.8
6.06666666666667
6.13333333333333
6.53333333333333
7.26666666666667
6.93333333333333
4.86666666666667
6.46666666666667
5.93333333333333
5.2
5.8
5.73333333333333
5.46666666666667
5.06666666666667
5.53333333333333
4.33333333333333
6
4.46666666666667
5.6
4.73333333333333
5
5
4.93333333333333
5.26666666666667
4.46666666666667
5.73333333333333
4.2
5.53333333333333
4.66666666666667
5.06666666666667
5.06666666666667
5.2
5
4.6
5.6
4.46666666666667
5.26666666666667
4.66666666666667
5.53333333333333
4.46666666666667
5.13333333333333
5.06666666666667
5
5.2
4.4
5.53333333333333
4.66666666666667
5.26666666666667
4.46666666666667
5.73333333333333
4.4
5
5.2
4.86666666666667
5.86666666666667
5.53333333333333
5.53333333333333
4.33333333333333
5.53333333333333
4.46666666666667
5.53333333333333
4.8
5
5.06666666666667
4.93333333333333
5.26666666666667
4.46666666666667
5.46666666666667
4.46666666666667
5.53333333333333
4.66666666666667
5.2
4.73333333333333
5.2
5
4.73333333333333
5.46666666666667
4.46666666666667
5.33333333333333
4.6
5.53333333333333
4.53333333333333
5.26666666666667
4.86666666666667
5
5.26666666666667
4.73333333333333
5.26666666666667
4.66666666666667
5.26666666666667
4.46666666666667
5.73333333333333
4.4
5
5.33333333333333
4.8
5.13333333333333
4.86666666666667
5.4
4.46666666666667
5.66666666666667
4.46666666666667
5.66666666666667
4.8
5
5.06666666666667
4.93333333333333
5.33333333333333
4.46666666666667
5.46666666666667
4.73333333333333
5.26666666666667
4.73333333333333
5.26666666666667
4.73333333333333
5.26666666666667
5
4.73333333333333
5.53333333333333
4.46666666666667
5.2
4.93333333333333
5.33333333333333
4.46666666666667
5.46666666666667
4.73333333333333
5.2
5.2
4.73333333333333
5.26666666666667
4.66666666666667
5.26666666666667
4.73333333333333
5.2
4.66666666666667
5.26666666666667
4.93333333333333
4.86666666666667
5.13333333333333
4.86666666666667
5.26666666666667
4.4
5.53333333333333
4.73333333333333
5
4.93333333333333
5.26666666666667
4.73333333333333
4.93333333333333
5.26666666666667
4.6
5.4
4.73333333333333
5.26666666666667
4.8
5
4.73333333333333
5.46666666666667
4.73333333333333
4.73333333333333
5.46666666666667
4.46666666666667
5.26666666666667
4.93333333333333
5.26666666666667
4.53333333333333
5.33333333333333
4.73333333333333
5.26666666666667
4.93333333333333
4.73333333333333
5.26666666666667
4.66666666666667
5.26666666666667
4.86666666666667
5.26666666666667
4.66666666666667
5.26666666666667
4.93333333333333
4.93333333333333
5
4.93333333333333
5.26666666666667
4.46666666666667
5.46666666666667
4.73333333333333
5
4.93333333333333
5.26666666666667
4.73333333333333
5
5.26666666666667
4.73333333333333
5.06666666666667
4.73333333333333
5.26666666666667
4.8
5.06666666666667
4.86666666666667
5.26666666666667
4.86666666666667
4.73333333333333
5.53333333333333
4.73333333333333
4.86666666666667
4.93333333333333
5.26666666666667
4.6
5.33333333333333
4.73333333333333
5
5.2
4.73333333333333
5.26666666666667
4.86666666666667
5
4.73333333333333
5.2
4.6
5.26666666666667
5
5
5.06666666666667
4.86666666666667
5.26666666666667
4.73333333333333
5.2
4.73333333333333
5
4.93333333333333
5.26666666666667
4.66666666666667
5.2
5
4.73333333333333
5.13333333333333
5
5.06666666666667
