3
3.02916666666667
2.87916666666667
2.91666666666667
2.91666666666667
2.97916666666667
3.00416666666667
2.94583333333333
3
2.87083333333333
2.92916666666667
3.0875
3.075
2.92916666666667
2.83333333333333
2.8625
2.91666666666667
2.99166666666667
2.92916666666667
2.90833333333333
2.875
2.87916666666667
2.8375
2.91666666666667
3.04583333333333
3
2.84583333333333
2.8125
2.8125
2.87916666666667
2.85416666666667
2.86666666666667
2.82916666666667
2.875
2.875
2.8875
2.95
2.9125
2.92083333333333
2.90416666666667
2.85833333333333
2.88333333333333
2.85416666666667
2.88333333333333
2.875
2.86666666666667
2.82083333333333
2.8625
2.925
2.875
2.84166666666667
2.875
3.23333333333333
2.875
2.84583333333333
2.89166666666667
2.89166666666667
2.94583333333333
2.89166666666667
2.86666666666667
2.88333333333333
2.8625
2.8625
2.8375
2.87916666666667
2.8625
2.84166666666667
2.85833333333333
2.79583333333333
2.85833333333333
2.85416666666667
2.875
2.88333333333333
2.83333333333333
2.875
2.89583333333333
2.89583333333333
2.9
2.81666666666667
2.8625
2.83333333333333
2.83333333333333
2.89166666666667
2.90833333333333
2.95833333333333
2.87083333333333
2.82083333333333
2.85416666666667
2.90833333333333
2.85
2.8375
2.89583333333333
2.85416666666667
2.875
2.87916666666667
2.88333333333333
2.8875
2.89166666666667
2.87083333333333
2.85416666666667
2.86666666666667
2.78333333333333
2.76666666666667
2.80416666666667
2.73333333333333
2.80833333333333
2.81666666666667
2.97916666666667
2.825
2.85
2.8375
2.83333333333333
2.8625
2.825
2.8125
2.85416666666667
2.81666666666667
2.80833333333333
2.7875
2.83333333333333
2.85
2.825
2.825
2.825
2.825
2.825
2.83333333333333
2.8
2.79583333333333
2.84166666666667
2.79583333333333
2.8375
2.875
2.85
2.85
2.8
2.7875
2.825
2.79583333333333
2.75833333333333
2.75416666666667
2.775
2.80416666666667
2.80833333333333
2.7875
2.79166666666667
2.80833333333333
2.80416666666667
2.80416666666667
2.8
2.81666666666667
2.89166666666667
2.87916666666667
2.8125
2.8
2.825
2.85
2.80416666666667
2.77083333333333
2.7875
2.84583333333333
2.81666666666667
2.7625
2.79583333333333
2.82916666666667
2.80833333333333
2.79583333333333
2.7875
2.825
2.80833333333333
2.79166666666667
2.80833333333333
2.82916666666667
2.82916666666667
2.80833333333333
2.8375
2.75833333333333
2.80416666666667
2.8125
2.8375
2.825
2.79166666666667
2.84166666666667
2.8125
2.83333333333333
2.80833333333333
2.83333333333333
2.8375
2.8
2.725
2.8
2.86666666666667
2.89166666666667
2.8
2.79583333333333
2.77916666666667
2.84583333333333
2.81666666666667
2.775
2.8
2.8
2.79166666666667
2.82916666666667
2.81666666666667
2.85
2.86666666666667
2.82083333333333
2.825
2.86666666666667
2.87083333333333
2.87083333333333
2.84166666666667
2.84583333333333
2.85416666666667
2.82083333333333
2.82916666666667
2.85833333333333
3.84166666666667
3.47916666666667
3.95416666666667
4.075
3.28333333333333
3.225
3.25416666666667
3.24583333333333
3.23333333333333
3.6125
3.50416666666667
3.675
3.75416666666667
3.8
3.39166666666667
3.29166666666667
3.2375
3.225
3.22083333333333
3.275
3.275
3.24166666666667
3.22916666666667
3.30833333333333
3.2625
3.30416666666667
3.225
3.25
3.28333333333333
3.28333333333333
3.25
3.2625
3.28333333333333
3.3
3.2875
3.30416666666667
3.44583333333333
3.44583333333333
3.61666666666667
3.3125
3.2625
3.275
3.54583333333333
3.25833333333333
3.25833333333333
3.29583333333333
3.30416666666667
3.30416666666667
3.24583333333333
3.24583333333333
3.25
3.33333333333333
3.83333333333333
3.34166666666667
3.31666666666667
3.275
3.26666666666667
3.25
3.26666666666667
3.375
3.35
3.30416666666667
3.3125
3.79583333333333
3.37916666666667
3.33333333333333
3.29583333333333
3.35
3.32083333333333
3.325
3.35833333333333
