1.75
2
1.75
1.73333333333333
1.73333333333333
1.78333333333333
1.78333333333333
1.76666666666667
1.75
1.76666666666667
1.78333333333333
1.76666666666667
1.75
2
1.75
1.76666666666667
1.75
1.8
1.75
1.75
1.76666666666667
1.78333333333333
1.78333333333333
1.78333333333333
1.76666666666667
1.93333333333333
1.76666666666667
1.75
1.76666666666667
1.8
1.78333333333333
1.76666666666667
1.75
1.75
1.73333333333333
1.76666666666667
1.75
1.95
1.78333333333333
1.78333333333333
1.76666666666667
1.76666666666667
1.78333333333333
1.76666666666667
1.76666666666667
1.76666666666667
1.76666666666667
1.78333333333333
1.8
1.96666666666667
1.73333333333333
1.8
1.78333333333333
1.81666666666667
1.8
1.76666666666667
1.76666666666667
1.75
1.76666666666667
1.78333333333333
1.78333333333333
1.96666666666667
1.78333333333333
1.78333333333333
1.75
1.78333333333333
1.73333333333333
1.76666666666667
1.76666666666667
1.75
1.78333333333333
1.76666666666667
1.8
1.98333333333333
1.75
1.76666666666667
1.76666666666667
1.78333333333333
1.75
1.75
1.76666666666667
1.75
1.73333333333333
1.78333333333333
1.78333333333333
1.96666666666667
1.76666666666667
1.75
1.76666666666667
1.8
1.78333333333333
1.76666666666667
1.75
1.76666666666667
1.76666666666667
1.8
1.8
1.98333333333333
1.76666666666667
1.78333333333333
1.7
1.55
1.58333333333333
1.5
1.55
1.51666666666667
1.55
1.51666666666667
2.03333333333333
1.88333333333333
1.55
1.5
1.55
1.53333333333333
1.6
1.5
1.61666666666667
1.53333333333333
1.58333333333333
1.51666666666667
1.6
1.71666666666667
1.56666666666667
1.51666666666667
1.55
1.7
1.56666666666667
1.63333333333333
1.6
1.51666666666667
1.55
1.5
1.6
1.76666666666667
1.55
1.55
1.56666666666667
1.55
1.55
1.55
1.53333333333333
1.56666666666667
1.55
2.31666666666667
5.76666666666667
1.76666666666667
1.55
1.55
2.23333333333333
2.25
1.58333333333333
1.55
1.55
1.73333333333333
1.65
1.55
1.55
1.78333333333333
1.55
1.55
1.53333333333333
1.58333333333333
1.56666666666667
1.55
1.53333333333333
1.55
1.55
1.61666666666667
1.56666666666667
1.75
1.55
1.55
1.53333333333333
1.55
1.55
1.55
1.55
1.53333333333333
1.55
1.53333333333333
1.55
1.75
1.55
1.53333333333333
1.55
1.58333333333333
1.55
1.55
1.55
1.55
1.55
1.55
1.56666666666667
1.78333333333333
1.65
1.55
1.53333333333333
1.6
1.58333333333333
1.53333333333333
1.55
1.65
1.55
1.56666666666667
1.55
1.88333333333333
1.55
1.55
1.55
1.61666666666667
1.58333333333333
1.55
1.55
1.56666666666667
1.56666666666667
1.56666666666667
1.56666666666667
1.75
1.55
1.55
1.53333333333333
1.58333333333333
1.56666666666667
1.55
1.55
1.56666666666667
1.56666666666667
1.53333333333333
1.58333333333333
1.75
1.56666666666667
1.56666666666667
1.56666666666667
1.65
1.61666666666667
1.55
1.55
1.55
1.55
1.55
1.71666666666667
1.88333333333333
1.56666666666667
1.55
1.55
1.58333333333333
1.55
1.56666666666667
1.55
1.55
1.55
1.55
1.68333333333333
1.86666666666667
1.56666666666667
1.55
1.55
1.58333333333333
1.6
1.56666666666667
1.55
1.56666666666667
1.55
1.55
1.56666666666667
1.76666666666667
1.63333333333333
1.56666666666667
1.55
1.56666666666667
1.56666666666667
1.53333333333333
1.55
1.55
1.53333333333333
1.53333333333333
1.7
1.95
1.75
1.76666666666667
1.73333333333333
1.75
1.76666666666667
1.76666666666667
1.73333333333333
1.73333333333333
1.75
1.78333333333333
