3.05
3.06666666666667
3.25
3.05
3.05
3.1
3.05
3.01666666666667
3.26666666666667
3.46666666666667
3.06666666666667
3.03333333333333
3.05
3.05
3.21666666666667
3
3.01666666666667
3.05
3.03333333333333
3.05
3.25
3.06666666666667
3.36666666666667
3.03333333333333
3.26666666666667
4.35
3.81666666666667
3.71666666666667
3.91666666666667
3.61666666666667
3.53333333333333
3.53333333333333
3.8
3.53333333333333
3.53333333333333
3.55
3.55
3.51666666666667
3.71666666666667
3.55
3.55
3.88333333333333
3.55
3.55
3.76666666666667
3.51666666666667
3.53333333333333
3.53333333333333
3.53333333333333
4.53333333333333
3.73333333333333
3.53333333333333
3.6
3.61666666666667
3.51666666666667
3.61666666666667
3.75
3.53333333333333
3.6
3.55
3.53333333333333
3.56666666666667
3.71666666666667
3.5
3.56666666666667
3.58333333333333
3.51666666666667
3.63333333333333
3.75
3.53333333333333
3.56666666666667
3.58333333333333
3.53333333333333
3.55
3.73333333333333
3.51666666666667
3.56666666666667
3.56666666666667
3.55
3.65
3.66666666666667
3.53333333333333
3.51666666666667
3.55
3.53333333333333
3.56666666666667
3.73333333333333
3.56666666666667
3.51666666666667
3.56666666666667
3.51666666666667
3.61666666666667
3.75
3.55
3.55
3.51666666666667
3.55
3.58333333333333
3.7
3.55
3.45
3.4
3.38333333333333
3.31666666666667
3.5
3.28333333333333
3.3
3.26666666666667
3.9
3.25
3.5
3.25
3.3
3.33333333333333
3.3
3.25
3.6
3.26666666666667
3.3
3.31666666666667
3.3
3.25
3.5
3.25
3.3
3.31666666666667
3.3
3.91666666666667
3.75
3.25
3.3
3.35
3.3
3.3
3.56666666666667
3.3
3.33333333333333
3.4
3.31666666666667
3.38333333333333
3.45
3.3
3.33333333333333
3.31666666666667
3.3
4.25
3.46666666666667
3.3
5.95
4.78333333333333
3.3
3.71666666666667
3.41666666666667
3.33333333333333
3.41666666666667
3.3
3.3
3.35
3.48333333333333
3.3
3.4
3.36666666666667
3.3
3.41666666666667
3.43333333333333
3.3
3.4
3.33333333333333
3.31666666666667
3.35
3.48333333333333
3.3
3.38333333333333
3.38333333333333
3.33333333333333
3.41666666666667
3.55
3.3
3.31666666666667
3.35
3.31666666666667
3.3
3.45
3.38333333333333
3.3
3.4
3.35
3.36666666666667
3.45
3.36666666666667
3.3
3.3
3.36666666666667
3.31666666666667
3.48333333333333
3.36666666666667
3.31666666666667
3.33333333333333
3.38333333333333
3.36666666666667
3.46666666666667
3.35
3.33333333333333
3.36666666666667
3.46666666666667
3.3
3.53333333333333
3.36666666666667
3.31666666666667
3.4
3.35
3.36666666666667
3.46666666666667
3.38333333333333
3.3
3.4
3.31666666666667
3.33333333333333
3.61666666666667
3.33333333333333
3.33333333333333
3.48333333333333
3.3
3.4
3.71666666666667
3.3
3.33333333333333
3.36666666666667
3.35
3.35
3.56666666666667
3.3
3.3
3.45
3.33333333333333
3.45
3.5
3.36666666666667
3.3
3.43333333333333
3.36666666666667
4.31666666666667
3.55
3.31666666666667
3.3
3.41666666666667
3.26666666666667
3.36666666666667
3.41666666666667
3.16666666666667
3.16666666666667
3.01666666666667
3.05
3.05
3.18333333333333
2.93333333333333
2.95
3.05
2.96666666666667
3.1
3.08333333333333
3
3
3
3.01666666666667
2.91666666666667
3.11666666666667
2.96666666666667
2.98333333333333
2.98333333333333
3
3.01666666666667
3.11666666666667
3.01666666666667
2.96666666666667
3
3.06666666666667
3.05
3.38333333333333
3.35
3.23333333333333
3.36666666666667
3.5
3.66666666666667
3.73333333333333
3.56666666666667
3.55
3.55
