7.81666666666667
11.6833333333333
7.56666666666667
12.5666666666667
12.35
7.08333333333333
5.7
6.76666666666667
12.4166666666667
5.53333333333333
7.36666666666667
6.95
9.81666666666667
6.73333333333333
5.2
6.93333333333333
8.58333333333333
5.98333333333333
5.5
8.7
5.96666666666667
4.08333333333333
4.76666666666667
5.15
3.93333333333333
4.11666666666667
4.18333333333333
4.18333333333333
3.7
3.86666666666667
4.03333333333333
4.33333333333333
5.41666666666667
4.81666666666667
3.86666666666667
3.75
3.76666666666667
3.78333333333333
3.73333333333333
3.81666666666667
3.76666666666667
3.83333333333333
3.76666666666667
3.83333333333333
3.71666666666667
3.83333333333333
3.75
3.86666666666667
3.78333333333333
3.78333333333333
3.76666666666667
3.83333333333333
3.78333333333333
3.8
3.76666666666667
3.81666666666667
3.71666666666667
3.78333333333333
3.7
3.81666666666667
3.76666666666667
3.81666666666667
3.7
5.23333333333333
3.85
3.9
3.91666666666667
3.86666666666667
3.76666666666667
3.86666666666667
3.81666666666667
3.88333333333333
3.8
3.9
3.81666666666667
3.76666666666667
3.91666666666667
3.86666666666667
3.9
3.85
3.81666666666667
4.66666666666667
3.75
3.86666666666667
3.78333333333333
3.86666666666667
3.83333333333333
3.73333333333333
3.86666666666667
3.9
3.88333333333333
3.91666666666667
3.85
3.86666666666667
3.85
3.88333333333333
3.75
3.91666666666667
3.86666666666667
3.91666666666667
3.88333333333333
3.93333333333333
3.7
3.7
3.78333333333333
3.85
3.75
3.85
3.75
3.86666666666667
3.81666666666667
3.93333333333333
3.81666666666667
3.96666666666667
3.85
3.9
3.86666666666667
3.7
3.78333333333333
3.93333333333333
3.81666666666667
3.9
3.81666666666667
4.06666666666667
3.88333333333333
3.91666666666667
3.73333333333333
3.86666666666667
3.68333333333333
3.8
3.73333333333333
3.8
3.56666666666667
3.85
3.78333333333333
3.91666666666667
3.8
3.71666666666667
3.73333333333333
3.86666666666667
3.78333333333333
3.9
3.8
3.91666666666667
3.76666666666667
3.9
3.75
3.86666666666667
3.88333333333333
3.91666666666667
3.78333333333333
3.85
3.83333333333333
3.91666666666667
3.75
3.9
3.76666666666667
3.85
3.78333333333333
3.68333333333333
3.78333333333333
3.81666666666667
3.76666666666667
3.88333333333333
3.75
4.03333333333333
3.7
3.85
3.68333333333333
3.83333333333333
3.78333333333333
3.91666666666667
3.86666666666667
3.78333333333333
3.93333333333333
3.76666666666667
3.86666666666667
3.76666666666667
3.75
3.55
3.85
3.71666666666667
3.86666666666667
3.85
3.83333333333333
3.75
3.91666666666667
3.75
3.8
3.75
3.76666666666667
3.8
3.85
3.76666666666667
3.83333333333333
3.85
3.81666666666667
3.75
3.9
3.81666666666667
4.6
3.73333333333333
3.71666666666667
4.25
5.21666666666667
4.73333333333333
3.76666666666667
3.9
3.68333333333333
4.3
4.96666666666667
4.58333333333333
4.1
5.21666666666667
5.76666666666667
7.9
5.51666666666667
3.98333333333333
3.83333333333333
5.21666666666667
3.65
3.56666666666667
3.6
3.58333333333333
3.98333333333333
7.53333333333333
3.58333333333333
5.65
9.9
4.2
4.03333333333333
3.93333333333333
3.73333333333333
3.66666666666667
3.83333333333333
3.63333333333333
3.55
3.78333333333333
3.65
3.66666666666667
3.55
3.61666666666667
3.55
3.56666666666667
3.25
3.43333333333333
3.5
4.9
3.45
3.43333333333333
3.6
4.63333333333333
3.9
3.66666666666667
3.46666666666667
3.95
4.83333333333333
3.7
4.25
6.7
5.28333333333333
4.3
4.51666666666667
3.91666666666667
3.61666666666667
3.7
3.51666666666667
3.73333333333333
3.7
3.96666666666667
4.21666666666667
3.98333333333333
4.88333333333333
5.38333333333333
3.91666666666667
3.9
3.93333333333333
4.3
4.5
4.41666666666667
4.2
4.06666666666667
4.41666666666667
3.91666666666667
5.58333333333333
3.98333333333333
5.01666666666667
4.63333333333333
