8.81666666666667
9.08333333333333
9.71666666666667
9.36666666666667
8.78333333333333
9.8
9.11666666666667
8.91666666666667
9.33333333333333
9.33333333333333
8.73333333333333
9.85
9.1
9.23333333333333
9.08333333333333
9.55
8.8
9.68333333333333
9.05
9.23333333333333
9.46666666666667
9.26666666666667
8.8
9.61666666666667
8.51666666666667
9.83333333333333
8.95
9.36666666666667
8.65
9.93333333333333
8.91666666666667
8.7
9.45
9.28333333333333
8.53333333333333
9.65
8.78333333333333
9.15
9.13333333333333
8.7
9.36666666666667
9.9
8.9
8.96666666666667
8.46666666666667
10.3833333333333
8.9
9.56666666666667
8.91666666666667
9.4
9.16666666666667
9.08333333333333
8.85
10.2166666666667
8.43333333333333
9.86666666666667
9.23333333333333
9.46666666666667
8.96666666666667
9.7
8.75
9.71666666666667
10.2666666666667
10.0666666666667
8.7
9.76666666666667
8.86666666666667
9.06666666666667
9.75
9.38333333333333
8.65
9.9
9.05
9.41666666666667
9.51666666666667
9.38333333333333
10.2166666666667
16.4833333333333
12.7833333333333
12.1833333333333
12.4333333333333
10.4333333333333
8.48333333333333
9.96666666666667
9.9
9.4
9.73333333333333
9
10.0166666666667
9.21666666666667
9.9
9.5
8.41666666666667
9.78333333333333
9.76666666666667
9.75
9.28333333333333
9.56666666666667
9.38333333333333
9.46666666666667
9.2
9.48333333333333
10.2666666666667
8.8
9.71666666666667
9.56666666666667
9.2
10.4666666666667
8.33333333333333
9.95
9.96666666666667
8.51666666666667
10.35
9.33333333333333
9.61666666666667
10.6666666666667
9.8
10.2
9.08333333333333
11.25
9.85
9.91666666666667
10.2166666666667
10
10.5
10.2166666666667
9.93333333333333
10.0333333333333
9.76666666666667
10.4166666666667
9.78333333333333
10.0833333333333
10.3
10.2833333333333
9.46666666666667
10.1
10.0666666666667
10.9
9.3
9.7
9.13333333333333
10.75
8.91666666666667
10.6
9.51666666666667
8.95
9.41666666666667
10.75
8.85
10.0833333333333
9.45
10.4
9.63333333333333
9.61666666666667
9.08333333333333
9.88333333333333
8.76666666666667
9.88333333333333
8.71666666666667
9.11666666666667
9.51666666666667
9.98333333333333
9.75
9.51666666666667
9.63333333333333
9.5
9.56666666666667
22.8
21.45
21
15.1666666666667
14.7833333333333
14.3
14.85
11.75
10
9.2
9.46666666666667
10.2833333333333
9.56666666666667
9.08333333333333
9.65
9.21666666666667
9.45
9.03333333333333
20.6166666666667
20.4833333333333
22.45
15.7833333333333
9.75
9.18333333333333
9.4
9.41666666666667
9.36666666666667
9.15
9.5
9.33333333333333
10.05
9.4
9.3
9.25
9.71666666666667
9.15
9.68333333333333
9.06666666666667
9.68333333333333
9.65
9.76666666666667
9.28333333333333
10.7166666666667
9.33333333333333
9.75
10.0666666666667
9.78333333333333
8.91666666666667
9.75
9.18333333333333
8.08333333333333
9.8
10.1
8.86666666666667
9.85
9.15
9.4
9.58333333333333
9.43333333333333
8.55
10.4
9.4
9.51666666666667
9.4
9.53333333333333
9.43333333333333
9.9
9.18333333333333
9.11666666666667
9.7
9.88333333333333
9.26666666666667
9.68333333333333
9.11666666666667
9.53333333333333
9.6
9.65
9.23333333333333
9.55
9.11666666666667
9.13333333333333
9.6
9.95
8.58333333333333
10.4
9.3
9.31666666666667
9.43333333333333
9.71666666666667
9.1
9.75
9.35
9.26666666666667
9.46666666666667
9.7
9.08333333333333
9.41666666666667
9.05
9.38333333333333
9.28333333333333
9.3
9.3
10.2833333333333
9.7
9.33333333333333
9.46666666666667
9.61666666666667
9.28333333333333
9.8
9.86666666666667
9.28333333333333
9.15
9.38333333333333
9.08333333333333
10.1666666666667
9.1
9.01666666666667
9.45
9.56666666666667
9.13333333333333
9.43333333333333
