2
1.8
1.6
3.2
1.8
1.73333333333333
2.2
1.6
1.6
2.2
1.6
1.66666666666667
1.8
1.53333333333333
2.25
1.53333333333333
1.6
3
1.6
1.6
1.8
1.85714285714286
1.4
1.8
1.4
1.53333333333333
1.66666666666667
1.4
1.6
1.53333333333333
1.4
1.66666666666667
1.33333333333333
1.4
1.28571428571429
1.53333333333333
1
1.73333333333333
1.8
1
1.8
1.4
1.4
1.8
1
1.4
1.8
1.4
1.53333333333333
1.66666666666667
1.4
1.2
1.2
1
1.33333333333333
1.33333333333333
1.46666666666667
1.8
1.4
1.4
1.8
1.71428571428571
1.28571428571429
1.66666666666667
1.4
1.66666666666667
1.53333333333333
1.4
1.8
1.4
1.4
1.8
1.85714285714286
1.73333333333333
1.8
1.6
1.73333333333333
1.53333333333333
1.4
2.2
1.6
1.4
1.8
1.4
1.28571428571429
2.8
1.4
1.66666666666667
1.53333333333333
1
1.8
1.6
1.4
1.8
1.4
1.53333333333333
1.66666666666667
1.4
1.66666666666667
1.53333333333333
1.4
2.14285714285714
2
1.4
1.73333333333333
1.4
1.53333333333333
1.66666666666667
1.4
1.66666666666667
1.53333333333333
1.4
1.8
1.4
1.4
1.8
1.4
1.53333333333333
1.66666666666667
1.4
1.66666666666667
1.53333333333333
1
2.06666666666667
1.53333333333333
1.6
2.2
1.4
1.6
1.8
1.4
1.6
0.933333333333333
0.6
1.6
1.4
1.4
1.8
1.66666666666667
1.4
1.8
1.4
1.4
1.8
1.6
1.6
2
1.4
0.866666666666667
1.2
0.933333333333333
1.4
1.8
1.13333333333333
0.933333333333333
1.6
1
1.06666666666667
1.8
1.4
1.26666666666667
1.2
0.6
0.6
1.2
1.06666666666667
1.4
1.53333333333333
1.66666666666667
1.4
1.4
1.53333333333333
1.66666666666667
1.4
1.66666666666667
1.53333333333333
1.4
1.66666666666667
1.53333333333333
1.4
1.66666666666667
1.6
2
1.86666666666667
1.73333333333333
1.4
1.66666666666667
1.53333333333333
1.4
1.66666666666667
1.53333333333333
1
1
1.33333333333333
1
1.8
1.7
1.4
1.66666666666667
1.53333333333333
1.4
1.66666666666667
1.46153846153846
1.73333333333333
1.66666666666667
1.53333333333333
1.4
1.66666666666667
1.7
1.4
1.66666666666667
1.53333333333333
1.07692307692308
1.58333333333333
1.53333333333333
1.46666666666667
1.66666666666667
1.53333333333333
1.4
1.6
1.6
1.4
1.53333333333333
1.53333333333333
1.2
1.53333333333333
1.66666666666667
1.6
1.53333333333333
1.66666666666667
1.46666666666667
1.93333333333333
1.8
1.5
1.53333333333333
1.66666666666667
1.4
1.4
1.73333333333333
1.4
1.4
1.8
1.2
1.2
1.8
1.6
1.6
2.2
1.6
1.53333333333333
1.66666666666667
1.4
1.72727272727273
1.53333333333333
1.90909090909091
1.8
1.6
1.4
1.93333333333333
1.93333333333333
1.8
2
1.6
2
1.8
1.6
1.86666666666667
1.73333333333333
1.93333333333333
2.2
2.46153846153846
2.13333333333333
1.93333333333333
2.4
2.73333333333333
1.93333333333333
1.6
2.53333333333333
2.4
2.13333333333333
2.6
2.2
2.33333333333333
2.6
2
2.13333333333333
2
1.6
