1.2
1.2
1.06666666666667
0.933333333333333
1.2
1.2
1.2
1.2
1.06666666666667
1.06666666666667
1.06666666666667
1.2
1.2
1.13333333333333
1
1.2
1.13333333333333
1.06666666666667
1.2
1.06666666666667
1.06666666666667
1.2
1.06666666666667
1.2
1.2
1.2
1.06666666666667
1.2
1.2
0.933333333333333
1.2
1.2
1.2
1.2
1.06666666666667
1.2
0.933333333333333
1.2
1.13333333333333
1.2
1.2
0.933333333333333
1.06666666666667
1.2
1.2
1.2
1.33333333333333
1.2
1.06666666666667
1.06666666666667
1.2
1.06666666666667
1.2
1.2
1.2
1.06666666666667
1.06666666666667
1.06666666666667
1.2
1.2
1.2
1.2
0.8
1.2
1.2
1.06666666666667
0.933333333333333
1.2
1.2
1.2
1.06666666666667
1.2
1.2
0.933333333333333
1.2
1.2
1.2
1.06666666666667
1.2
1.06666666666667
1.06666666666667
1.2
1.2
1.2
1.06666666666667
1.2
1.06666666666667
1.06666666666667
1.13333333333333
1.2
1.06666666666667
1.06666666666667
1.2
1.06666666666667
1.2
1.2
1.4
1.13333333333333
1.33333333333333
1.2
1.2
1.2
1.33333333333333
1.06666666666667
1.06666666666667
1.06666666666667
1.2
1.2
1.06666666666667
1
1.06666666666667
1.2
1.26666666666667
1.2
1.06666666666667
1.2
1.2
1.6
1.46666666666667
1.2
1.2
1.33333333333333
1.2
1.2
1.06666666666667
1.06666666666667
1.06666666666667
1.2
1.2
1.26666666666667
1.13333333333333
1.13333333333333
1.2
1.06666666666667
1.2
1.26666666666667
1.4
1.2
1.06666666666667
1.2
1.2
1.2
1.2
1.06666666666667
1.13333333333333
1.06666666666667
1.2
1.4
1.4
1.06666666666667
1.33333333333333
1.06666666666667
1.06666666666667
1.4
1.2
1.13333333333333
1.46666666666667
1.2
1.4
1.53333333333333
1.8
1.2
0.933333333333333
1.06666666666667
1.2
1.4
1.6
1.06666666666667
1.2
1.26666666666667
1.26666666666667
1.33333333333333
1.06666666666667
1.06666666666667
1.33333333333333
1.4
1.2
1.06666666666667
1.26666666666667
1.66666666666667
1.26666666666667
1.2
1.06666666666667
2.06666666666667
1.66666666666667
1.4
1.13333333333333
1.2
1.06666666666667
1.2
1.2
1.2
1.2
1.13333333333333
1.2
1.13333333333333
1.13333333333333
1.2
0.933333333333333
1.06666666666667
1.4
1.2
1.33333333333333
1.2
1.13333333333333
1.13333333333333
1.4
1.26666666666667
1.2
1.13333333333333
1.13333333333333
1.06666666666667
1.06666666666667
1.2
1.2
1.2
1.06666666666667
1.06666666666667
1.06666666666667
1.2
1.2
1.2
1.13333333333333
1.13333333333333
1.06666666666667
1.06666666666667
1.2
1.2
1.2
1.2
1.06666666666667
1.06666666666667
1.2
1.06666666666667
1.2
0.8
1.2
1.06666666666667
1.06666666666667
1.2
1.06666666666667
1.2
1.2
1.2
1.06666666666667
1.2
1.06666666666667
1.06666666666667
1.2
1.13333333333333
1.2
1.06666666666667
1.06666666666667
1.2
1.06666666666667
1.2
1.2
1.2
1.06666666666667
1.06666666666667
1.06666666666667
1.2
1.2
1.2
1.2
0.933333333333333
1.06666666666667
1.2
1.2
1.2
1.2
1.2
0.933333333333333
1.06666666666667
1.2
1.2
1.2
1.2
1.06666666666667
0.933333333333333
1.2
1.13333333333333
1.2
1.06666666666667
1.06666666666667
1.06666666666667
1.2
1.2
