5.8375
5.90416666666667
6.1
5.70208333333333
6.00625
6.10208333333333
5.87708333333333
6.04375
6.19791666666667
5.77291666666667
6.00625
6.11875
5.8125
6.01041666666667
6.15208333333333
5.76458333333333
6.00416666666667
6.11666666666667
5.90625
6.01041666666667
6.15416666666667
5.75833333333333
6.08333333333333
6.1625
5.81666666666667
6.0625
6.06458333333333
5.7125
6.00625
6.16666666666667
5.85416666666667
6.06875
6.1625
5.74583333333333
6.10416666666667
6.08333333333333
5.82708333333333
5.96041666666667
6.14791666666667
5.82916666666667
6.03125
6.11041666666667
5.86666666666667
6.11041666666667
6.26458333333333
5.8125
6.09583333333333
6.02708333333333
5.95
6.02083333333333
6.07083333333333
5.90625
5.97708333333333
6.12708333333333
5.87291666666667
6.06458333333333
6.10208333333333
5.87291666666667
6.05625
6.07291666666667
5.825
5.97708333333333
6.12916666666667
5.92083333333333
6.02083333333333
6.15833333333333
5.91458333333333
6.00208333333333
6.19791666666667
5.85625
6.075
6.17708333333333
5.79375
6.07708333333333
6.11666666666667
5.84166666666667
5.98958333333333
6.12708333333333
5.87291666666667
6.08125
6.12708333333333
5.76666666666667
6.08125
6.28125
5.93958333333333
5.99791666666667
6.09583333333333
5.78958333333333
6.07083333333333
6.11666666666667
5.85625
6.1375
6.15625
5.87083333333333
6.08958333333333
6.14375
5.89375
6.02083333333333
6.13333333333333
5.86041666666667
5.98541666666667
6.00208333333333
5.82708333333333
5.89583333333333
6.0625
5.85833333333333
5.92291666666667
6.08333333333333
5.81041666666667
5.91041666666667
5.97083333333333
5.80208333333333
5.97291666666667
6.00416666666667
5.87083333333333
6.07083333333333
6.11666666666667
5.82916666666667
6.01875
6.03541666666667
5.77291666666667
5.94375
6.09375
5.76041666666667
6.07916666666667
6.02291666666667
5.84583333333333
5.96458333333333
6.03958333333333
5.81458333333333
5.98541666666667
6.04583333333333
5.7875
6.025
6.05625
5.8
5.93541666666667
6.01458333333333
5.7875
5.99791666666667
6.2125
5.7375
5.93958333333333
6.12291666666667
5.73125
5.97708333333333
6.05
5.78958333333333
6.20416666666667
6.53125
5.87708333333333
6.00416666666667
6.04375
5.76666666666667
5.97916666666667
5.975
5.86875
6.02083333333333
6
5.74583333333333
6.03125
6.02291666666667
5.82708333333333
6.025
6.11875
5.84375
5.99791666666667
6.06458333333333
5.8625
5.98333333333333
6.025
5.81041666666667
5.9625
6.125
5.825
6.05833333333333
6.04166666666667
5.69583333333333
5.95416666666667
5.98541666666667
5.79791666666667
5.87291666666667
6.04166666666667
5.66875
5.94583333333333
6.03125
5.79791666666667
5.91041666666667
6.06458333333333
5.69583333333333
5.975
6.06041666666667
5.825
5.96458333333333
6.14375
5.74583333333333
5.91666666666667
5.93958333333333
5.72708333333333
6.00833333333333
6.12291666666667
5.75625
6.03541666666667
6.06041666666667
5.78125
5.96041666666667
5.99375
5.67083333333333
5.94375
6.05833333333333
5.81875
5.94375
6.04166666666667
5.69166666666667
6.01458333333333
5.99166666666667
5.90625
5.92916666666667
6.02291666666667
5.73958333333333
6.00833333333333
6.01041666666667
5.85
5.9625
6.15416666666667
5.73541666666667
5.99375
6.09791666666667
5.8
5.9875
6.12708333333333
5.72083333333333
5.97916666666667
6.00833333333333
5.82708333333333
5.95416666666667
6.12916666666667
5.72916666666667
6.14375
6.075
5.81458333333333
6.03541666666667
6.05208333333333
5.81666666666667
6.01041666666667
6.0375
5.78125
6.02708333333333
6.03125
5.72291666666667
5.97291666666667
6.09583333333333
5.77291666666667
5.97083333333333
6.08125
5.65416666666667
6.23125
6.02083333333333
5.9
5.97916666666667
6.10208333333333
5.6375
6.09583333333333
6.04791666666667
5.775
6.02916666666667
6.0375
5.77708333333333
6.09166666666667
5.99166666666667
5.85625
5.97916666666667
6.05208333333333
5.74583333333333
6.02708333333333
5.99583333333333
5.84166666666667
6.0375
6.04583333333333
5.80208333333333
6.14375
6.1375
5.95416666666667
6.01666666666667
6.15
5.84583333333333
6.1
6.19166666666667
