12.6333333333333
14.3
12.5666666666667
9.36666666666667
10.2
5.7
4.33333333333333
4.38333333333333
4.61666666666667
4.81666666666667
4.8
4.55
4.56666666666667
4.6
4.26666666666667
4.51666666666667
4.36666666666667
4.48333333333333
6
4.56666666666667
4.65
5.83333333333333
4.66666666666667
13
8.15
9.33333333333333
9.96666666666667
14.7666666666667
14.3833333333333
14.5833333333333
14.7
15.05
14.2
13.9833333333333
13.9833333333333
14.55
15.1666666666667
15.2333333333333
15.1333333333333
15.35
15.65
15.5166666666667
14.9166666666667
15.4333333333333
15.25
14.65
15.0666666666667
14.7833333333333
14.8833333333333
14.8
14.25
14.4833333333333
14.8
14.5166666666667
15
15.0166666666667
14.3666666666667
14.7666666666667
14.8666666666667
15.2833333333333
15
15.4166666666667
15.1333333333333
18.3333333333333
14.8166666666667
19.0333333333333
20
17.9
14.6333333333333
14.9333333333333
14.8833333333333
15.0625
16.75
15.0333333333333
14.65
15.6666666666667
15.3
15.1833333333333
15.35
15.1666666666667
15.0666666666667
15.4375
14.8666666666667
15.5166666666667
15.1
16.5
13.4821428571429
14.1833333333333
14.1166666666667
13.9666666666667
14
16.9166666666667
15.8333333333333
15.0666666666667
15.7833333333333
15.6666666666667
15.4166666666667
14.0833333333333
14.75
12.35
12.5833333333333
12.2166666666667
11.8833333333333
11.6833333333333
11.2166666666667
10.5666666666667
9.33333333333333
9.55
6.86666666666667
12.5166666666667
12.1333333333333
12.0833333333333
12.9
12.3166666666667
12
11.75
11.5666666666667
11.05
11.25
11.1833333333333
11.3666666666667
10.9666666666667
11.2333333333333
11.1333333333333
11.3666666666667
11.5166666666667
11.65
11.45
11.5666666666667
11.2666666666667
11.3166666666667
11.8
11.9666666666667
11.4166666666667
11.05
11.1666666666667
11.2
11.6833333333333
11.3833333333333
11.2333333333333
11.4666666666667
11.7333333333333
11.8833333333333
11.8666666666667
11.9
11.6666666666667
11.7166666666667
11.7333333333333
11.65
11.5333333333333
11.4166666666667
11.9
11.9166666666667
11.8833333333333
11.5
8.88333333333333
9.86666666666667
9.55
9.55
9.71666666666667
9.66666666666667
9.7
9.66666666666667
9.71666666666667
9.6
9.76666666666667
9.51666666666667
9.68333333333333
9.76666666666667
9.4
9.41666666666667
9.36666666666667
9.33333333333333
9.31666666666667
11.6666666666667
9.86666666666667
9.06666666666667
9.16666666666667
9.48333333333333
9.73333333333333
9.21666666666667
9.03333333333333
9.28333333333333
8.66666666666667
8.6
8.65
8.31666666666667
11.75
8.66666666666667
8.08333333333333
7.96428571428571
9.21666666666667
8.08928571428572
7.93333333333333
7.9
7.78333333333333
8.28333333333333
8.01666666666667
7.75
7.91666666666667
7.53333333333333
7.43333333333333
7.33333333333333
7.4
7.25
7.48333333333333
5
5.21666666666667
5.78333333333333
5.3
4.75
5.26666666666667
6.06666666666667
10.1166666666667
9.91666666666667
9.9
9.41666666666667
10.4833333333333
9.2
8.3
7.58333333333333
4.96666666666667
7.08333333333333
10.25
10.5833333333333
10.6666666666667
9.96666666666667
10.3
9.73333333333333
9.36666666666667
8.48333333333333
8.23333333333333
8.03333333333333
7.28333333333333
6.3
5.23333333333333
11.4375
9.78333333333333
9.61666666666667
9.2
8.98333333333333
8.2
8.41666666666667
8.91666666666667
7.85
6.23333333333333
6.28333333333333
11.3666666666667
10.4333333333333
9.93333333333333
8.83333333333333
8.16666666666667
6.55
6.18333333333333
5.73333333333333
8.4
11.2
10.4333333333333
8.58333333333333
7.86666666666667
6
11.1
10.9333333333333
9.33333333333333
7.63333333333333
6.16666666666667
5.78333333333333
5.76666666666667
5.3
5.4
5.15
5.53333333333333
5.36666666666667
5.36666666666667
5.6
6.86666666666667
10.3833333333333
10.9666666666667
14.5666666666667
13.6
10.3333333333333
9.78333333333333
11.3833333333333
10.9833333333333
10.2833333333333
8.98333333333333
8.98333333333333
9.05
