3.7
3.5
4.93333333333333
3.5
3.7
3.63333333333333
4.53333333333333
3.6
3.7
3.5
3.76666666666667
3.53333333333333
5.23333333333333
3.5
4.9
4.86666666666667
4.46666666666667
3.63333333333333
4.3
5.53333333333333
7.83333333333333
3.5
3.7
3.5
4.2
3.5
3.7
3.5
3.7
3.56666666666667
3.7
3.5
3.7
3.7
3.8
3.5
3.7
3.5
3.7
3.5
3.7
3.6
3.93333333333333
3.53333333333333
5.36666666666667
3.5
3.7
4.46666666666667
3.7
3.5
3.7
3.5
3.7
7.2
4.23333333333333
7.3
3.7
4.43333333333333
6.66666666666667
3.5
3.7
3.5
3.7
4.1
3.7
6.46666666666667
5.9
3.5
5.66666666666667
4.66666666666667
3.7
3.5
3.66666666666667
3.5
3.7
3.5
3.7
3.6
3.7
3.5
3.7
3.5
3.7
3.5
3.7
3.5
3.7
3.5
3.7
3.56666666666667
3.7
4.33333333333333
3.7
3.5
3.7
6.83333333333333
9.03333333333333
3.6
3.7
3.5
3.7
3.6
3.6
3.5
3.63333333333333
5
4.43333333333333
3.66666666666667
3.63333333333333
5.9
5.26666666666667
3.86666666666667
3.63333333333333
3.63333333333333
4.73333333333333
3.63333333333333
3.63333333333333
3.56666666666667
3.63333333333333
5.1
7.26666666666667
3.9
3.56666666666667
3.63333333333333
5.73333333333333
3.7
6.16666666666667
4.06666666666667
4.73333333333333
3.66666666666667
3.56666666666667
4.3
6.4
3.66666666666667
4.1
3.7
3.6
3.73333333333333
3.5
3.7
3.5
4.26666666666667
4.23333333333333
4.2
3.5
3.93333333333333
4
5.06666666666667
5.63333333333333
3.73333333333333
7.03333333333333
6.03333333333333
3.5
3.66666666666667
3.5
3.7
3.5
3.7
3.5
3.7
3.5
3.8
3.5
3.7
3.5
3.7
3.5
3.66666666666667
3.5
3.7
3.5
3.7
3.66666666666667
4.7
3.66666666666667
5.26666666666667
3.53333333333333
3.7
3.5
3.7
5.13333333333333
3.7
3.5
3.7
3.5
3.76666666666667
3.5
3.7
3.5
3.7
3.5
3.7
3.5
3.7
3.5
3.7
3.7
7.1
3.53333333333333
7.96666666666667
4.46666666666667
5.83333333333333
5.56666666666667
3.7
5.4
3.7
3.5
3.7
3.5
3.73333333333333
3.5
3.66666666666667
3.5
3.7
3.5
3.7
3.5
3.7
3.5
4.56666666666667
6.16666666666667
3.83333333333333
4.76666666666667
3.7
3.5
3.7
3.5
3.7
3.6
3.8
3.5
3.7
3.5
3.73333333333333
3.5
3.7
3.5
4
3.56666666666667
3.7
3.5
3.7
3.6
4.6
3.5
5.1
3.83333333333333
3.76666666666667
3.5
3.7
3.5
3.7
3.5
3.96666666666667
3.5
3.7
3.8
3.83333333333333
3.5
3.7
3.5
3.7
3.5
3.7
3.5
3.7
3.5
3.7
3.5
4.76666666666667
3.53333333333333
3.7
3.5
3.7
3.5
3.7
3.5
3.7
3.5
3.7
3.5
3.73333333333333
3.5
3.7
3.5
3.7
3.5
3.7
