4.33333333333333
4.53333333333333
4.6
4.53333333333333
4.93333333333333
4.26666666666667
4.46666666666667
4.46666666666667
4.33333333333333
4.33333333333333
4.53333333333333
4.73333333333333
4.4
4.4
4.26666666666667
4.6
4.33333333333333
4.53333333333333
4.6
4.73333333333333
4.4
4.2
4.46666666666667
4.6
4.26666666666667
4.8
4.53333333333333
4.66666666666667
4.4
4.46666666666667
4.33333333333333
4.4
4.33333333333333
4.53333333333333
4.46666666666667
4.6
4.73333333333333
5.06666666666667
4.53333333333333
4.66666666666667
4.53333333333333
4.46666666666667
4.26666666666667
4.46666666666667
4.4
4.26666666666667
4.46666666666667
4.6
4.8
4.53333333333333
4.46666666666667
4.66666666666667
4.6
4.4
4.53333333333333
4.4
4.33333333333333
4.46666666666667
4.33333333333333
4.46666666666667
4.4
4.53333333333333
4.53333333333333
4.46666666666667
4.33333333333333
4.46666666666667
4.33333333333333
4.46666666666667
4.33333333333333
4.4
4.46666666666667
4.46666666666667
4.46666666666667
4.46666666666667
4.4
4.86666666666667
4.4
4.86666666666667
4.53333333333333
4.4
4.4
4.4
4.33333333333333
4.66666666666667
4.33333333333333
4.6
4.6
4.46666666666667
4.4
4.53333333333333
4.8
4.6
4.46666666666667
4.4
4.53333333333333
4.6
4.4
4.4
4.6
4.73333333333333
4.33333333333333
4.26666666666667
4.26666666666667
4.33333333333333
4.46666666666667
4.26666666666667
4.33333333333333
4.6
4.26666666666667
4.46666666666667
4.4
4.86666666666667
4.66666666666667
4.46666666666667
4.33333333333333
4.6
4.33333333333333
4.46666666666667
4.4
4.66666666666667
4.46666666666667
4.4
4.53333333333333
4.46666666666667
4.33333333333333
4.46666666666667
4.4
4.4
4.4
4.26666666666667
4.4
4.6
4.26666666666667
4.53333333333333
4.4
4.53333333333333
4.53333333333333
4.4
4.33333333333333
4.46666666666667
4.26666666666667
4.6
4.46666666666667
4.6
4.33333333333333
4.53333333333333
4.6
4.6
4.4
4.46666666666667
4.33333333333333
4.46666666666667
4.73333333333333
4.4
4.53333333333333
4.53333333333333
4.33333333333333
4.33333333333333
4.33333333333333
4.66666666666667
4.46666666666667
4.33333333333333
4.4
4.33333333333333
4.6
4.4
4.26666666666667
4.53333333333333
4.33333333333333
4.33333333333333
4.46666666666667
4.46666666666667
4.53333333333333
4.6
4.26666666666667
4.6
4.33333333333333
4.33333333333333
4.6
4.46666666666667
4.33333333333333
4.4
4.4
4.6
4.46666666666667
4.33333333333333
4.4
4.26666666666667
4.46666666666667
4.33333333333333
4.33333333333333
4.6
4.4
4.73333333333333
4.53333333333333
4.6
4.46666666666667
4.26666666666667
4.33333333333333
4.46666666666667
4.26666666666667
4.4
4.53333333333333
4.66666666666667
4.4
4.8
4.33333333333333
4.66666666666667
4.4
4.4
4.33333333333333
4.4
4.4
4.26666666666667
4.53333333333333
4.73333333333333
4.4
4.46666666666667
4.2
4.4
4.46666666666667
4.4
4.26666666666667
4.46666666666667
4.2
4.4
4.4
4.53333333333333
4.33333333333333
4.33333333333333
4.46666666666667
4.53333333333333
4.33333333333333
4.4
4.33333333333333
4.8
4.26666666666667
4.26666666666667
4.53333333333333
4.46666666666667
4.26666666666667
4.53333333333333
4.33333333333333
4.53333333333333
4.53333333333333
4.33333333333333
4.4
4.26666666666667
4.26666666666667
4.4
4.46666666666667
4.46666666666667
4.4
4.4
4.46666666666667
4.46666666666667
4.73333333333333
4.33333333333333
4.2
4.46666666666667
4.46666666666667
4.33333333333333
4.53333333333333
4.53333333333333
4.33333333333333
4.93333333333333
4.6
4.73333333333333
4.33333333333333
4.26666666666667
4.33333333333333
4.33333333333333
4.4
4.33333333333333
4.33333333333333
4.73333333333333
4.46666666666667
4.46666666666667
4.53333333333333
4.46666666666667
4.66666666666667
4.33333333333333
4.46666666666667
4.53333333333333
4.4
4.33333333333333
4.4
4.93333333333333
