2.06666666666667
2.06666666666667
2.05
2.06666666666667
2.05
2.1
2.03333333333333
2.25
2.05
2.05
2.05
2.06666666666667
2.06666666666667
2.03333333333333
2.03333333333333
2.08333333333333
2.13333333333333
2.15
2.06666666666667
2.26666666666667
2.06666666666667
2.06666666666667
2.05
2.03333333333333
2.05
2.06666666666667
2.05
2.13333333333333
2.1
2.06666666666667
2.03333333333333
2.26666666666667
2.06666666666667
2.05
2.05
2.05
2.06666666666667
2.05
2
2.05
2.05
2.08333333333333
2.05
2.25
2.11666666666667
2.03333333333333
2.05
2.06666666666667
2.05
2.06666666666667
2.05
2.06666666666667
2.06666666666667
2.15
2.03333333333333
2.21666666666667
2.05
2.06666666666667
2.06666666666667
2.05
2.05
2.06666666666667
2.03333333333333
2.06666666666667
2.1
2.13333333333333
2.06666666666667
2.26666666666667
2.05
2.05
2.05
2.03333333333333
2.05
2.05
2.05
2.1
2.06666666666667
2.11666666666667
2.05
2.26666666666667
2.08333333333333
2.05
2
2.05
2.05
2.05
2.05
2.05
2.05
2.13333333333333
2.06666666666667
2.25
2.06666666666667
2.06666666666667
2.06666666666667
2.06666666666667
2.05
2.05
2.05
2.06666666666667
1.96666666666667
1.93333333333333
1.85
2.08333333333333
1.9
1.86666666666667
1.85
1.9
1.9
2.4
1.81666666666667
1.86666666666667
1.81666666666667
1.95
1.81666666666667
2.06666666666667
1.83333333333333
1.86666666666667
1.83333333333333
1.86666666666667
1.86666666666667
1.88333333333333
1.81666666666667
1.85
1.86666666666667
2.1
1.86666666666667
2.06666666666667
1.86666666666667
1.86666666666667
1.88333333333333
1.88333333333333
1.88333333333333
1.86666666666667
1.88333333333333
1.85
1.86666666666667
1.93333333333333
1.9
2.1
1.88333333333333
1.88333333333333
1.86666666666667
1.85
1.86666666666667
2.05
1.9
1.9
2.66666666666667
2.75
1.88333333333333
2.28333333333333
2.01666666666667
1.85
1.86666666666667
1.85
1.86666666666667
1.88333333333333
1.9
1.88333333333333
1.91666666666667
1.93333333333333
1.85
2.21666666666667
1.91666666666667
1.88333333333333
1.85
1.86666666666667
1.86666666666667
1.85
1.86666666666667
1.86666666666667
1.88333333333333
1.91666666666667
1.86666666666667
2.03333333333333
1.86666666666667
1.9
1.88333333333333
1.85
1.86666666666667
1.9
1.88333333333333
1.85
1.88333333333333
1.95
1.86666666666667
2.03333333333333
1.85
1.83333333333333
1.96666666666667
1.91666666666667
1.86666666666667
1.86666666666667
1.88333333333333
1.85
1.88333333333333
1.96666666666667
1.9
2.06666666666667
1.86666666666667
1.83333333333333
1.85
1.9
1.9
1.86666666666667
1.86666666666667
1.86666666666667
1.88333333333333
1.95
1.83333333333333
2.06666666666667
1.83333333333333
1.85
1.85
1.86666666666667
1.88333333333333
1.83333333333333
1.85
1.85
1.9
1.96666666666667
1.86666666666667
2.05
1.88333333333333
1.85
1.85
1.85
1.86666666666667
1.9
1.9
1.86666666666667
1.88333333333333
1.91666666666667
2.03333333333333
2.11666666666667
1.9
1.86666666666667
1.93333333333333
1.85
1.9
1.86666666666667
1.88333333333333
1.86666666666667
1.88333333333333
1.93333333333333
1.88333333333333
2.03333333333333
1.86666666666667
1.85
1.93333333333333
1.91666666666667
1.85
1.83333333333333
1.88333333333333
1.86666666666667
1.88333333333333
1.95
1.85
2.05
1.9
1.9
1.86666666666667
1.91666666666667
1.93333333333333
1.85
1.93333333333333
1.83333333333333
1.91666666666667
1.96666666666667
1.86666666666667
2.05
1.9
1.93333333333333
1.95
1.85
2
2.06666666666667
2.05
2.06666666666667
2.05
2.1
2.03333333333333
2.26666666666667
2.05
2.05
2.06666666666667
2.05
