1.7
1.25
1.5
1.65
1.66666666666667
1.75
1.6
1.7
1.71666666666667
1.75
1.6
1.43333333333333
1.58333333333333
1.5
1.5
1.48333333333333
1.51666666666667
1.45
1.68333333333333
1.5
1.61666666666667
1.65
1.51666666666667
1.55
1.6
1.4
1.48333333333333
1.33333333333333
1.55
1.65
1.48333333333333
1.56666666666667
1.51666666666667
1.53333333333333
1.66666666666667
1.5
1.68333333333333
1.45
1.66666666666667
1.68333333333333
1.73333333333333
1.7
1.68333333333333
1.7
1.75
1.75
1.71666666666667
1.6
1.58333333333333
1.71666666666667
1.66666666666667
1.63333333333333
1.6
1.53333333333333
1.66666666666667
1.63333333333333
1.61666666666667
1.35
1.58333333333333
1.75
1.63333333333333
1.73333333333333
1.75
1.7
1.65
1.63333333333333
1.66666666666667
1.66666666666667
1.75
1.53333333333333
1.55
1.68333333333333
1.71666666666667
1.56666666666667
1.56666666666667
1.53333333333333
1.46666666666667
1.75
1.68333333333333
1.63333333333333
1.75
1.55
1.55
1.51666666666667
1.73333333333333
1.75
1.73333333333333
1.63333333333333
1.73333333333333
1.65
1.71666666666667
1.75
1.45
1.75
1.63333333333333
1.7
1.75
1.71666666666667
1.7
1.8
1.66666666666667
1.5
1.35
1.48333333333333
1.53333333333333
1.51666666666667
1.36666666666667
1.31666666666667
1.43333333333333
1.5
1.5
1.3
1.4
1.51666666666667
1.5
1.36666666666667
1.45
1.46666666666667
1.35
1.5
1.56666666666667
1.43333333333333
1.41666666666667
1.43333333333333
1.41666666666667
1.5
1.46666666666667
1.5
1.48333333333333
1.5
1.43333333333333
1.26666666666667
1.38333333333333
1.5
1.53333333333333
1.51666666666667
1.5
1.68333333333333
1.36666666666667
1.5
1.5
1.5
1.5
1.48333333333333
1.45
1.48333333333333
1.48333333333333
1.5
1.5
1.36666666666667
1.5
1.5
1.33333333333333
1.5
1.5
1.45
1.45
1.4
1.5
1.45
1.46666666666667
1.55
1.4
1.43333333333333
1.5
1.46666666666667
1.41666666666667
1.5
1.55
1.41666666666667
1.25
1.46666666666667
1.46666666666667
1.45
1.7
1.5
1.48333333333333
1.48333333333333
1.33333333333333
1.36666666666667
1.53333333333333
1.5
1.35
1.45
1.5
1.5
1.46666666666667
1.38333333333333
1.41666666666667
1.46666666666667
1.5
1.5
1.43333333333333
1.41666666666667
1.58333333333333
1.6
1.43333333333333
1.63333333333333
1.5
1.55
1.51666666666667
1.4
1.55
1.55
1.55
1.41666666666667
1.48333333333333
1.53333333333333
1.6
1.5
1.5
1.5
1.51666666666667
1.56666666666667
1.5
1.53333333333333
1.66666666666667
1.48333333333333
1.43333333333333
1.5
1.48333333333333
1.73333333333333
1.66666666666667
1.5
1.5
1.5
1.5
1.4
1.53333333333333
1.51666666666667
1.43333333333333
1.58333333333333
1.51666666666667
1.5
1.63333333333333
1.5
1.55
1.65
1.46666666666667
1.63333333333333
1.51666666666667
1.45
1.5
1.6
1.5
1.75
1.65
1.68333333333333
1.61666666666667
1.48333333333333
1.56666666666667
1.55
1.48333333333333
1.5
1.46666666666667
1.5
1.53333333333333
1.55
1.61666666666667
1.53333333333333
1.68333333333333
1.7
1.55
1.65
1.68333333333333
1.53333333333333
1.75
1.55
1.71666666666667
1.75
1.68333333333333
1.61666666666667
1.7
1.73333333333333
1.56666666666667
1.58333333333333
1.75
1.73333333333333
1.86666666666667
1.75
1.75
1.83333333333333
1.93333333333333
1.75
1.75
1.58333333333333
1.86666666666667
1.68333333333333
