7.75
7.4
7.86666666666667
8.18333333333333
8.1
9.83333333333333
16.1666666666667
9.85
7.73333333333333
7.46666666666667
6.98333333333333
6.81666666666667
6.33333333333333
6.48333333333333
6.31666666666667
6.8
6.58333333333333
8.08333333333333
14.25
7.13333333333333
7.56666666666667
7.48333333333333
7.93333333333333
7.86666666666667
7.36666666666667
7.43333333333333
7.31666666666667
7.11666666666667
7.31666666666667
7.93333333333333
14.4
6.7
6.75
6.63333333333333
6.65
6.38333333333333
6.76666666666667
6.75
7.1
6.78333333333333
7.1
8.51666666666667
15
8.28333333333333
7.05
7.01666666666667
7
7.08333333333333
6.75
6.88333333333333
6.68333333333333
6.91666666666667
6.65
8.51666666666667
15.0666666666667
9.96666666666667
8.61666666666667
8.76666666666667
9.05
9.36666666666667
9.66666666666667
9.18333333333333
9.55
9.03333333333333
9.11666666666667
9.3
14.8666666666667
8.23333333333333
7.13333333333333
7.13333333333333
6.95
6.61666666666667
6.66666666666667
6.46666666666667
6.85
7.23333333333333
7.58333333333333
9.21666666666667
15.6833333333333
9.66666666666667
8.08333333333333
8.13333333333333
7.81666666666667
7.91666666666667
8
8.21666666666667
8.23333333333333
8.26666666666667
7.7
8.93333333333333
15.2166666666667
9.76666666666667
7.53333333333333
8.46666666666667
8.58333333333333
8.51666666666667
9.18333333333333
9.08333333333333
8.68333333333333
8.71666666666667
8.11666666666667
9.65
14.8166666666667
9.51666666666667
7.78333333333333
7.35
7.06666666666667
6.98333333333333
6.98333333333333
7.01666666666667
7.55
7.83333333333333
8.35
9.66666666666667
15.7666666666667
10.1333333333333
8.45
7.9
7.86666666666667
7.6
7.18333333333333
7.16666666666667
7.55
7.13333333333333
7.36666666666667
8.51666666666667
14.65
7.91666666666667
7.35
7.25
7.63333333333333
7.66666666666667
7.66666666666667
7.83333333333333
7.2
7.41666666666667
7.55
8.76666666666667
14.75
8.23333333333333
7.01666666666667
6.56666666666667
6.36666666666667
6.48333333333333
6.56666666666667
6.4
6.93333333333333
7.18333333333333
7.48333333333333
13.8333333333333
15.2166666666667
18.5
19.3166666666667
15.9166666666667
24.6833333333333
27.3
24.9333333333333
16.9666666666667
24.85
25
25.6
25
28.5
23.9833333333333
23.5166666666667
21.0166666666667
20.8833333333333
21.5333333333333
18.0833333333333
8.28333333333333
8.38333333333333
7.88333333333333
7.53333333333333
9.1
14.1166666666667
10.8666666666667
7.58333333333333
7.11666666666667
7.2
7.13333333333333
7.08333333333333
6.98333333333333
7.06666666666667
7.11666666666667
7.38333333333333
8.98333333333333
15.15
8.08333333333333
7.73333333333333
7.11666666666667
7.78333333333333
7.51666666666667
7.18333333333333
6.9
6.9
6.86666666666667
6.93333333333333
8.08333333333333
14.3166666666667
8.03333333333333
7.06666666666667
7.6
8.03333333333333
7.66666666666667
7.93333333333333
8.33333333333333
7.43333333333333
7.35
7.91666666666667
8.76666666666667
14.8333333333333
8.71666666666667
7.38333333333333
7.51666666666667
7.43333333333333
7.71666666666667
7.65
7.55
8.13333333333333
8.01666666666667
8.55
11.1
14.7666666666667
8.23333333333333
8.55
8.51666666666667
8.53333333333333
8.48333333333333
7.88333333333333
8.73333333333333
8.53333333333333
8.31666666666667
7.95
8.7
12.7
7.7
7.61666666666667
7.78333333333333
8.5
8.38333333333333
8.98333333333333
14.55
16.7666666666667
7.15
6.73333333333333
8.35
15.3
7.58333333333333
7.81666666666667
7.33333333333333
7.5
7.35
7.23333333333333
7.23333333333333
7.46666666666667
8.33333333333333
8.4
19.3166666666667
15.1666666666667
8.11666666666667
7.93333333333333
7.8
7.45
7.8
8.21666666666667
7.66666666666667
7.38333333333333
7.36666666666667
7.75
7.71666666666667
13.4333333333333
12.2166666666667
6.98333333333333
7.68333333333333
15.1166666666667
13.55
7.08333333333333
7.73333333333333
8.25
7.36666666666667
7.7
8.16666666666667
12.3166666666667
7.1
6.83333333333333
7.06666666666667
7.03333333333333
6.98333333333333
