4.11666666666667
5.9
4.71666666666667
6.48333333333333
5.66666666666667
4.68333333333333
3.7
3.38333333333333
5.51666666666667
4.93333333333333
3.88333333333333
3.11666666666667
2.95
4.28333333333333
3.75
4.11666666666667
3.98333333333333
4.88333333333333
3.88333333333333
3.91666666666667
4.1
3.71666666666667
3.35
3.2
3.15
2.71666666666667
3.95
3.01666666666667
2.75
2.9
2.78333333333333
2.86666666666667
2.71666666666667
2.91666666666667
22.3333333333333
25.25
12.65
17.8333333333333
4.63333333333333
3.73333333333333
3.1
4.16666666666667
3.43333333333333
3.2
4.53333333333333
3.05
3.21666666666667
3.16666666666667
3.93333333333333
3.53333333333333
3.58333333333333
2.81666666666667
2.98333333333333
2.96666666666667
4.15
3.4
2.86666666666667
3.36666666666667
3.5
3.4
3.4
3.9
3.01666666666667
4.15
2.78333333333333
4.08333333333333
4.06666666666667
3.48333333333333
2.95
3.31666666666667
3.13333333333333
2.91666666666667
3.26666666666667
4.43333333333333
3.01666666666667
5.13333333333333
3.86666666666667
4.48333333333333
3.65
4.21666666666667
3.51666666666667
3.31666666666667
3.18333333333333
3.31666666666667
3.16666666666667
2.9
3.2
4.95
3.28333333333333
4.13333333333333
5
4.55
3.46666666666667
3.26666666666667
2.98333333333333
3.01666666666667
2.93333333333333
3.18333333333333
3.58333333333333
3.21666666666667
3.65
3.28333333333333
2.93333333333333
2.81666666666667
2.93333333333333
2.8
4.8
3.53333333333333
2.91666666666667
2.83333333333333
2.85
2.98333333333333
2.75
2.78333333333333
2.8
2.71666666666667
2.75
2.63333333333333
2.68333333333333
2.68333333333333
2.7
2.7
2.7
2.8
2.78333333333333
2.86666666666667
2.85
2.81666666666667
2.81666666666667
4.65
5.41666666666667
2.68333333333333
2.83333333333333
2.63333333333333
2.81666666666667
2.75
2.81666666666667
2.75
2.81666666666667
2.76666666666667
2.8
2.75
2.75
2.66666666666667
2.76666666666667
2.73333333333333
2.75
2.66666666666667
2.8
2.85
2.75
2.76666666666667
2.65
2.73333333333333
2.76666666666667
2.81666666666667
2.7
2.78333333333333
2.71666666666667
2.8
2.78333333333333
2.83333333333333
2.61666666666667
2.7
2.65
2.71666666666667
2.7
2.68333333333333
2.75
2.7
2.75
2.8
2.76666666666667
2.85
2.76666666666667
2.78333333333333
2.75
2.71666666666667
2.7
2.75
2.71666666666667
2.78333333333333
2.76666666666667
2.83333333333333
2.71666666666667
2.91666666666667
5.08333333333333
2.91666666666667
2.9
2.81666666666667
2.86666666666667
3.13333333333333
3.1
2.78333333333333
2.85
2.8
3.11666666666667
2.85
2.9
3.16666666666667
3.05
3
5.1
4.98333333333333
2.85
2.96666666666667
2.43333333333333
2.73333333333333
2.71666666666667
2.86666666666667
2.86666666666667
3.08333333333333
2.85
3.1
2.85
3.2
3.05
2.86666666666667
2.83333333333333
3
3.5
3.66666666666667
2.88333333333333
3.11666666666667
2.85
2.83333333333333
3.26666666666667
2.95
3.3
3.41666666666667
5.28333333333333
4.48333333333333
4.31666666666667
2.88333333333333
2.95
2.8
3.13333333333333
3.51666666666667
2.81666666666667
3.65
22.5333333333333
25.7
22.2666666666667
8.61666666666667
21.65
3.48333333333333
4.56666666666667
3.5
4.46666666666667
3.61666666666667
3.85
3.38333333333333
4.78333333333333
4.71666666666667
4.25
3.91666666666667
3.58333333333333
4.48333333333333
3.26666666666667
4.88333333333333
3.35
4.8
3
3.08333333333333
4.03333333333333
4.06666666666667
3.55
3.55
3.28333333333333
4.45
3.55
4.35
3.48333333333333
3.45
5.05
4.8
3.83333333333333
5.13333333333333
4.65
4.06666666666667
5.95
5.53333333333333
4.16666666666667
4.1
4.63333333333333
4.31666666666667
3.63333333333333
4.01666666666667
