1.73333333333333
1.65
1.58333333333333
1.55
1.56666666666667
1.75
1.56666666666667
1.53333333333333
1.61666666666667
1.63333333333333
1.6
1.6
10.0333333333333
1.6
1.6
1.73333333333333
11.85
1.7
1.65
1.56666666666667
1.68333333333333
1.58333333333333
1.63333333333333
1.6
1.7
9.95
1.61666666666667
1.55
1.56666666666667
1.68333333333333
1.75
1.63333333333333
1.51666666666667
1.58333333333333
1.58333333333333
1.61666666666667
1.75
1.55
1.6
1.61666666666667
1.6
1.61666666666667
1.53571428571429
1.6
1.56666666666667
1.55
1.55
1.61666666666667
1.78333333333333
1.53333333333333
1.55
1.63333333333333
1.6
1.63333333333333
1.55
1.55
1.55
1.56666666666667
1.53333333333333
1.58333333333333
1.8
1.58333333333333
1.55
1.55
1.6
1.7
1.5
1.53333333333333
1.66666666666667
1.56666666666667
1.55
1.6
1.75
1.55
1.56666666666667
1.53333333333333
1.53333333333333
1.61666666666667
1.6
1.55
1.55
1.58333333333333
1.6
1.58333333333333
1.75
1.63333333333333
1.56666666666667
1.55
1.55
1.65
1.53333333333333
1.58333333333333
1.53333333333333
1.6
1.61666666666667
1.6
1.75
1.58333333333333
1.6
1.55
1.53333333333333
1.55
1.51666666666667
1.46666666666667
1.55
1.43333333333333
1.51666666666667
1.5
1.65
1.48333333333333
1.46666666666667
1.48333333333333
1.5
1.68333333333333
1.5
1.5
1.5
1.5
1.5
1.5
1.66666666666667
1.46666666666667
1.48333333333333
1.5
1.5
1.55
1.48333333333333
1.5
1.48333333333333
1.46666666666667
1.46666666666667
1.5
1.68333333333333
1.5
1.5
1.5
1.48333333333333
1.55
1.5
1.48333333333333
1.48333333333333
1.5
1.46666666666667
1.5
1.65
1.45
1.45
1.48333333333333
1.48333333333333
1.9
1.48333333333333
1.48333333333333
1.46666666666667
1.48333333333333
1.5
1.46666666666667
1.65
1.53333333333333
1.45
1.48333333333333
1.5
1.6
1.48333333333333
1.46666666666667
1.5
1.51666666666667
1.5
1.5
1.6
1.5
1.5
1.5
1.56666666666667
1.5
1.48333333333333
1.45
1.5
1.5
1.55
1.66666666666667
1.5
1.51666666666667
1.48333333333333
1.5
1.53333333333333
1.51666666666667
1.51666666666667
1.48333333333333
1.48333333333333
1.5
1.48333333333333
1.67857142857143
1.51666666666667
1.46666666666667
1.51666666666667
1.5
1.55
1.5
1.51666666666667
1.5
1.46666666666667
1.5
1.55
1.66666666666667
1.53333333333333
1.5
1.48214285714286
1.51666666666667
1.56666666666667
1.48333333333333
1.5
1.53333333333333
1.51666666666667
1.5
1.48333333333333
1.66666666666667
1.5
1.5
1.48333333333333
1.5
1.55
1.48333333333333
1.48333333333333
1.48333333333333
1.45
1.48333333333333
1.5
1.7
1.55
1.55
1.5
1.5
1.55
1.5
1.46666666666667
1.5
1.5
1.5
1.48333333333333
1.63333333333333
1.5
1.5
1.5
1.46666666666667
1.53571428571429
1.55
1.48333333333333
1.55
1.5
1.53333333333333
1.51666666666667
1.63333333333333
1.46666666666667
1.53333333333333
1.51666666666667
2.55
9.3
1.51666666666667
1.5
1.5
1.55
1.46666666666667
1.51666666666667
1.68333333333333
1.5
1.5
1.5
1.5
1.55
1.51666666666667
11.5333333333333
1.51666666666667
1.5
1.5
1.53333333333333
1.88333333333333
1.55
1.76666666666667
1.78333333333333
1.66666666666667
1.63333333333333
1.51666666666667
1.55
8.33333333333333
2.03333333333333
1.55
1.58333333333333
1.8
