2.86666666666667
2.83333333333333
2.93333333333333
3.2
3.26666666666667
2.73333333333333
3.06666666666667
3.1
2.86666666666667
2.76666666666667
3
2.36666666666667
2.43333333333333
2.73333333333333
2.46666666666667
2.96666666666667
3.23333333333333
3
2.46666666666667
3.3
3.16666666666667
2.6
2.63333333333333
2.8
2.66666666666667
3.1
2.96666666666667
2.76666666666667
3.4
2.8
2.93333333333333
2.76666666666667
2.6
2.93333333333333
2.66666666666667
2.73333333333333
2.33333333333333
2.76666666666667
2.6
3.6
3.66666666666667
2.6
2.26666666666667
2.86666666666667
2.56666666666667
2.83333333333333
2.8
2.73333333333333
2.8
2.46666666666667
2.6
2.73333333333333
3
2.3
3.13333333333333
2.63333333333333
2.33333333333333
2.63333333333333
3.06666666666667
2.66666666666667
2.36666666666667
2.86666666666667
2.73333333333333
2.73333333333333
3.4
2.93333333333333
2.36666666666667
3.3
3.1
2.33333333333333
3.1
2.76666666666667
2.83333333333333
2.56666666666667
3.13333333333333
2.56666666666667
2.6
2.5
2.73333333333333
2.53333333333333
2.96666666666667
2.9
3.13333333333333
2.16666666666667
2.63333333333333
2.83333333333333
2.93333333333333
2.43333333333333
2.53333333333333
2.7
2.2
2.53333333333333
2.6
2.26666666666667
2.36666666666667
2.53333333333333
2.63333333333333
2.8
2.33333333333333
2.23333333333333
2.66666666666667
2.4
2.56666666666667
2.83333333333333
3.1
2.76666666666667
2.5
2.46666666666667
2.83333333333333
2.53333333333333
2.7
2.6
2.43333333333333
2.3
2.66666666666667
2.96666666666667
3.23333333333333
3.06666666666667
2.53333333333333
2.23333333333333
2.63333333333333
2.33333333333333
2.7
2.76666666666667
3
3.36666666666667
2.36666666666667
3.16666666666667
2.3
2.5
2.4
2.6
2.43333333333333
3
3.03333333333333
2.63333333333333
2.4
2.43333333333333
2.5
2.43333333333333
2.7
2.43333333333333
2.7
2.7
2.7
2.36666666666667
2.5
2.66666666666667
2.46666666666667
2.6
2.63333333333333
3.2
2.36666666666667
2.63333333333333
2.56666666666667
3.1
2.46666666666667
2.63333333333333
2.8
3.1
3
2.33333333333333
2.8
3.33333333333333
2.2
2.56666666666667
2.16666666666667
2.6
2.33333333333333
2.3
2.56666666666667
2.16666666666667
2.36666666666667
3.1
3.23333333333333
2.56666666666667
2.6
2.23333333333333
2.6
2.33333333333333
2.7
2.56666666666667
2.56666666666667
2.4
2.76666666666667
2.5
2.26666666666667
2.86666666666667
3.26666666666667
2.4
2.5
2.66666666666667
2.56666666666667
2.9
2.43333333333333
2.53333333333333
2.3
2.5
2.5
2.56666666666667
2.4
2.56666666666667
2.73333333333333
3.06666666666667
2.53333333333333
2.56666666666667
2.73333333333333
2.26666666666667
2.96666666666667
2.66666666666667
2.8
2.73333333333333
2.26666666666667
2.06666666666667
2.86666666666667
2.66666666666667
2.33333333333333
2.8
2.73333333333333
3
2.63333333333333
3.13333333333333
2.7
2.66666666666667
2.63333333333333
2.83333333333333
2.86666666666667
2.3
2.5
2.4
2.63333333333333
2.23333333333333
2.86666666666667
2.8
2.6
2.63333333333333
2.7
2.43333333333333
2.63333333333333
2.96666666666667
2.76666666666667
2.83333333333333
2.66666666666667
2.63333333333333
2.63333333333333
2.36666666666667
2.56666666666667
3.06666666666667
2.83333333333333
2.26666666666667
2.96666666666667
2.66666666666667
2.63333333333333
2.36666666666667
3.16666666666667
2.5
2.9
2.8
2.8
2.6
2.4
2.5
2.43333333333333
2.76666666666667
2.8
3.46666666666667
2.56666666666667
2.83333333333333
2.53333333333333
3
2.5
2.73333333333333
2.93333333333333
2.3
2.8
2.6
2.93333333333333
2.83333333333333
2.66666666666667
2.53333333333333
2.76666666666667
3.26666666666667
2.83333333333333
3.03333333333333
2.66666666666667
4
2.96666666666667
2.36666666666667
