6.53333333333333
6.43333333333333
5.73333333333333
6.01666666666667
10.9666666666667
6.65
8.28333333333333
4.91666666666667
5.33333333333333
4.88333333333333
4.86666666666667
4.03333333333333
3.86666666666667
3.78333333333333
3.65
4.08333333333333
4.41666666666667
3.88333333333333
6.85
5.76666666666667
4.03333333333333
11.85
8.03333333333333
5.83333333333333
4.51666666666667
4.56666666666667
7.95
11.1333333333333
8.05
11.5166666666667
5.06666666666667
4.4
4.15
4.06666666666667
4
4.21666666666667
4.2
4.2
4.11666666666667
4.11666666666667
4.16666666666667
4.3
4.18333333333333
4.03333333333333
4.38333333333333
4.61666666666667
5
4.13333333333333
4.33333333333333
4.06666666666667
4.06666666666667
4.01666666666667
4.08333333333333
4.21666666666667
4.35
4
4.06666666666667
4.06666666666667
4.1
4.6
4.75
4.41666666666667
4.53333333333333
4.63333333333333
4.68333333333333
4.73333333333333
4.91666666666667
4.76666666666667
4.61666666666667
4.58333333333333
4.65
4.55
4.83333333333333
4.76666666666667
4.56666666666667
4.61666666666667
4.7
5.25
4.9
4.7
4.58333333333333
4.65
4.58333333333333
4.65
4.86666666666667
4.71666666666667
4.58333333333333
4.63333333333333
4.61666666666667
4.86666666666667
4.73333333333333
4.61666666666667
4.66666666666667
4.66666666666667
4.51666666666667
4.71666666666667
4.76666666666667
4.68333333333333
4.63333333333333
4.63333333333333
4.55
4.83333333333333
4.71666666666667
4.65
4.65
4.6
4.61666666666667
4.71666666666667
4.68333333333333
4.65
4.65
4.65
4.56666666666667
4.7
4.81666666666667
4.65
4.65
4.53333333333333
4.58333333333333
4.78333333333333
4.66666666666667
4.73333333333333
4.61666666666667
4.58333333333333
4.58333333333333
4.8
4.66666666666667
4.76666666666667
4.61666666666667
4.53333333333333
4.6
4.65
4.75
4.76666666666667
4.6
4.56666666666667
4.56666666666667
4.68333333333333
4.71666666666667
4.73333333333333
4.55
4.53333333333333
4.58333333333333
4.6
4.85
4.6
4.58333333333333
4.56666666666667
4.56666666666667
4.85
4.91666666666667
4.61666666666667
4.63333333333333
4.58333333333333
4.61666666666667
4.93333333333333
5.05
4.76666666666667
4.6
4.58333333333333
4.56666666666667
4.68333333333333
5
4.55
4.6
10.7
4.58333333333333
4.6
5.16666666666667
4.65
4.55
4.66666666666667
4.56666666666667
4.65
5.06666666666667
4.63333333333333
4.55
4.58333333333333
4.61666666666667
4.9
4.83333333333333
4.55
4.58333333333333
4.7
4.65
4.9
4.73333333333333
4.56666666666667
4.55
4.6
4.58333333333333
4.83333333333333
4.61666666666667
4.75
4.55
4.7
4.6
4.96666666666667
4.61666666666667
4.68333333333333
4.73333333333333
5.05
4.85
4.7
4.63333333333333
4.75
4.68333333333333
4.85
4.86666666666667
5.53333333333333
4.01666666666667
4.13333333333333
8.51666666666667
7.25
6.78333333333333
7.8
10.8666666666667
22.4166666666667
9.93333333333333
7.66666666666667
5.08333333333333
4.15
3.7
3.78333333333333
3.83333333333333
3.88333333333333
4.6
3.5
3.88333333333333
4.3
4.61666666666667
5.45
7.43333333333333
4.7
3.8
4.68333333333333
4.11666666666667
4.6
5.26666666666667
7.1
6.45
5.5
7.76666666666667
5.46666666666667
4.95
4.38333333333333
3.9
4.05
3.81666666666667
3.88333333333333
4
4.33333333333333
6.71666666666667
12.6333333333333
6.25
4.86666666666667
4.95
5.9
7.53333333333333
5.65
5.41666666666667
8.03333333333333
11.8833333333333
8.25
9.88333333333333
10.9
13.5333333333333
8.41666666666667
11.7
10.9333333333333
25.8166666666667
9.26666666666667
5.46666666666667
4.11666666666667
4.6
4.21666666666667
4.11666666666667
5.53333333333333
11.4166666666667
10.4833333333333
7.75
4.41666666666667
4.53333333333333
7.16666666666667
6.21666666666667
6.88333333333333
10.3166666666667
17.4166666666667
