3.8
3.73333333333333
3.53333333333333
3.46666666666667
3.6
3.53333333333333
3.66666666666667
3.93333333333333
3.73333333333333
3.73333333333333
3.8
3.26666666666667
3.53333333333333
3.73333333333333
3.66666666666667
3.6
3.53333333333333
3.73333333333333
3.46666666666667
3.53333333333333
3.73333333333333
3.8
3.73333333333333
3.73333333333333
3.8
3.26666666666667
3.66666666666667
3.73333333333333
3.8
3.8
3.73333333333333
3.8
2.86666666666667
3.6
3.2
3.6
3.66666666666667
3.53333333333333
3.6
3.33333333333333
3.6
2.86666666666667
3.66666666666667
3.66666666666667
3.46666666666667
3.53333333333333
3.46666666666667
3.6
3.2
3.06666666666667
3.46666666666667
3.66666666666667
3.8
3.73333333333333
3.73333333333333
3.93333333333333
3.8
3.13333333333333
3.6
3.73333333333333
3.8
3.66666666666667
3.6
3.66666666666667
3.8
3.6
3
4
3.73333333333333
3.8
3.8
3.66666666666667
3.66666666666667
3.6
3.66666666666667
3.53333333333333
3.06666666666667
3.8
3.8
3.86666666666667
3.6
3.73333333333333
3.73333333333333
3.73333333333333
2.8
3.8
3.6
3.73333333333333
3.73333333333333
3.6
3.8
3.8
3.26666666666667
3.46666666666667
3.8
3.66666666666667
3.73333333333333
3.8
3.66666666666667
3.8
3.6
2
2.8
2.2
2.8
2
2.93333333333333
2.2
2.8
2
2.53333333333333
2
2.8
2
2.8
2.13333333333333
2.8
2
2.8
2
2.86666666666667
2
2.73333333333333
2
2.8
2
3
2.2
2.8
2
2.8
1.93333333333333
2.8
2
2.8
2
2.8
2.86666666666667
2.8
2.86666666666667
2.8
2.8
2.8
2.8
2.8
2.8
2.8
2.8
2.86666666666667
2.8
2.8
3
2.8
2.8
2.8
2.8
2.8
2.8
2.8
2.46666666666667
2.8
2.8
2.73333333333333
2.93333333333333
4.6
2.8
2.93333333333333
3
2.53333333333333
2.8
2.8
2.53333333333333
2.8
2.8
2.6
3.06666666666667
2.8
2.8
2.8
2.8
2.8
2.8
2.8
2.8
2.8
2.8
2.73333333333333
2.93333333333333
2.93333333333333
2.86666666666667
2.8
2.8
2.86666666666667
2.8
2.93333333333333
2.86666666666667
2.93333333333333
2.8
2.86666666666667
3
2.8
2.8
2.8
3
2.93333333333333
2.86666666666667
2.86666666666667
2.86666666666667
2.86666666666667
2.8
3
3.13333333333333
2.8
2.93333333333333
2.93333333333333
2.86666666666667
2.8
2.8
2.8
2.8
2.8
2.73333333333333
2.73333333333333
3
2.8
2.8
2.53333333333333
2.8
2.8
2.53333333333333
2.8
3
2.8
2.8
2.8
3
2.8
2.86666666666667
2.8
2.8
2.8
2.73333333333333
2.8
2.8
2.86666666666667
2.8
2.8
2.93333333333333
2.8
2.8
2.93333333333333
2.8
2.8
2.86666666666667
2.93333333333333
2.8
2.8
2.8
2.8
3
2.8
2.8
2.8
2.8
2.8
2.8
2.8
2.73333333333333
2.53333333333333
2.86666666666667
2.93333333333333
3
2.8
3
2.8
2.86666666666667
3.53333333333333
3.53333333333333
3.46666666666667
3.4
3.73333333333333
3.73333333333333
3.8
3.73333333333333
3.46666666666667
3.13333333333333
3.66666666666667
3.73333333333333
