10.3666666666667
6.09166666666667
8.41666666666667
6.76666666666667
7.08333333333333
7.41666666666667
13.3
13.35
11.4916666666667
10.4083333333333
6.93333333333333
5.59166666666667
6.80833333333333
5.6
6.85833333333333
5.1
8.9
9.475
13.3166666666667
11.1833333333333
7.86666666666667
6.40833333333333
10.4916666666667
7.43333333333333
6.05833333333333
4.975
6.29166666666667
4.825
6.00833333333333
6.70833333333333
8.60833333333333
9.55833333333333
4.74166666666667
6.26666666666667
4.6
6.2
5.01666666666667
6.29166666666667
4.76666666666667
6.18333333333333
4.7
7.66666666666667
8.375
9.68333333333333
6.475
6.45833333333333
5.025
6.1
4.96666666666667
6.4
4.95833333333333
5.95833333333333
4.90833333333333
7.74166666666667
8.03333333333333
11.2166666666667
5.475
6.075
5.00833333333333
5.39166666666667
5.50833333333333
4.86666666666667
5.76666666666667
4.725
6.25833333333333
5.65833333333333
8.1
6.35833333333333
6.225
4.65833333333333
6.18333333333333
4.8
5.94166666666667
4.825
6.45
4.69166666666667
6.13333333333333
5.85833333333333
7.73333333333333
6.475
7.05
5.01666666666667
6.05833333333333
4.80833333333333
6.5
4.81666666666667
5.9
4.9
5.54166666666667
5.43333333333333
4.99166666666667
5.8
4.73333333333333
6.45
4.63333333333333
6.1
4.75
6.14166666666667
4.90833333333333
6.01666666666667
4.96666666666667
6.275
4.78333333333333
6.25833333333333
4.65833333333333
6.38333333333333
5.375
6.28333333333333
4.525
6.08333333333333
4.89166666666667
6.225
5.10833333333333
6.25833333333333
5.14166666666667
6.04166666666667
4.94166666666667
5.70833333333333
5.175
5.075
5.94166666666667
4.91666666666667
6.68333333333333
4.69166666666667
6.1
4.68333333333333
6.06666666666667
4.775
6.09166666666667
4.59166666666667
6.05833333333333
4.94166666666667
6.24166666666667
4.70833333333333
6.26666666666667
4.80833333333333
6.06666666666667
4.925
6.29166666666667
4.975
6.23333333333333
4.98333333333333
6.09166666666667
4.675
5.99166666666667
4.95833333333333
5.925
5.25
5.15
5.63333333333333
4.8
6.43333333333333
4.78333333333333
6.33333333333333
4.85833333333333
6.08333333333333
4.58333333333333
6.11666666666667
4.84166666666667
6.45
5.375
6.33333333333333
5.04166666666667
5.99166666666667
4.79166666666667
6.08333333333333
4.88333333333333
6.33333333333333
4.99166666666667
6.35833333333333
5.40833333333333
6.36666666666667
4.95
6.39166666666667
4.93333333333333
5.575
5.18333333333333
5.55
6.14166666666667
5.25833333333333
6.44166666666667
4.9
6.11666666666667
4.51666666666667
6.025
4.55833333333333
6.24166666666667
4.83333333333333
6.45833333333333
5.075
6.06666666666667
4.76666666666667
5.85
6.55
6.00833333333333
4.83333333333333
6.41666666666667
4.83333333333333
6.625
5.05
6.16666666666667
5.075
7.83333333333333
5.58333333333333
8.36666666666667
5.90833333333333
7.45
7.75
7.64166666666667
7.24166666666667
5.09166666666667
8.35833333333333
5.78333333333333
6.76666666666667
5.3
6.70833333333333
5.24166666666667
8.1
7.28333333333333
9.84166666666667
8.275
10.0666666666667
9.51666666666667
11.925
8.775
9.75833333333333
8.08333333333333
11.9333333333333
10.2833333333333
12.75
9.06666666666667
10.225
10.5833333333333
12.2333333333333
13.2
14.6166666666667
11.1916666666667
9.40833333333333
9.46666666666667
9.4
10.2166666666667
9.2
10.3916666666667
8.825
9.43333333333333
9.90833333333333
13.5416666666667
12.9416666666667
10.9666666666667
11.7333333333333
12.15
8.01666666666667
8.95833333333333
7.96666666666667
9.21666666666667
7.85833333333333
9.94166666666667
10.1
12.8833333333333
12.4083333333333
10.8916666666667
8.19166666666667
8.89166666666667
8.26666666666667
9.35833333333333
10.625
8.71666666666667
10.3
8.70833333333333
11.9416666666667
11.0666666666667
12.475
10
11.3166666666667
8.88333333333333
9.94166666666667
9.39166666666667
12.9916666666667
10.7166666666667
12.175
11.025
12.6083333333333
13.0666666666667
12.25
10.075
13.1833333333333
11.5333333333333
12.2416666666667
