2.76666666666667
3.46666666666667
2.66666666666667
2.7
3
3
2.8
2.96666666666667
2.66666666666667
2.73333333333333
2.9
2.5
2.96666666666667
3.43333333333333
2.56666666666667
2.6
3.03333333333333
2.93333333333333
2.93333333333333
2.86666666666667
2.6
2.7
2.96666666666667
2.53333333333333
2.63333333333333
3.26666666666667
2.6
2.7
2.9
2.96666666666667
2.8
2.6
2.56666666666667
2.66666666666667
2.86666666666667
2.4
2.8
3.33333333333333
2.53333333333333
2.63333333333333
3.2
2.7
3
2.76666666666667
2.53333333333333
2.7
2.86666666666667
2.46666666666667
2.7
3.26666666666667
2.53333333333333
2.6
3.26666666666667
2.66666666666667
2.76666666666667
2.76666666666667
2.53333333333333
2.76666666666667
2.9
2.5
2.76666666666667
3.3
2.5
2.66666666666667
3.2
2.6
4.6
2.76666666666667
2.83333333333333
2.63333333333333
2.83333333333333
2.63333333333333
2.8
3.26666666666667
2.6
2.6
5.4
10.0666666666667
2.8
2.76666666666667
2.66666666666667
2.66666666666667
2.73333333333333
2.6
2.7
3.16666666666667
2.53333333333333
2.63333333333333
3.3
2.83333333333333
2.76666666666667
2.66666666666667
2.66666666666667
2.7
2.76666666666667
2.56666666666667
2.7
3.36666666666667
2.83333333333333
2.7
3.93333333333333
4.7
12.4
2.76666666666667
3.83333333333333
3.33333333333333
2.86666666666667
3
2.9
3.46666666666667
2.73333333333333
2.86666666666667
3.56666666666667
3.53333333333333
3
2.86666666666667
2.96666666666667
4.73333333333333
2.73333333333333
2.6
2.76666666666667
3.93333333333333
2.6
3.66666666666667
3.3
3.2
3.03333333333333
2.73333333333333
2.83333333333333
2.7
2.7
3.16666666666667
2.73333333333333
3.26666666666667
2.63333333333333
2.66666666666667
3.13333333333333
3.2
3.06666666666667
3
2.73333333333333
2.7
2.66666666666667
2.46666666666667
3.13333333333333
3.3
3.6
2.8
3.1
3.36666666666667
3.1
3.16666666666667
2.76666666666667
2.9
2.9
2.73333333333333
3
3.26666666666667
2.6
2.7
3.2
3
2.83333333333333
2.66666666666667
2.73333333333333
2.7
2.8
2.6
2.83333333333333
3.16666666666667
2.6
2.73333333333333
3.13333333333333
3.1
4.73333333333333
29.6333333333333
24.0333333333333
9.23333333333333
2.73333333333333
2.56666666666667
2.76666666666667
3.43333333333333
2.66666666666667
2.6
3.13333333333333
2.96666666666667
2.7
2.66666666666667
2.9
2.63333333333333
2.8
2.53333333333333
2.73333333333333
3.23333333333333
2.5
2.56666666666667
3
2.73333333333333
3.03333333333333
2.76666666666667
2.56666666666667
3
2.76666666666667
2.56666666666667
2.73333333333333
3.23333333333333
3.13333333333333
2.6
2.96666666666667
2.86666666666667
2.76666666666667
2.7
2.63333333333333
2.7
2.76666666666667
2.5
2.83333333333333
3.26666666666667
2.6
2.73333333333333
2.93333333333333
2.8
2.73333333333333
2.9
2.73333333333333
2.7
3.03333333333333
2.5
2.8
3.23333333333333
2.6
2.6
2.9
2.9
2.7
2.73333333333333
2.6
2.76666666666667
2.9
2.56666666666667
2.8
3.26666666666667
2.6
2.73333333333333
3
2.93333333333333
2.86666666666667
2.7
2.6
2.73333333333333
2.8
2.53333333333333
2.8
3.43333333333333
2.6
2.76666666666667
2.93333333333333
2.93333333333333
2.9
2.76666666666667
2.6
2.8
2.66666666666667
2.5
2.9
3.23333333333333
2.6
2.7
2.8
2.86666666666667
2.76666666666667
2.66666666666667
2.56666666666667
2.8
2.7
2.46666666666667
2.8
3.3
2.6
2.7
2.8
2.86666666666667
2.83333333333333
2.73333333333333
2.7
2.83333333333333
2.76666666666667
2.46666666666667
