1.53333333333333
1.56666666666667
1.66666666666667
1.525
1.53333333333333
1.56666666666667
1.54166666666667
1.53333333333333
1.54166666666667
1.575
1.55
1.53333333333333
1.575
1.53333333333333
1.675
1.50833333333333
1.53333333333333
1.625
1.56666666666667
1.525
1.53333333333333
1.53333333333333
1.56666666666667
1.525
1.525
1.55833333333333
1.68333333333333
1.525
1.525
1.54166666666667
1.56666666666667
1.53333333333333
1.525
1.53333333333333
1.54166666666667
1.525
1.51666666666667
1.525
1.69166666666667
1.55833333333333
1.53333333333333
1.55833333333333
1.53571428571429
1.56666666666667
1.53333333333333
1.50833333333333
1.53333333333333
1.56666666666667
1.55
1.525
1.675
1.55
1.54166666666667
1.53333333333333
1.53333333333333
1.53333333333333
1.54166666666667
1.53333333333333
1.525
1.525
1.575
1.51666666666667
1.64166666666667
1.525
1.54166666666667
1.54166666666667
1.525
1.525
1.55
1.55
1.50833333333333
1.51666666666667
1.55833333333333
1.525
1.65833333333333
1.525
1.53333333333333
1.64166666666667
1.55
1.525
1.525
1.55833333333333
1.51666666666667
1.525
1.54166666666667
1.575
1.675
1.53333333333333
1.525
1.55
1.525
1.525
1.54166666666667
1.53333333333333
1.54166666666667
1.525
1.53333333333333
1.51666666666667
1.69166666666667
1.51666666666667
1.50833333333333
1.5
1.50833333333333
1.48333333333333
1.48333333333333
1.45
1.50833333333333
1.49166666666667
1.49166666666667
1.46666666666667
1.58333333333333
1.5
1.49166666666667
1.46666666666667
1.5
1.5
1.5
1.49166666666667
1.49166666666667
1.50892857142857
1.5
1.475
1.59166666666667
1.50833333333333
1.5
1.475
1.4375
1.49166666666667
1.45833333333333
1.40833333333333
1.45
1.5
1.5
1.48333333333333
1.63333333333333
1.48333333333333
1.5
1.5
1.5
1.46666666666667
1.50833333333333
1.5
1.48333333333333
1.475
1.50833333333333
1.54166666666667
1.61666666666667
1.475
1.5
1.51666666666667
1.5
1.49166666666667
1.48333333333333
1.61666666666667
1.5
1.45
1.47321428571429
1.49166666666667
1.59166666666667
1.44166666666667
1.45535714285714
1.49166666666667
1.49166666666667
1.45833333333333
1.5
1.525
1.49166666666667
1.475
1.48333333333333
1.48333333333333
1.625
1.48333333333333
1.48333333333333
1.475
1.49166666666667
1.475
1.475
1.5
1.5
1.49166666666667
1.44166666666667
1.625
1.45833333333333
1.475
1.46666666666667
1.5
1.5
1.45
1.48333333333333
1.47321428571429
1.48333333333333
1.5
1.46666666666667
1.56666666666667
1.49166666666667
1.5
1.5
1.45
1.5
1.5
1.48333333333333
1.5
1.5
1.50892857142857
1.5
1.625
1.46428571428571
1.5
1.5
1.5
1.48333333333333
1.48333333333333
1.50833333333333
1.50833333333333
1.53333333333333
1.53333333333333
1.49166666666667
1.625
1.49166666666667
1.49166666666667
1.48333333333333
1.475
1.46666666666667
1.49166666666667
1.475
1.45833333333333
1.5
1.50833333333333
1.48333333333333
1.64166666666667
1.45
1.45
1.49166666666667
1.5
1.49166666666667
1.49166666666667
1.51666666666667
1.50833333333333
1.49166666666667
1.48333333333333
1.5
1.625
1.5
1.45
1.48214285714286
1.5
1.46666666666667
1.5
1.5
1.5
1.49166666666667
1.475
1.475
1.6
1.475
1.45833333333333
1.50833333333333
1.5
1.49166666666667
1.49166666666667
1.46666666666667
1.45
1.475
1.48333333333333
1.475
1.625
1.49166666666667
1.475
1.49166666666667
1.5
1.525
1.48333333333333
1.5
1.46666666666667
1.5
1.50833333333333
1.525
1.78333333333333
1.675
1.56666666666667
1.55
1.525
1.53333333333333
1.59166666666667
1.53333333333333
1.525
1.53333333333333
1.54166666666667
