2.21666666666667
2.06666666666667
2
2
2.01666666666667
2.06666666666667
2.05
1.98333333333333
2.06666666666667
2.31666666666667
2
2.01666666666667
2.25
2.01666666666667
2.03333333333333
1.98333333333333
2
2.06666666666667
2.01666666666667
2.01666666666667
2.03333333333333
2
1.98333333333333
2
2.26666666666667
2.3
2.36666666666667
2.36666666666667
2.33333333333333
2.41666666666667
2.31666666666667
2.31666666666667
2.41666666666667
2.4
2.35
2.38333333333333
2.5
2.36666666666667
2.3
2.33333333333333
2.31666666666667
2.4
2.31666666666667
2.35
2.36666666666667
2.36666666666667
2.3
2.33333333333333
2.55
2.35
2.35
2.38333333333333
2.35
2.35
2.33333333333333
2.33333333333333
2.35
2.3
2.35
2.38333333333333
2.55
2.38333333333333
2.31666666666667
2.36666666666667
2.38333333333333
2.38333333333333
2.33333333333333
2.31666666666667
2.35
2.4
2.35
2.35
2.56666666666667
2.35
2.35
2.26666666666667
2.41666666666667
2.45
2.35
2.38333333333333
2.3
2.3
2.33333333333333
2.4
2.5
2.36666666666667
2.31666666666667
2.3
2.35
2.4
2.35
2.3
2.38333333333333
2.31666666666667
2.31666666666667
2.3
2.5
2.38333333333333
2.36666666666667
2.31666666666667
2.3
2.23333333333333
2.25
2.2
2.16666666666667
2.16666666666667
2.18333333333333
2.2
2.31666666666667
2.08333333333333
2.15
2.08333333333333
2.2
2.1
2.15
2.1
2.28333333333333
2.16666666666667
2.21666666666667
2.15
2.38333333333333
2.16666666666667
2.21666666666667
2.2
2.13333333333333
2.16666666666667
2.16666666666667
2.18333333333333
2.15
2.13333333333333
2.18333333333333
2.13333333333333
2.36666666666667
2.11666666666667
2.18333333333333
2.13333333333333
2.18333333333333
2.23333333333333
2.2
2.15
2.23333333333333
2.16666666666667
2.1
2.23333333333333
2.43333333333333
2.25
2.11666666666667
2.15
3.61666666666667
3.06666666666667
2.2
2.15
2.48333333333333
2.3
2.16666666666667
2.2
2.38333333333333
2.2
2.15
2.16666666666667
2.25
2.21666666666667
2.18333333333333
2.16666666666667
2.23333333333333
2.21666666666667
2.16666666666667
2.18333333333333
2.38333333333333
2.13333333333333
2.16666666666667
2.18333333333333
2.18333333333333
2.21666666666667
2.16666666666667
2.2
2.13333333333333
2.15
2.08333333333333
2.18333333333333
2.25
2.16666666666667
2.11666666666667
2.15
2.16666666666667
2.23333333333333
2.11666666666667
2.18333333333333
2.16666666666667
2.16666666666667
2.13333333333333
2.15
2.36666666666667
2.21666666666667
2.13333333333333
2.13333333333333
2.15
2.16666666666667
2.15
2.15
2.1
2.1
2.11666666666667
2.15
2.43333333333333
2.16666666666667
2.18333333333333
2.2
2.2
2.25
2.16666666666667
2.15
2.18333333333333
2.25
2.16666666666667
2.16666666666667
2.4
2.16666666666667
2.23333333333333
2.18333333333333
2.16666666666667
2.26666666666667
2.18333333333333
2.15
2.21666666666667
2.18333333333333
2.15
2.25
2.4
2.16666666666667
2.15
2.18333333333333
2.13333333333333
2.21666666666667
2.2
2.26666666666667
2.15
2.15
2.1
2.2
2.35
2.25
2.15
2.16666666666667
2.05
2.1
2.05
2.05
2.05
1.98333333333333
1.95
1.81666666666667
2
1.85
1.8
1.8
1.76666666666667
1.85
1.8
1.76666666666667
1.8
1.8
1.78333333333333
1.8
2
1.81666666666667
1.8
1.78333333333333
1.76666666666667
1.98333333333333
1.8
1.78333333333333
1.78333333333333
1.8
1.76666666666667
1.81666666666667
2.18333333333333
2.03333333333333
2.05
2.23333333333333
2.06666666666667
2.28333333333333
2.26666666666667
2.3
2.35
2.31666666666667
2.35
2.33333333333333
