3.5
3.23333333333333
3.23333333333333
3.16666666666667
2.96666666666667
4.66666666666667
2.86666666666667
3.26666666666667
2.83333333333333
3.03333333333333
2.96666666666667
3.66666666666667
3.03333333333333
2.83333333333333
2.66666666666667
2.96666666666667
2.9
3.83333333333333
2.66666666666667
3.03333333333333
2.96666666666667
3.4
3.06666666666667
3.66666666666667
3.6
3.2
3.26666666666667
3.1
2.96666666666667
4.13333333333333
3.1
3
2.63333333333333
3.13333333333333
2.96666666666667
3.73333333333333
3.46666666666667
3.33333333333333
2.9
2.93333333333333
3.06666666666667
3.56666666666667
2.93333333333333
3.13333333333333
3.13333333333333
2.96666666666667
3.23333333333333
3.7
3.5
3.1
2.96666666666667
2.96666666666667
3.23333333333333
3.73333333333333
2.8
3.03333333333333
2.96666666666667
3.1
3.23333333333333
3.23333333333333
3.13333333333333
3
2.9
3.2
2.86666666666667
3.96666666666667
2.86666666666667
3.2
2.76666666666667
3.13333333333333
3.03333333333333
3.2
3.63333333333333
3.2
3.3
2.8
3.1
3.63333333333333
2.73333333333333
3.03333333333333
2.93333333333333
3.16666666666667
3.16666666666667
3.3
3.2
3
3.2
3
3.23333333333333
3.76666666666667
2.96666666666667
2.93333333333333
3.16666666666667
3.1
3.33333333333333
3.16666666666667
3.56666666666667
3.16666666666667
3.33333333333333
3.03333333333333
3.23333333333333
3.63333333333333
2.93333333333333
2.73333333333333
2.66666666666667
2.93333333333333
3.33333333333333
3.06666666666667
3.06666666666667
3.03333333333333
3.33333333333333
2.76666666666667
3.3
3.73333333333333
3.03333333333333
2.76666666666667
3.2
3.16666666666667
3.13333333333333
3.1
3.96666666666667
3.1
3.4
2.76666666666667
2.86666666666667
3.86666666666667
3.03333333333333
2.73333333333333
3
2.96666666666667
3.06666666666667
3.53333333333333
3.06666666666667
2.9
3.1
3.03333333333333
2.93333333333333
4.2
3.03333333333333
3.06666666666667
2.9
3.1
3.1
3
3.33333333333333
3.3
3.43333333333333
3.26666666666667
3.23333333333333
4.33333333333333
3.23333333333333
2.93333333333333
3.2
3.2
3.36666666666667
3.2
3.2
3
2.86666666666667
3.06666666666667
2.96666666666667
3.63333333333333
2.8
3.03333333333333
3.03333333333333
3.16666666666667
3.1
2.8
3.1
3.33333333333333
3.1
3.2
3.16666666666667
3.86666666666667
2.96666666666667
2.76666666666667
3.06666666666667
3.1
2.96666666666667
2.86666666666667
2.8
3.23333333333333
3.13333333333333
3.2
3.2
3.93333333333333
3
2.63333333333333
2.96666666666667
3
2.96666666666667
3.23333333333333
3.2
3.06666666666667
2.93333333333333
2.73333333333333
3
3.73333333333333
3.6
2.7
2.9
3.13333333333333
3.1
2.83333333333333
3.1
2.6
2.76666666666667
2.7
3.23333333333333
3.66666666666667
2.93333333333333
2.63333333333333
2.86666666666667
3.2
3.1
3.1
3.16666666666667
2.93333333333333
3.06666666666667
2.93333333333333
3.03333333333333
5.8
22.1333333333333
20.8
3.16666666666667
2.86666666666667
3.2
3.46666666666667
3.36666666666667
3.7
3.76666666666667
3.86666666666667
4.53333333333333
4.76666666666667
4.23333333333333
4.13333333333333
4.46666666666667
4.76666666666667
4.46666666666667
5.9
4.9
4.96666666666667
4.93333333333333
4.83333333333333
5
4.93333333333333
5.2
4.4
4.96666666666667
5.13333333333333
5.06666666666667
4.73333333333333
4.8
5.03333333333333
5.26666666666667
4.86666666666667
5
6.4
5.53333333333333
4.56666666666667
4.93333333333333
4.63333333333333
4.4
4.63333333333333
4.66666666666667
4.9
4.76666666666667
5.16666666666667
5.06666666666667
5.56666666666667
4.76666666666667
4.9
4.66666666666667
5.13333333333333
4.33333333333333
4.8
4.4
4.53333333333333
4.83333333333333
5.13333333333333
5.03333333333333
5.63333333333333
5.66666666666667
5.4
6.36666666666667
4.56666666666667
4.86666666666667
4.66666666666667
