2.36666666666667
2.43333333333333
2
2.13333333333333
2.16666666666667
2.1
2.16666666666667
2.13333333333333
2.1
2.1
2.16666666666667
2.03333333333333
2.4
2.4
2.5
2.13333333333333
2.13333333333333
2.33333333333333
2.43333333333333
2.03333333333333
2.26666666666667
2.06666666666667
2.13333333333333
2.03333333333333
2.33333333333333
2.73333333333333
2.4
2.2
2.1
2.13333333333333
2.2
1.96666666666667
2.3
2.1
2.1
2
2.5
2.53333333333333
2.2
2.13333333333333
2.13333333333333
2.16666666666667
2.36666666666667
2.13333333333333
2.03333333333333
2.03333333333333
2.16666666666667
2.33333333333333
2.33333333333333
2.46666666666667
2.46666666666667
2.06666666666667
2.1
2.13333333333333
2.2
2.16666666666667
2.1
2.03333333333333
2.13333333333333
2.06666666666667
2.53333333333333
2.93333333333333
2.46666666666667
1.96666666666667
2.3
2.1
2.3
2.1
2.03333333333333
2.03333333333333
2.1
2.03333333333333
2.33333333333333
2.46666666666667
2.1
2.03333333333333
2.1
2.4
2.26666666666667
2.1
2.06666666666667
2.16666666666667
2.16666666666667
2
2.26666666666667
2.43333333333333
2.5
2.03333333333333
2.13333333333333
2.03333333333333
2.06666666666667
2.5
2.2
2.13333333333333
2.33333333333333
2.16666666666667
2.33333333333333
2.93333333333333
2.53333333333333
2.06666666666667
2.13333333333333
2.26666666666667
2.13333333333333
2.26666666666667
2.1
2.1
2.16666666666667
2.13333333333333
2.4
2.5
2.1
2.06666666666667
2.13333333333333
2.13333333333333
2.3
2.46666666666667
2.1
2.06666666666667
2.13333333333333
2
2.36666666666667
2.46666666666667
2.63333333333333
2.06666666666667
2.16666666666667
2.1
2.23333333333333
2.36666666666667
2.1
2.1
2.33333333333333
1.96666666666667
2.43333333333333
2.73333333333333
2.5
2.1
2.1
2.06666666666667
2.1
2.43333333333333
2.06666666666667
2.06666666666667
2.23333333333333
1.96666666666667
3.8
2.4
2.03333333333333
2.3
3.2
3.03333333333333
6.63333333333333
2.16666666666667
2.03333333333333
2.16666666666667
2.23333333333333
2.03333333333333
2.36666666666667
2.5
2.53333333333333
2.1
2.13333333333333
2.23333333333333
2.43333333333333
2.13333333333333
2.06666666666667
2.1
2.06666666666667
2
2.33333333333333
2.66666666666667
2.63333333333333
2.1
2.1
2.03333333333333
2.16666666666667
2.13333333333333
2
2.1
2.2
2
2.4
2.46666666666667
2
2.1
2.13333333333333
2.03333333333333
2.16666666666667
2.13333333333333
2
2.16666666666667
2.33333333333333
2.1
2.46666666666667
2.46666666666667
2.46666666666667
2.13333333333333
2.23333333333333
2.03333333333333
2.16666666666667
2.36666666666667
2.03333333333333
2.1
2.2
2.03333333333333
2.43333333333333
2.63333333333333
2.7
2.1
2.16666666666667
2.06666666666667
2.56666666666667
2.23333333333333
2.1
2.13333333333333
2.06666666666667
2.06666666666667
2.46666666666667
2.4
2.2
2.1
2.06666666666667
2.1
2.16666666666667
2.2
2.1
2.13333333333333
2.13333333333333
2.06666666666667
2.36666666666667
2.43333333333333
2.5
2.06666666666667
2.03333333333333
2.1
2.13333333333333
2.06666666666667
2.2
2.26666666666667
2.16666666666667
2.1
2.36666666666667
2.7
2.7
2.06666666666667
2.06666666666667
2.06666666666667
2.1
2.13333333333333
2.06666666666667
2
2.13333333333333
2
2.3
2.46666666666667
2.13333333333333
2.16666666666667
2.26666666666667
2.16666666666667
2.36666666666667
2.16666666666667
2.2
2.2
2.1
2
2.33333333333333
2.46666666666667
2.46666666666667
2.1
2.13333333333333
2.13333333333333
2.06666666666667
2.13333333333333
2.33333333333333
2.06666666666667
2.16666666666667
2.1
2.3
2.9
2.56666666666667
2.16666666666667
2.16666666666667
2.16666666666667
2.03333333333333
2.13333333333333
2.06666666666667
2.06666666666667
2.13333333333333
1.96666666666667
