3.63333333333333
3.66666666666667
3.8
3.53333333333333
3.63333333333333
3.6
3.66666666666667
3.63333333333333
3.6
3.53333333333333
3.6
3.66666666666667
3.56666666666667
3.6
3.83333333333333
3.6
3.6
3.56666666666667
3.66666666666667
3.6
3.6
3.56666666666667
3.63333333333333
3.53333333333333
3.6
3.63333333333333
3.8
3.6
3.6
3.66666666666667
3.56666666666667
3.6
3.63333333333333
3.6
3.63333333333333
3.63333333333333
3.56666666666667
3.6
3.63333333333333
3.6
3.6
3.6
3.6
3.53333333333333
3.56666666666667
3.6
3.6
3.63333333333333
3.6
3.63333333333333
3.7
3.6
3.5
3.66666666666667
3.66666666666667
3.76666666666667
3.56666666666667
3.63333333333333
3.66666666666667
3.56666666666667
3.7
3.6
3.66666666666667
3.63333333333333
3.56666666666667
3.56666666666667
3.6
3.63333333333333
3.53333333333333
3.63333333333333
3.53333333333333
3.7
3.53333333333333
3.63333333333333
3.63333333333333
3.53333333333333
3.53333333333333
3.6
3.56666666666667
3.66666666666667
3.66666666666667
3.63333333333333
3.53333333333333
3.6
3.73333333333333
3.66666666666667
3.9
3.6
3.63333333333333
3.66666666666667
3.56666666666667
3.56666666666667
3.66666666666667
3.63333333333333
3.5
3.56666666666667
3.56666666666667
3.63333333333333
3.7
3.7
3.53333333333333
3.66666666666667
3.53333333333333
3.53333333333333
3.7
3.66666666666667
3.7
3.66666666666667
3.66666666666667
3.6
3.66666666666667
3.63333333333333
3.7
3.63333333333333
3.63333333333333
3.53333333333333
3.6
3.66666666666667
3.66666666666667
3.73333333333333
3.56666666666667
3.6
3.8
3.63333333333333
4.33333333333333
3.9
4
3.7
3.56666666666667
3.6
3.7
3.7
3.7
3.73333333333333
3.66666666666667
3.56666666666667
3.6
3.56666666666667
3.63333333333333
3.6
3.5
3.66666666666667
3.6
5.23333333333333
3.93333333333333
3.9
4.03333333333333
3.76666666666667
3.66666666666667
3.7
3.7
3.63333333333333
3.73333333333333
3.63333333333333
3.66666666666667
3.56666666666667
3.63333333333333
3.73333333333333
3.76666666666667
3.66666666666667
3.63333333333333
3.56666666666667
3.53333333333333
3.66666666666667
3.6
3.63333333333333
3.6
3.56666666666667
3.53333333333333
3.6
3.76666666666667
3.63333333333333
3.63333333333333
3.63333333333333
3.56666666666667
3.73333333333333
3.66666666666667
3.66666666666667
3.63333333333333
3.56666666666667
3.7
3.63333333333333
3.7
3.66666666666667
3.63333333333333
3.6
3.53333333333333
3.56666666666667
3.6
3.56666666666667
3.66666666666667
3.6
3.6
3.56666666666667
3.66666666666667
3.6
3.63333333333333
3.66666666666667
3.63333333333333
3.53333333333333
3.5
3.63333333333333
3.53333333333333
3.6
3.6
3.6
3.66666666666667
3.53333333333333
3.6
3.6
3.56666666666667
3.6
3.53333333333333
3.53333333333333
3.63333333333333
3.7
3.56666666666667
3.7
3.73333333333333
3.56666666666667
3.66666666666667
3.63333333333333
3.63333333333333
3.63333333333333
3.6
3.56666666666667
3.56666666666667
3.53333333333333
3.66666666666667
3.7
3.73333333333333
3.63333333333333
3.56666666666667
3.73333333333333
3.53333333333333
3.66666666666667
3.63333333333333
3.56666666666667
3.6
3.56666666666667
3.53333333333333
3.63333333333333
3.83333333333333
3.63333333333333
3.63333333333333
3.56666666666667
3.53333333333333
3.63333333333333
3.63333333333333
3.66666666666667
3.6
3.53333333333333
3.53333333333333
3.53333333333333
3.76666666666667
3.63333333333333
3.56666666666667
3.6
3.53333333333333
3.8
3.93333333333333
3.83333333333333
3.76666666666667
3.7
3.66666666666667
3.56666666666667
3.8
3.6
3.63333333333333
3.63333333333333
3.6
3.6
3.56666666666667
3.66666666666667
3.7
3.6
3.66666666666667
3.8
3.8
3.76666666666667
3.8
3.8
3.73333333333333
3.63333333333333
3.66666666666667
3.7
3.83333333333333
3.9
