1.88333333333333
1.85
1.85
1.81666666666667
1.88333333333333
1.86666666666667
1.85
1.75
1.85
1.78333333333333
1.75
1.75
1.81666666666667
1.75
1.75
1.88333333333333
1.75
1.83333333333333
1.8
1.75
1.85
1.86666666666667
1.81666666666667
1.86666666666667
1.86666666666667
1.76666666666667
1.85
1.8
1.76666666666667
1.85
1.83333333333333
1.75
1.81666666666667
1.75
1.76666666666667
1.78333333333333
1.86666666666667
1.9
1.75
1.81666666666667
1.78333333333333
1.81666666666667
1.8
1.76666666666667
1.76666666666667
1.91666666666667
1.76666666666667
1.75
2
1.91666666666667
1.88333333333333
1.85
1.85
1.76666666666667
1.78333333333333
1.75
1.83333333333333
1.86666666666667
1.75
1.78333333333333
1.81666666666667
1.81666666666667
1.78333333333333
1.88333333333333
1.76666666666667
1.8
1.8
1.83333333333333
1.8
1.86666666666667
1.76666666666667
1.8
5.91666666666667
13.1333333333333
7.03333333333333
1.86666666666667
1.85
1.86666666666667
1.78333333333333
1.8
1.81666666666667
1.81666666666667
1.83333333333333
1.8
1.85
1.78333333333333
1.78333333333333
1.85
1.76666666666667
1.8
1.93333333333333
1.83333333333333
1.81666666666667
2
1.85
1.76666666666667
1.86666666666667
1.86666666666667
1.83333333333333
1.76666666666667
1.78333333333333
1.8
1.75
1.88333333333333
1.8
1.88333333333333
1.81666666666667
2
3.03333333333333
6.73333333333333
3.23333333333333
1.8
1.76666666666667
1.81666666666667
1.76666666666667
1.85
1.81666666666667
1.86666666666667
1.83333333333333
1.83333333333333
1.8
1.83333333333333
1.81666666666667
1.81666666666667
1.81666666666667
1.78333333333333
1.78333333333333
1.78333333333333
1.78333333333333
1.86666666666667
1.8
1.85
1.91666666666667
2
1.96666666666667
1.96666666666667
1.96666666666667
2
2
1.95
1.86666666666667
1.93333333333333
1.78333333333333
1.9
2.3
2.1
1.76666666666667
1.8
1.9
2
1.95
1.96666666666667
1.95
1.91666666666667
1.93333333333333
1.96666666666667
15.35
32.7833333333333
4.3
8.11666666666667
6.73333333333333
2.5
2.31666666666667
2.46666666666667
2.11666666666667
2.45
2.33333333333333
2.46666666666667
3.11666666666667
3.31666666666667
3.68333333333333
2.21666666666667
2.33333333333333
2.7
2.18333333333333
2.1
2.23333333333333
2.5
3.23333333333333
3.1
3.03333333333333
3.11666666666667
3.18333333333333
2.18333333333333
1.81666666666667
1.86666666666667
1.91666666666667
1.86666666666667
1.85
1.95
1.98333333333333
1.86666666666667
15.75
29.6666666666667
13.05
7.53333333333333
5.1
2.5
2.26666666666667
2.86666666666667
2.26666666666667
2.36666666666667
2.63333333333333
2.91666666666667
2.88333333333333
2.86666666666667
2.98333333333333
2.88333333333333
2.91666666666667
2.93333333333333
3.15
3.01666666666667
3.2
3.16666666666667
2.95
2.78333333333333
2.9
2.86666666666667
3
3.05
2.21666666666667
2
2.25
2.25
2.41666666666667
1.8
1.76666666666667
1.8
1.8
1.78333333333333
1.78333333333333
1.78333333333333
1.75
1.81666666666667
1.8
1.8
1.85
1.93333333333333
1.8
1.75
1.86666666666667
1.8
1.75
1.75
1.75
1.75
1.83333333333333
1.78333333333333
1.75
1.8
1.75
1.76666666666667
1.8
1.76666666666667
1.75
1.78333333333333
1.78333333333333
1.78333333333333
1.76666666666667
1.8
1.75
1.81666666666667
1.8
1.76666666666667
1.78333333333333
1.76666666666667
1.78333333333333
1.78333333333333
1.81666666666667
1.8
1.8
1.75
1.76666666666667
1.8
1.76666666666667
1.8
1.78333333333333
1.75
1.76666666666667
1.75
1.76666666666667
1.76666666666667
1.86666666666667
1.75
1.8
1.85
1.75
1.8
