2.25
2.03333333333333
2.06666666666667
2.05
2.11666666666667
2.13333333333333
2.01666666666667
2.05
2.06666666666667
2.1
2.06666666666667
2.05
8.9
2.05
2.01666666666667
2.1
8.73333333333333
2.08333333333333
2.06666666666667
2.05
2.15
2.1
2.03333333333333
2
2.21666666666667
8.7
2.28333333333333
2.28333333333333
2.2
2.25
2.33333333333333
2.23333333333333
2.2
2.3
2.28333333333333
2.21666666666667
2.4
2.21666666666667
2.21666666666667
2.31666666666667
2.3
2.21666666666667
2.25
2.3
2.25
2.25
2.23333333333333
2.23333333333333
2.33333333333333
2.26666666666667
2.21666666666667
2.3
2.26666666666667
2.33333333333333
2.25
2.28333333333333
2.25
2.3
2.3
2.25
2.28333333333333
2.23333333333333
2.26666666666667
2.28333333333333
2.3
2.35
2.3
2.28333333333333
2.26666666666667
2.18333333333333
2.28333333333333
2.28333333333333
2.45
2.28333333333333
2.25
2.26666666666667
2.31666666666667
2.3
2.28333333333333
2.21666666666667
2.3
2.28333333333333
2.26666666666667
2.28333333333333
2.38333333333333
2.3
2.3
2.26666666666667
2.28333333333333
2.23333333333333
2.3
2.3
2.3
2.3
2.3
2.3
2.33333333333333
2.18333333333333
2.3
2.35
2.15
2.1
2.05
2.05
2
2.11666666666667
2
1.88333333333333
2.03333333333333
2.11666666666667
2
2
2
2.1
2.08333333333333
2.05
2
2.1
2.05
2.05
2.03333333333333
2.05
2.05
2.05
2
2.1
2.11666666666667
1.95
2
2.1
2.03333333333333
2.06666666666667
2.18333333333333
2.05
2.08333333333333
2.06666666666667
2.05
2.1
2.08333333333333
2.11666666666667
2.05
2.1
2.08333333333333
2.08333333333333
2.25
2.05
2.05
2.05
2.05
2.15
1.98333333333333
2.23333333333333
2.08333333333333
2.11666666666667
2.05
2.05
2.28333333333333
2.03333333333333
2.05
2.51666666666667
2.26666666666667
2.1
2.1
2.01666666666667
1.83333333333333
1.81666666666667
1.95
2.05
2.16666666666667
2.05
2.05
2.05
2.1
2.05
2.26666666666667
2.05
2.1
2.1
2.05
2.08333333333333
1.93333333333333
2.06666666666667
2.05
2.05
2.16666666666667
2.06666666666667
2.05
2.05
2.1
2.05
2.05
2.21666666666667
2.05
2.08333333333333
2.1
2.05
2.1
2.13333333333333
2.05
1.78333333333333
1.9
1.85
1.95
2.15
2.08333333333333
2.05
2.08333333333333
2.08333333333333
2.25
2.05
2.05
2.01666666666667
2.03333333333333
2.05
2.08333333333333
2.2
2
2.06666666666667
2.08333333333333
2.05
2.1
2.11666666666667
2.05
2.05
2.11666666666667
2.05
2.06666666666667
2.3
2.03333333333333
2.18333333333333
2.05
2.11666666666667
2.1
2.05
2.05
2.08333333333333
2.1
2.05
2.08333333333333
2.13333333333333
1.98333333333333
2.05
2.05
2.05
2.13333333333333
2.11666666666667
2.05
2.11666666666667
2.2
2.05
2.05
2.31666666666667
2.08333333333333
2.05
2.05
2.13333333333333
7.51666666666667
1.85
1.83333333333333
1.8
1.98333333333333
1.8
1.81666666666667
2.05
1.8
1.85
1.8
1.83333333333333
1.88333333333333
1.95
5.73333333333333
1.8
1.85
1.85
1.8
2.3
2.05
2.13333333333333
2.11666666666667
2.05
2.08333333333333
2.05
2.1
6.33333333333333
3.7
2.01666666666667
2.05
2.2
