1.28333333333333
1.3
1.28333333333333
1.3
1.31666666666667
1.33333333333333
1.3
1.3
1.26666666666667
1.55
1.28333333333333
1.31666666666667
1.3
1.3
1.3
1.31666666666667
1.28333333333333
1.31666666666667
1.33333333333333
1.33333333333333
1.31666666666667
1.58333333333333
1.3
1.33333333333333
1.3
1.3
1.3
1.33333333333333
1.3
1.36666666666667
1.3
1.33333333333333
1.3
1.55
1.26666666666667
1.31666666666667
1.3
1.31666666666667
1.3
1.3
1.3
1.31666666666667
1.26666666666667
1.28333333333333
1.3
1.55
1.3
1.35
1.3
1.3
1.3
1.26666666666667
1.3
1.31666666666667
1.31666666666667
1.3
1.31666666666667
1.5
1.35
1.3
1.3
1.3
1.33333333333333
1.3
1.35
1.31666666666667
1.35
1.3
1.35
1.5
1.33333333333333
1.3
1.35
1.3
1.35
1.3
1.33333333333333
1.25
1.33333333333333
1.3
1.33333333333333
1.56666666666667
1.33333333333333
1.31666666666667
1.3
1.3
1.3
1.31666666666667
1.3
1.33333333333333
1.3
1.31666666666667
1.28333333333333
1.58333333333333
1.3
1.3
1.3
1.3
1.3
1.33333333333333
1.25
1.11666666666667
1.05
1.05
1.1
1.25
1.05
1.03333333333333
1.05
1.05
1.05
1.1
1
1.15
1
1.1
1.06666666666667
1.35
1
1.1
1
1.08333333333333
1.01666666666667
1.06666666666667
1.03333333333333
1.1
1.03333333333333
1.05
1.11666666666667
1.3
1.05
1.05
1.05
1.05
1.08333333333333
1.05
1.13333333333333
1.11666666666667
1.1
1.05
1.15
1.3
1.1
1.05
1.1
1.05
1.1
1.05
1.76666666666667
1.88333333333333
1.08333333333333
1.05
1.13333333333333
1.4
1.35
1.05
1.1
1.05
1.1
1.06666666666667
1.08333333333333
1.11666666666667
1.08333333333333
1.06666666666667
1.11666666666667
1.33333333333333
1.05
1.1
1.05
1.1
1.05
1.1
1.05
1.11666666666667
1.05
1.1
1.1
1.35
1.05
1.1
1.05
1.1
1.05
1.1
1.05
1.15
1.05
1.1
1.08333333333333
1.33333333333333
1.05
1.1
1.05
1.08333333333333
1.05
1.08333333333333
1.05
1.13333333333333
1.05
1.1
1.08333333333333
1.33333333333333
1.06666666666667
1.06666666666667
1.06666666666667
1.06666666666667
1.08333333333333
1.05
1.1
1.1
1.1
1.05
1.11666666666667
1.3
1.1
1.05
1.1
1.05
1.1
1.05
1.1
1.1
1.1
1.03333333333333
1.13333333333333
1.3
1.1
1.05
1.1
1.03333333333333
1.1
1.05
1.1
1.1
1.1
1.05
1.1
1.3
1.11666666666667
1.05
1.1
1.05
1.08333333333333
1.06666666666667
1.06666666666667
1.11666666666667
1.06666666666667
1.08333333333333
1.1
1.35
1.05
1.1
1.05
1.1
1.05
1.1
1.05
1.15
1.05
1.1
1.08333333333333
1.33333333333333
1.05
1.1
1.05
1.1
1.05
1.1
1.05
1.15
1.05
1.1
1.1
1.33333333333333
1.05
1.1
1.25
1.33333333333333
1.3
1.33333333333333
1.3
1.33333333333333
1.26666666666667
1.3
1.33333333333333
1.5
1.3
1.3
