1.25
1.25
1.25
1.25
1.25
1.25
1.25
1.25
1.25
1.25
1.25
1.25
1.25
1.25
1.25
1.25
1.25
1.25
1.25
1.25
1.25
1.25
1.25
1.25
1.25
1.25
1.25
1.25
1.25
1.25
1.25
1.25
1.25
1.25
1.25
1.25
1.25
1.25
1.25
1.25
1.25
1.25
1.25
1.25
1.23333333333333
1.25
1.25
1.25
1.25
1.25
1.25
1.25
1.25
1.25
1.25
1.25
1.25
1.25
1.25
1.25
1.25
1.25
1.25
1.25
1.25
1.25
1.25
1.25
1.25
1.25
1.25
1.25
1.25
1.25
1.25
1.25
1.25
1.25
1.25
1.25
1.25
1.25
1.25
1.25
1.25
1.25
1.25
1.25
1.25
1.25
1.26666666666667
1.25
1.25
1.25
1.25
1.25
1.25
1.25
1.25
1.25
1.25
1.25
1.25
1.25
1.25
1.25
1.25
1.25
1.25
1.25
1.25
1.23333333333333
1.25
1.25
1.25
1.25
1.25
1.21666666666667
1.25
1.25
1.25
1.25
2.85
1.25
1.25
1.25
1.25
1.25
1.25
1.25
1.25
1.25
1.25
1.25
1.25
1.25
1.25
1.25
1.25
1.25
1.25
1.25
1.25
1.25
1.25
1.25
1.25
1.25
1.25
1.3
1.25
1.25
1.25
1.25
1.25
1.25
1.25
1.25
1.25
1.25
1.25
1.25
1.25
1.25
1.25
1.25
1.25
1.25
1.25
1.25
1.25
1.25
1.25
1.25
1.25
1.25
1.25
1.25
1.25
1.25
1.25
1.25
1.25
1.25
1.25
1.25
1.25
1.25
1.25
1.25
1.25
1.25
1.25
1.25
1.25
1.25
1.25
1.25
1.25
1.25
1.25
1.25
1.25
1.25
1.25
1.25
1.25
1.25
1.25
1.25
1.25
1.25
1.25
1.25
1.25
1.25
1.25
1.25
1.25
1.25
1.25
10.15
3.58333333333333
2.4
4.33333333333333
1.63333333333333
2.05
2.25
2.65
3.16666666666667
2.73333333333333
5.06666666666667
8.05
2.6
1.88333333333333
2.05
2.11666666666667
2.58333333333333
4.21666666666667
2.7
2.9
3.61666666666667
3.85
2.56666666666667
4.03333333333333
6.15
2.93333333333333
2.15
2.3
2.35
2.25
2.33333333333333
6.31666666666667
4.93333333333333
1.96666666666667
2.21666666666667
2.25
2.33333333333333
2.26666666666667
2.48333333333333
9.18333333333333
4.35
4.71666666666667
3.63333333333333
2.71666666666667
2.5
4.05
5.48333333333333
3.75
2.9
3.16666666666667
2.18333333333333
2.11666666666667
2.3
3.3
2.61666666666667
2.18333333333333
2.21666666666667
2.13333333333333
2.1
1.58333333333333
1.36666666666667
1.55
1.5
1.48333333333333
1.45
1.5
1.5
