1.28333333333333
1.4
1.33333333333333
1.28333333333333
1.3
1.33333333333333
1.26666666666667
1.26666666666667
1.28333333333333
1.28333333333333
1.3
1.3
1.3
1.43333333333333
1.35
1.25
1.25
1.3
1.3
1.3
1.28333333333333
1.28333333333333
1.26666666666667
1.25
1.3
1.43333333333333
1.36666666666667
1.3
1.3
1.28333333333333
1.28333333333333
1.25
1.25
1.28333333333333
1.26666666666667
1.3
1.3
1.41666666666667
1.35
1.26666666666667
1.26666666666667
1.3
1.28333333333333
1.28333333333333
1.3
1.3
1.3
1.3
1.26666666666667
1.4
1.36666666666667
1.28333333333333
1.3
1.33333333333333
1.3
1.26666666666667
1.25
1.26666666666667
1.28333333333333
1.3
1.3
1.43333333333333
1.36666666666667
1.26666666666667
1.25
1.3
1.3
1.28333333333333
1.3
1.3
1.3
1.3
1.3
1.51666666666667
1.33333333333333
1.26666666666667
1.28333333333333
1.31666666666667
1.28333333333333
1.3
1.3
1.3
1.3
1.3
1.3
1.43333333333333
1.35
1.26666666666667
1.28333333333333
1.31666666666667
1.26666666666667
1.26666666666667
1.25
1.26666666666667
1.28333333333333
1.3
1.3
1.43333333333333
1.36666666666667
1.3
1.23333333333333
1.2
1.05
1
1.05
1
1.05
1.05
1.53333333333333
1.3
1.11666666666667
1
1.1
1.13333333333333
1.06666666666667
1
1.05
1
1.05
1.05
1.05
1.18333333333333
1.11666666666667
1
1.05
1.1
1.05
1.23333333333333
1.06666666666667
1
1.05
1.05
1.05
1.23333333333333
1.11666666666667
1.05
1.05
1.1
1.05
1.05
1.05
1.05
1.05
1.85
5.33333333333333
1.18333333333333
1.13333333333333
1.05
1.78333333333333
1.73333333333333
1.25
1.15
1.05
1.05
1.05
1.06666666666667
1.05
1.21666666666667
1.13333333333333
1.05
1.05
1.13333333333333
1.05
1.05
1.05
1.05
1.05
1.26666666666667
1.05
1.2
1.11666666666667
1.05
1.05
1.15
1.05
1.05
1.05
1.05
1.05
1.1
1.05
1.2
1.11666666666667
1.05
1.05
1.15
1.05
1.05
1.05
1.05
1.05
1.1
1.05
1.21666666666667
1.3
1.05
1.05
1.11666666666667
1.05
1.05
1.06666666666667
1.06666666666667
1.05
1.1
1.13333333333333
1.31666666666667
1.11666666666667
1.05
1.05
1.15
1.03333333333333
1.08333333333333
1.05
1.05
1.05
1.1
1.06666666666667
1.2
1.11666666666667
1.05
1.08333333333333
1.15
1.05
1.05
1.05
1.08333333333333
1.05
1.1
1.06666666666667
1.23333333333333
1.15
1.13333333333333
1.05
1.26666666666667
1.11666666666667
1.18333333333333
1.25
1.25
1.25
1.25
1.3
1.43333333333333
1.31666666666667
1.21666666666667
1.25
1.28333333333333
1.25
1.25
1.25
1.25
1.25
1.25
1.3
1.38333333333333
1.31666666666667
1.25
1.25
1.25
1.25
1.25
1.25
1.25
1.25
1.28333333333333
1.25
1.36666666666667
1.36666666666667
1.25
1.25
1.25
1.75
1.4
1.33333333333333
1.31666666666667
1.41666666666667
1.35
1.51666666666667
1.68333333333333
1.55
1.55
1.53333333333333
1.56666666666667
1.51666666666667
1.55
1.55
1.5
1.51666666666667
1.55
