1.09166666666667
1.1
1.08333333333333
1.09166666666667
1.11666666666667
1.06666666666667
1.11666666666667
1.08333333333333
1.18333333333333
1.09166666666667
1.1
1.10833333333333
1.06666666666667
1.10833333333333
1.10833333333333
1.09166666666667
1.075
1.1
1.09166666666667
1.05
1.16666666666667
1.08333333333333
1.08333333333333
1.09166666666667
1.10833333333333
1.075
1.11666666666667
1.1
1.14166666666667
1.10833333333333
1.06666666666667
1.075
1.15833333333333
1.10833333333333
1.08333333333333
1.11666666666667
1.075
1.08333333333333
1.09166666666667
1.1
1.10833333333333
1.10833333333333
1.075
1.075
1.19166666666667
1.06666666666667
1.075
1.09166666666667
1.08333333333333
1.05
1.075
1.075
1.075
1.08333333333333
1.1
1.11666666666667
1.19166666666667
1.08333333333333
1.1
1.09166666666667
1.08333333333333
1.1
1.075
1.09166666666667
1.09166666666667
1.1
1.1
1.09166666666667
1.16666666666667
1.075
1.08333333333333
1.06666666666667
1.1
1.05833333333333
1.08333333333333
1.06666666666667
1.09166666666667
1.09166666666667
1.08333333333333
1.08333333333333
1.16666666666667
1.08333333333333
1.05
1.09166666666667
1.08333333333333
1.09166666666667
1.1
1.08333333333333
1.075
1.06666666666667
1.05833333333333
1.09166666666667
1.15833333333333
1.06666666666667
1.05833333333333
1.05833333333333
1.075
1.09166666666667
1.06666666666667
1.06666666666667
1.06666666666667
1.09166666666667
0.991666666666667
1.01666666666667
1.1
1.00833333333333
1
1
1
1
1
1
1
1.01666666666667
0.991666666666667
1.00833333333333
1.08333333333333
1.00833333333333
1
1.01666666666667
1
1.01666666666667
1
1.01666666666667
1
1
1
1
1.08333333333333
1
1
1
1
1
1.025
0.991666666666667
1.00833333333333
0.991666666666667
0.991666666666667
1
1.10833333333333
1.00833333333333
1
1.00833333333333
1
1.00833333333333
1.01666666666667
1.00833333333333
1.375
1.35833333333333
1.00833333333333
1.15833333333333
1.10833333333333
1.01666666666667
1.00833333333333
1.00833333333333
1.00833333333333
1.00833333333333
1.00833333333333
1.00833333333333
1.01666666666667
1.025
1
1.00833333333333
1.1
1.01666666666667
1.025
1.00833333333333
1.01666666666667
1.01666666666667
1.00833333333333
1
1.01666666666667
1
1
1.00833333333333
1.1
1
1.01666666666667
1
1.01666666666667
1.01666666666667
1.00833333333333
1
1
1.00833333333333
1
1
1.09166666666667
1
1.00833333333333
1.01666666666667
1
1.00833333333333
1.00833333333333
1
1.00833333333333
1.01666666666667
1.03333333333333
1.01666666666667
1.1
1
1.00833333333333
1
1
1.025
1.00833333333333
1
1.00833333333333
1.025
1.00833333333333
1.025
1.1
1
1.01666666666667
1
1
1.00833333333333
1
1.00833333333333
1
1.01666666666667
1.00833333333333
1
1.09166666666667
1
1.01666666666667
1.01666666666667
1
1.01666666666667
1
1.01666666666667
1.00833333333333
1.01666666666667
1.00833333333333
1.00833333333333
1.09166666666667
1.00833333333333
1
1.025
1
1
1.00833333333333
1
1.01666666666667
1.00833333333333
1.01666666666667
0.991666666666667
1.1
1.01666666666667
1.01666666666667
1.00833333333333
1.01666666666667
1
1.00833333333333
1.00833333333333
1.00833333333333
1
1.025
1
1.125
1.00833333333333
1.00833333333333
1.01666666666667
1
1
0.983333333333333
1.00833333333333
1.00833333333333
1.025
1
1
1.08333333333333
1.00833333333333
0.991666666666667
1.00833333333333
1.06666666666667
1.1
1.1
1.08333333333333
1.075
1.08333333333333
1.09166666666667
1.10833333333333
1.18333333333333
1.075
1.1
1.1
