2.01666666666667
1.98333333333333
1.96666666666667
1.91666666666667
1.95
1.96666666666667
2.26666666666667
1.95
2.46666666666667
1.91666666666667
1.98333333333333
1.91666666666667
2.01666666666667
1.98333333333333
1.95
1.93333333333333
2.1
1.95
2.26666666666667
1.96666666666667
1.96666666666667
1.95
2
1.98333333333333
2.01666666666667
1.96666666666667
2.01666666666667
1.91666666666667
1.96666666666667
2.03333333333333
2.26666666666667
1.93333333333333
1.96666666666667
1.95
2.01666666666667
1.95
1.93333333333333
1.93333333333333
1.98333333333333
1.9
1.96666666666667
1.9
2.33333333333333
1.93333333333333
2.06666666666667
1.96666666666667
2.01666666666667
1.95
3.81666666666667
1.98333333333333
2.01666666666667
1.93333333333333
2.33333333333333
1.96666666666667
2.26666666666667
1.96666666666667
2.13333333333333
1.95
1.98333333333333
1.93333333333333
2
1.98333333333333
1.98333333333333
1.95
2.03333333333333
1.93333333333333
2.26666666666667
1.98333333333333
1.98333333333333
1.93333333333333
1.96666666666667
1.91666666666667
2
1.93333333333333
1.93333333333333
1.91666666666667
1.96666666666667
1.91666666666667
2.3
1.96666666666667
1.98333333333333
1.96666666666667
1.95
1.88333333333333
2.01666666666667
1.91666666666667
1.95
1.96666666666667
1.95
1.91666666666667
2.31666666666667
1.93333333333333
1.95
1.91666666666667
1.95
1.95
2.01666666666667
1.95
1.96666666666667
2.03333333333333
1.95
1.91666666666667
2.26666666666667
1.95
1.96666666666667
1.91666666666667
2
1.91666666666667
2.15
1.95
2
1.91666666666667
1.96666666666667
1.93333333333333
2.26666666666667
1.91666666666667
1.98333333333333
1.9
1.96666666666667
1.96666666666667
2.01666666666667
1.95
2.01666666666667
2
1.96666666666667
2
2.26666666666667
1.98333333333333
1.98333333333333
1.98333333333333
1.98333333333333
2
2.01666666666667
2.01666666666667
2
1.98333333333333
2.03333333333333
1.96666666666667
2.28333333333333
1.95
1.93333333333333
1.96666666666667
1.98333333333333
1.93333333333333
2
2.03333333333333
2.03333333333333
2.03333333333333
2.01666666666667
2.01666666666667
2.28333333333333
1.98333333333333
1.98333333333333
1.98333333333333
2
1.96666666666667
2.01666666666667
2.01666666666667
2.01666666666667
1.96666666666667
1.95
2.06666666666667
2.31666666666667
1.98333333333333
1.93333333333333
1.98333333333333
2.01666666666667
1.95
2.03333333333333
2.01666666666667
1.96666666666667
1.98333333333333
2.31666666666667
4.91666666666667
2.25
1.95
1.96666666666667
2
2.01666666666667
1.95
2
1.98333333333333
1.95
2
2
1.96666666666667
2.28333333333333
1.98333333333333
1.93333333333333
1.93333333333333
2.01666666666667
1.96666666666667
2.05
2
1.96666666666667
1.93333333333333
1.96666666666667
1.95
2.28333333333333
1.96666666666667
2.01666666666667
2
2
2
2.03333333333333
1.95
2
2
2
1.98333333333333
2.23333333333333
1.96666666666667
1.96666666666667
1.91666666666667
2
1.98333333333333
1.98333333333333
2.01666666666667
2
1.95
1.98333333333333
1.96666666666667
2.28333333333333
1.98333333333333
1.98333333333333
2
1.98333333333333
1.96666666666667
2.01666666666667
2.03333333333333
2.05
1.96666666666667
2
1.95
2.3
1.98333333333333
1.95
1.98333333333333
2
1.91666666666667
2.01666666666667
2
2.01666666666667
1.95
1.95
1.93333333333333
2.3
1.98333333333333
1.95
2
2.01666666666667
2.03333333333333
2.01666666666667
1.96666666666667
1.95
1.96666666666667
1.95
1.96666666666667
2.33333333333333
1.95
1.95
1.98333333333333
2
1.95
2.1
2.05
1.96666666666667
1.98333333333333
1.98333333333333
1.98333333333333
2.3
2
1.98333333333333
1.96666666666667
2.01666666666667
1.96666666666667
2.03333333333333
1.96666666666667
1.98333333333333
1.95
2
2
2.28333333333333
1.98333333333333
1.98333333333333
2.03333333333333
2
1.96666666666667
