1.87083333333333
1.82916666666667
1.80833333333333
1.81666666666667
1.875
1.90416666666667
1.81666666666667
1.75833333333333
1.725
1.76666666666667
1.7625
1.79166666666667
1.85416666666667
1.75
1.74166666666667
1.74583333333333
1.71666666666667
1.825
1.825
1.7875
1.79583333333333
1.78333333333333
1.8
1.8125
1.90833333333333
1.8375
1.825
1.84583333333333
1.90416666666667
1.84583333333333
1.8
1.77916666666667
1.75
1.75416666666667
1.72916666666667
1.77916666666667
1.8125
1.71666666666667
1.77083333333333
1.7375
1.72916666666667
1.79166666666667
1.73333333333333
1.75416666666667
1.79583333333333
1.7875
1.825
1.82916666666667
1.88333333333333
1.825
1.9
1.83333333333333
1.80416666666667
1.8125
1.8
1.81666666666667
1.81666666666667
1.79583333333333
1.8
1.775
1.8125
1.75416666666667
1.7375
1.71666666666667
1.74583333333333
1.74166666666667
1.72083333333333
1.75833333333333
1.77083333333333
1.78333333333333
1.775
1.78333333333333
1.8875
1.91666666666667
1.8125
1.8375
1.97083333333333
1.975
1.84166666666667
2.05416666666667
1.79166666666667
2.08333333333333
1.78333333333333
2.07083333333333
1.8375
2.07083333333333
1.75833333333333
2.00416666666667
1.73333333333333
2.025
1.75
2.05416666666667
1.77083333333333
2.05
1.7875
2.17916666666667
2.05
2.03333333333333
1.77083333333333
1.95
1.8375
1.77083333333333
1.71666666666667
1.725
1.69583333333333
1.75416666666667
1.72916666666667
1.74583333333333
1.93333333333333
1.74166666666667
1.7
1.725
1.72916666666667
1.75416666666667
1.67916666666667
1.70833333333333
1.68333333333333
1.75416666666667
1.76666666666667
1.69583333333333
1.73333333333333
1.6625
1.67916666666667
1.6625
1.65833333333333
1.72083333333333
1.69166666666667
1.94166666666667
1.87083333333333
3.1875
2.4125
1.75
1.8
1.75416666666667
1.77083333333333
1.7375
1.77916666666667
1.77083333333333
1.74583333333333
1.72916666666667
1.78333333333333
1.7375
1.74166666666667
1.65
1.72083333333333
1.69166666666667
1.66666666666667
1.67083333333333
1.90833333333333
2.03333333333333
1.70416666666667
1.67916666666667
1.67083333333333
1.77083333333333
1.74166666666667
1.70833333333333
1.79583333333333
1.73333333333333
1.75833333333333
1.69166666666667
1.72916666666667
1.75416666666667
1.77916666666667
1.8
1.74583333333333
1.70833333333333
1.74583333333333
1.6875
1.77083333333333
1.67916666666667
1.67083333333333
1.66666666666667
1.6875
1.72083333333333
1.72083333333333
1.65
1.70416666666667
1.68333333333333
1.6875
1.675
1.77916666666667
1.69166666666667
1.72083333333333
1.70833333333333
1.74166666666667
1.77083333333333
1.82916666666667
1.72083333333333
1.74583333333333
1.7125
1.74166666666667
1.69166666666667
1.7875
1.67916666666667
1.7375
1.67083333333333
1.69583333333333
1.725
1.69583333333333
1.67083333333333
1.7125
1.67916666666667
1.72083333333333
1.72083333333333
1.74583333333333
1.6625
1.7375
1.6875
1.7875
1.775
1.72916666666667
1.75416666666667
1.76666666666667
1.72916666666667
1.74166666666667
1.70833333333333
1.80416666666667
1.70416666666667
1.71666666666667
1.7125
1.7625
1.75
1.74583333333333
1.6875
1.68333333333333
1.64166666666667
1.72083333333333
1.7125
1.7625
1.67083333333333
1.74583333333333
1.7375
1.72083333333333
1.7
1.725
1.67916666666667
1.7125
1.75
1.72916666666667
1.70833333333333
1.80416666666667
1.725
1.73333333333333
1.725
1.75416666666667
1.74583333333333
1.74166666666667
1.70833333333333
1.725
1.70833333333333
1.72083333333333
1.725
1.84166666666667
1.75
1.725
1.675
1.725
1.73333333333333
1.7125
1.69166666666667
1.6875
1.66666666666667
1.69583333333333
1.725
1.83333333333333
1.70416666666667
1.75
1.7375
1.75
1.76666666666667
1.74583333333333
1.7
1.74583333333333
1.75416666666667
1.7625
1.79583333333333
2.2
1.75833333333333
2.06666666666667
1.71666666666667
2.0125
1.78333333333333
2.0625
1.73333333333333
1.99166666666667
1.75416666666667
1.77083333333333
2.06666666666667
