1.95
1.96666666666667
2
2.03333333333333
2.13333333333333
2.08333333333333
1.98333333333333
2
1.98333333333333
2.01666666666667
1.95
2
1.98333333333333
2
2.05
2.05
2.16666666666667
2.25
1.95
1.93333333333333
1.98333333333333
1.98333333333333
2.03333333333333
2
1.98333333333333
1.93333333333333
2
1.95
2.1
2.06666666666667
2.01666666666667
1.96666666666667
1.96666666666667
2
2
1.96666666666667
2
2
1.98333333333333
2
2.15
2.08333333333333
1.98333333333333
2.01666666666667
1.96666666666667
2
1.96666666666667
1.98333333333333
1.96666666666667
1.96666666666667
1.96666666666667
1.96666666666667
2.13333333333333
2.06666666666667
1.98333333333333
2
1.93333333333333
1.93333333333333
1.98333333333333
2
2
2
1.98333333333333
2.01666666666667
2.13333333333333
2.05
2.01666666666667
2.05
2
2
1.98333333333333
1.95
1.98333333333333
1.96666666666667
1.95
1.96666666666667
2.11666666666667
2.06666666666667
1.96666666666667
1.93333333333333
1.96666666666667
1.98333333333333
1.96666666666667
2.01666666666667
1.95
1.96666666666667
1.91666666666667
1.91666666666667
2.06666666666667
2.01666666666667
1.96666666666667
2.03333333333333
2
1.95
1.93333333333333
1.96666666666667
1.98333333333333
2
2
1.98333333333333
1.96666666666667
1.78333333333333
1.66666666666667
1.73333333333333
1.71666666666667
1.73333333333333
1.7
1.73333333333333
1.71666666666667
1.75
1.73333333333333
1.71666666666667
1.86666666666667
1.76666666666667
1.75
1.75
1.75
1.76666666666667
1.71666666666667
1.75
1.68333333333333
1.75
1.75
1.73333333333333
1.88333333333333
1.81666666666667
1.71666666666667
1.73333333333333
1.75
1.71666666666667
1.73333333333333
1.75
1.71666666666667
1.71666666666667
1.8
1.76666666666667
1.86666666666667
1.81666666666667
1.73333333333333
1.75
1.75
1.75
1.71666666666667
1.75
1.73333333333333
1.73333333333333
1.75
1.73333333333333
2.63333333333333
2.45
1.75
2.13333333333333
1.68333333333333
1.75
1.71666666666667
1.7
1.71666666666667
1.75
1.76666666666667
1.76666666666667
1.86666666666667
1.85
1.73333333333333
1.75
1.71666666666667
1.73333333333333
1.75
1.7
1.75
1.7
1.8
1.73333333333333
1.81666666666667
1.83333333333333
1.78333333333333
1.71666666666667
1.78333333333333
1.75
1.73333333333333
1.78333333333333
1.73333333333333
1.76666666666667
1.78333333333333
1.76666666666667
1.86666666666667
1.85
1.76666666666667
1.75
1.7
1.75
1.73333333333333
1.71666666666667
1.73333333333333
1.76666666666667
1.75
1.78333333333333
1.91666666666667
1.85
1.71666666666667
1.75
1.75
1.76666666666667
1.73333333333333
1.75
1.73333333333333
1.75
1.75
1.76666666666667
1.88333333333333
1.85
1.75
1.75
1.75
1.75
1.68333333333333
1.75
1.71666666666667
1.66666666666667
1.73333333333333
1.73333333333333
1.9
1.83333333333333
1.75
1.75
1.7
1.75
1.76666666666667
1.75
1.75
1.75
1.75
1.73333333333333
1.85
1.76666666666667
1.7
1.75
1.8
1.75
1.75
1.75
1.75
1.73333333333333
1.78333333333333
1.73333333333333
1.86666666666667
1.85
1.71666666666667
1.73333333333333
1.75
1.71666666666667
1.73333333333333
1.71666666666667
1.73333333333333
1.75
1.75
1.71666666666667
1.88333333333333
1.81666666666667
1.71666666666667
1.7
1.75
1.78333333333333
1.75
1.75
1.76666666666667
1.75
1.76666666666667
1.76666666666667
1.88333333333333
1.83333333333333
1.75
1.75
1.73333333333333
1.7
1.8
1.78333333333333
1.95
2.01666666666667
2.01666666666667
2.01666666666667
2.15
2.06666666666667
2.03333333333333
2.01666666666667
2.03333333333333
2.03333333333333
2.01666666666667
1.95
