3.13333333333333
3.06666666666667
3.26666666666667
3
3.26666666666667
3.2
3
3.2
3.26666666666667
3.06666666666667
3.33333333333333
3
3.26666666666667
3.13333333333333
2.93333333333333
3.33333333333333
3.2
3.06666666666667
3.2
3
3.33333333333333
3.33333333333333
3
3.26666666666667
3.2
3.06666666666667
3.33333333333333
3
3.93333333333333
3.53333333333333
3
3.2
3.13333333333333
3.06666666666667
3.2
3
3.26666666666667
3.2
3
3.2
3.2
3.06666666666667
3.26666666666667
3
3.26666666666667
3.2
3
3.2
3.13333333333333
3.06666666666667
3.26666666666667
3
5.06666666666667
4.2
3
3.2
3.13333333333333
3.13333333333333
3.2
3
3.26666666666667
3.26666666666667
3
3.26666666666667
3.06666666666667
3.13333333333333
3.26666666666667
3
3.2
3.26666666666667
2.93333333333333
3.26666666666667
3.06666666666667
3.13333333333333
3.2
3
3.26666666666667
3.26666666666667
3
3.26666666666667
3.06666666666667
3.13333333333333
3.26666666666667
2.93333333333333
3.2
3.2
3
3.26666666666667
3.13333333333333
3.06666666666667
3.2
3
3.2
3.26666666666667
3
3.33333333333333
3.13333333333333
3.13333333333333
3.2
3
5.46666666666667
4.2
3
3.26666666666667
3.26666666666667
3.13333333333333
3.33333333333333
4.66666666666667
4.8
4.73333333333333
4.66666666666667
3.6
3.2
3.4
3.26666666666667
3
3.33333333333333
3.13333333333333
3
3.26666666666667
3.13333333333333
3.2
3.33333333333333
3
5.26666666666667
3.93333333333333
3
3.26666666666667
3.26666666666667
3.13333333333333
3.26666666666667
9.2
23.6
3.33333333333333
2.93333333333333
3.33333333333333
3.13333333333333
3.13333333333333
3.26666666666667
2.93333333333333
3.26666666666667
3.26666666666667
3
3.26666666666667
3.13333333333333
3.13333333333333
3.26666666666667
3
3.26666666666667
3.33333333333333
2.93333333333333
3.26666666666667
3.33333333333333
3.13333333333333
3.26666666666667
3
3.26666666666667
3.26666666666667
3
3.26666666666667
3.2
3.13333333333333
3.26666666666667
2.93333333333333
3.26666666666667
3.2
3
3.33333333333333
3.13333333333333
3.13333333333333
3.26666666666667
3
7.4
3.6
3
3.2
3.13333333333333
3.13333333333333
3.2
3
3.2
3.2
3
3.26666666666667
3.13333333333333
3.13333333333333
3.26666666666667
3
3.26666666666667
3.26666666666667
2.93333333333333
3.26666666666667
3.13333333333333
3.13333333333333
3.26666666666667
3
3.26666666666667
3.2
2.93333333333333
3.26666666666667
3.13333333333333
3.06666666666667
3.2
3
3.2
3.26666666666667
3
3.13333333333333
3.06666666666667
3.06666666666667
3.2
3.06666666666667
3.2
3.2
3
3.2
3.13333333333333
3.26666666666667
3.33333333333333
3
3.33333333333333
3.46666666666667
2.93333333333333
3.33333333333333
3.26666666666667
3.13333333333333
3.33333333333333
3.13333333333333
3.26666666666667
3.2
3
3.13333333333333
12.6
3
3.2
2.93333333333333
3.2
3.2
3.2
3.46666666666667
3.26666666666667
3.13333333333333
3.33333333333333
3
4.13333333333333
3.53333333333333
3
3.13333333333333
3.26666666666667
3.06666666666667
3.33333333333333
3
3.4
3.4
3.06666666666667
3.33333333333333
3.2
3.06666666666667
3.33333333333333
3
3.26666666666667
3.26666666666667
3
3.26666666666667
3.26666666666667
3.06666666666667
3.2
3.46666666666667
3.46666666666667
3.6
3.33333333333333
3.46666666666667
3.2
3.06666666666667
3.4
3.06666666666667
3.4
3.33333333333333
3
3.33333333333333
3.46666666666667
3.13333333333333
12.0666666666667
3.8
3.33333333333333
3.33333333333333
3
3.26666666666667
