2.08333333333333
1.68333333333333
2.05833333333333
1.60833333333333
2.125
1.86666666666667
2.1
1.68333333333333
2.13333333333333
1.60833333333333
2.08333333333333
1.66666666666667
2.10833333333333
1.86666666666667
2.10833333333333
1.73333333333333
2.11666666666667
1.76666666666667
2.08333333333333
1.7
2.13333333333333
1.70833333333333
2.06666666666667
1.74166666666667
2.025
1.675
2.10833333333333
1.65
2.11666666666667
1.60833333333333
2.06666666666667
1.65
2.1
1.7
2.13333333333333
1.60833333333333
2.10833333333333
1.65
2.48333333333333
1.675
2.09166666666667
1.675
2.05833333333333
1.7
2.08333333333333
1.65
2.09166666666667
1.6
2.13333333333333
1.65833333333333
2.09166666666667
1.675
2.06666666666667
1.625
2.03333333333333
1.7
2.075
1.65
2.125
1.66666666666667
2.04166666666667
1.65833333333333
2.075
1.675
2.06666666666667
1.59166666666667
2.1
1.65833333333333
2.125
1.64166666666667
2.14166666666667
1.625
2.075
1.65
2.08333333333333
1.66666666666667
2.05833333333333
1.75833333333333
2.075
1.69166666666667
2.09166666666667
1.74166666666667
2.075
1.625
2.125
1.59166666666667
2.05
1.56666666666667
2.08333333333333
1.75833333333333
2.09166666666667
1.68333333333333
2.16666666666667
1.35833333333333
1.81666666666667
1.45
1.91666666666667
1.5
1.89166666666667
1.45
1.88333333333333
1.475
1.875
1.43333333333333
1.85833333333333
1.45833333333333
1.85
1.45
1.85
1.45
1.90833333333333
1.5
1.90833333333333
1.65833333333333
1.85
1.41666666666667
1.89166666666667
1.48333333333333
1.86666666666667
1.44166666666667
1.85833333333333
1.575
1.9
1.40833333333333
1.925
1.525
1.95
1.425
1.875
1.39166666666667
1.825
1.5
2.1
1.65833333333333
2.11666666666667
1.625
2.15833333333333
1.725
2.175
1.875
2.20833333333333
1.75833333333333
2.11666666666667
1.825
2.175
1.70833333333333
2.18333333333333
1.875
2.375
1.78333333333333
2.225
1.925
2.2
1.85
2.20833333333333
2.2
2.225
1.74166666666667
2.225
1.825
2.2
1.79166666666667
2.2
1.73333333333333
2.25
1.80833333333333
2.18333333333333
1.84166666666667
2.15
1.79166666666667
2.175
1.75833333333333
2.19166666666667
1.725
2.18333333333333
1.75
2.20833333333333
1.81666666666667
2.14166666666667
1.84166666666667
2.11666666666667
1.7
2.18333333333333
1.78333333333333
2.225
1.83333333333333
2.18333333333333
1.89166666666667
2.16666666666667
1.70833333333333
2.2
1.775
2.19166666666667
1.79166666666667
2.2
1.725
2.2
1.825
2.18333333333333
1.78333333333333
2.2
1.78333333333333
2.2
1.825
2.21666666666667
1.76666666666667
2.21666666666667
1.86666666666667
2.24166666666667
1.74166666666667
2.16666666666667
1.79166666666667
2.24166666666667
1.75
2.23333333333333
1.775
2.20833333333333
1.775
2.20833333333333
1.74166666666667
2.24166666666667
1.75
2.175
1.81666666666667
2.25833333333333
1.775
2.225
1.9
2.20833333333333
1.85
2.2
1.75833333333333
2.23333333333333
1.80833333333333
2.25
1.80833333333333
2.20833333333333
1.73333333333333
2.24166666666667
1.81666666666667
2.225
1.8
2.19166666666667
1.79166666666667
2.20833333333333
1.75
2.275
1.81666666666667
2.21666666666667
1.775
2.24166666666667
1.94166666666667
2.28333333333333
1.775
2.275
1.76666666666667
2.24166666666667
1.80833333333333
2.23333333333333
1.78333333333333
2.29166666666667
1.85
2.2
1.80833333333333
2.21666666666667
1.85
2.2
1.88333333333333
2.225
1.81666666666667
2.275
1.73333333333333
2.21666666666667
1.78333333333333
2.25
1.8
2.19166666666667
1.76666666666667
2.25
1.825
2.24166666666667
1.75
2.3
1.91666666666667
2.23333333333333
1.76666666666667
2.23333333333333
1.8
