3.5
3.96666666666667
6.16666666666667
3.7
3.5
3.8
3.5
3.8
3.5
3.7
3.5
3.7
3.5
3.86666666666667
6.1
3.7
3.5
4.6
3.5
3.86666666666667
3.6
3.7
3.5
3.7
3.3
3.43333333333333
5.8
3.43333333333333
3.2
3.6
3.3
3.6
3.36666666666667
3.5
3.23333333333333
3.66666666666667
3.23333333333333
3.7
5.96666666666667
3.36666666666667
3.36666666666667
3.43333333333333
3.13333333333333
3.56666666666667
3.33333333333333
3.23333333333333
3.1
3.43333333333333
3.2
3.66666666666667
5.93333333333333
3.4
3.2
3.36666666666667
3.5
3.46666666666667
3.26666666666667
3.26666666666667
3.33333333333333
3.36666666666667
3.4
3.66666666666667
6.26666666666667
3.36666666666667
3.33333333333333
5.36666666666667
4.4
3.5
3.3
3.2
3.3
3.26666666666667
3.23333333333333
3.66666666666667
5.83333333333333
3.56666666666667
3.3
3.33333333333333
5.2
3.46666666666667
3.5
3.36666666666667
3.33333333333333
3.63333333333333
3.33333333333333
3.56666666666667
6.23333333333333
3.23333333333333
3.3
3.26666666666667
3.26666666666667
3.36666666666667
3.4
3.3
3.46666666666667
3.5
3.46666666666667
5.06666666666667
6.96666666666667
3.26666666666667
3.26666666666667
3.26666666666667
3.23333333333333
3.96666666666667
3.76666666666667
3.2
3.43333333333333
3.43333333333333
3.33333333333333
4.7
6.53333333333333
3.4
3.3
3.7
3.56666666666667
3.53333333333333
3.53333333333333
3.06666666666667
3.5
3.36666666666667
3.4
3.46666666666667
7.03333333333333
3.26666666666667
3.43333333333333
3.36666666666667
3.3
3.36666666666667
3.43333333333333
3.2
3.33333333333333
3.23333333333333
3.36666666666667
3.43333333333333
8.96666666666667
5.13333333333333
3.4
3.3
3.4
3.4
3.43333333333333
3.4
3.53333333333333
3.23333333333333
3.4
3.5
6.06666666666667
3.26666666666667
3.9
4.3
3.93333333333333
3.36666666666667
3.33333333333333
3.4
3.33333333333333
3.26666666666667
3.6
5.3
6.2
3.3
3.66666666666667
3.4
3.4
3.36666666666667
3.4
3.13333333333333
3.6
3.43333333333333
4.86666666666667
3.9
6
3.36666666666667
3.46666666666667
3.36666666666667
3.36666666666667
3.63333333333333
3.4
3.2
3.43333333333333
3.3
3.5
3.53333333333333
6.1
3.16666666666667
3.33333333333333
3.33333333333333
3.33333333333333
3.3
4.8
3.33333333333333
3.33333333333333
3.2
3.33333333333333
3.43333333333333
5.9
3.26666666666667
3.36666666666667
3.23333333333333
3.2
3.3
3.33333333333333
3.33333333333333
3.66666666666667
3.23333333333333
3.3
3.56666666666667
5.63333333333333
3.26666666666667
3.43333333333333
3.46666666666667
3.43333333333333
3.53333333333333
3.5
3.43333333333333
3.36666666666667
3.33333333333333
3.33333333333333
3.6
6.1
3.4
3.46666666666667
3.46666666666667
3.33333333333333
3.5
3.7
3.5
3.7
3.5
3.7
3.86666666666667
6.16666666666667
3.5
3.7
3.66666666666667
4.36666666666667
3.6
3.7
3.5
3.7
3.63333333333333
3.7
3.66666666666667
6.36666666666667
3.5
3.7
3.7
3.7
3.7
3.8
3.5
3.8
3.6
3.7
3.9
5.96666666666667
3.5
3.7
3.6
3.7
3.6
3.73333333333333
3.63333333333333
3.86666666666667
3.63333333333333
3.7
3.93333333333333
6.43333333333333
3.9
4.06666666666667
4.7
3.76666666666667
5.86666666666667
3.7
3.6
3.7
3.56666666666667
3.7
3.86666666666667
6.33333333333333
3.53333333333333
3.56666666666667
3.26666666666667
3.36666666666667
3.63333333333333
3.56666666666667
3.5
3.4
3.53333333333333
