3.86666666666667
3.86666666666667
3.5
3.93333333333333
4.1
3.33333333333333
3.76666666666667
3.66666666666667
3.56666666666667
4.43333333333333
4.2
3.3
3.83333333333333
3.83333333333333
3.46666666666667
3.96666666666667
4.2
3.56666666666667
5.56666666666667
4.26666666666667
3.56666666666667
4.73333333333333
4.43333333333333
3.46666666666667
3.96666666666667
3.83333333333333
3.76666666666667
3.7
4
5.56666666666667
3.83333333333333
5.23333333333333
4.53333333333333
4.56666666666667
4
3.43333333333333
8.1
5.06666666666667
3.36666666666667
4
4.16666666666667
3.33333333333333
3.53333333333333
3.9
3.46666666666667
4.46666666666667
3.9
3.46666666666667
8.56666666666667
4.03333333333333
3.83333333333333
4.4
4.3
3.66666666666667
3.63333333333333
3.93333333333333
3.86666666666667
4.76666666666667
4.23333333333333
3.63333333333333
4.63333333333333
3.96666666666667
3.73333333333333
4.13333333333333
4.1
3.63333333333333
3.83333333333333
4
3.66666666666667
4.46666666666667
4.1
3.36666666666667
4.03333333333333
3.83333333333333
3.56666666666667
3.83333333333333
4
3.4
3.66666666666667
3.73333333333333
3.53333333333333
4.4
4.03333333333333
3.43333333333333
3.96666666666667
3.9
3.43333333333333
3.86666666666667
3.96666666666667
3.5
3.63333333333333
3.6
3.43333333333333
4.46666666666667
4.06666666666667
3.7
3.83333333333333
3.63333333333333
3.4
3.76666666666667
4.26666666666667
3.73333333333333
3.76666666666667
3.86666666666667
3.46666666666667
4.66666666666667
4.03333333333333
3.7
4.03333333333333
4.16666666666667
3.66666666666667
4.1
4.26666666666667
3.6
3.56666666666667
4.6
3.43333333333333
4.5
5.63333333333333
3.4
4.26666666666667
3.93333333333333
3.6
4.4
4.46666666666667
3.63333333333333
3.73333333333333
4.46666666666667
3.66666666666667
4.93333333333333
4.13333333333333
5.8
3.96666666666667
3.86666666666667
3.76666666666667
5.23333333333333
4.46666666666667
4.16666666666667
7.1
4.66666666666667
4.23333333333333
5.66666666666667
4.53333333333333
4.43333333333333
4.63333333333333
6.1
4.9
5.8
4.73333333333333
4.8
4.4
4.2
3.63333333333333
4.73333333333333
9.43333333333333
4.06666666666667
6.9
3.86666666666667
5.33333333333333
6.26666666666667
7.33333333333333
7.23333333333333
6.43333333333333
7.03333333333333
4.76666666666667
5.96666666666667
6.1
8.6
18.7666666666667
7.23333333333333
5.83333333333333
7.96666666666667
8.33333333333333
7.86666666666667
3.9
4.36666666666667
4.3
4.63333333333333
4.43333333333333
3.7
5.76666666666667
4.03333333333333
4.6
6.2
6.4
7.83333333333333
8.03333333333333
7.23333333333333
5.9
5.23333333333333
5.73333333333333
6.23333333333333
6.6
7.1
5.2
4.83333333333333
4.43333333333333
3.6
3.73333333333333
5.13333333333333
5.03333333333333
5.6
4.13333333333333
3.33333333333333
3.93333333333333
4.73333333333333
3.73333333333333
4.03333333333333
3.76666666666667
3.43333333333333
3.53333333333333
3.66666666666667
3.53333333333333
4.4
3.93333333333333
3.23333333333333
3.93333333333333
3.7
3.63333333333333
3.8
3.7
3.46666666666667
3.73333333333333
3.56666666666667
3.5
4.43333333333333
3.9
3.23333333333333
3.9
3.63333333333333
3.5
4.43333333333333
3.8
3.46666666666667
3.7
3.66666666666667
3.56666666666667
4.43333333333333
3.96666666666667
3.43333333333333
3.8
3.86666666666667
3.5
4
3.86666666666667
3.43333333333333
3.7
3.56666666666667
3.6
4.46666666666667
3.83333333333333
3.36666666666667
4.13333333333333
4.16666666666667
3.93333333333333
4.5
4.6
4.3
4.5
4.76666666666667
4.63333333333333
5.33333333333333
5.03333333333333
4.06666666666667
13.9666666666667
13.7333333333333
4.8
5.56666666666667
4.53333333333333
3.76666666666667
3.7
3.73333333333333
3.66666666666667
4.63333333333333
4
3.4
4.36666666666667
3.8
3.5
4.16666666666667
4.16666666666667
3.66666666666667
3.66666666666667
4.93333333333333
4.96666666666667
5.13333333333333
4.33333333333333
3.43333333333333
