2.03333333333333
2.01666666666667
2.05
2.05
2.03333333333333
2.06666666666667
2.05
2.1
2.16666666666667
2.05
2.2
2.05
2.05
2.05
2.05
2.01666666666667
2.03333333333333
2.05
2.05
2.13333333333333
2.18333333333333
2.25
2.18333333333333
2.01666666666667
2.03333333333333
2.05
2.11666666666667
2.2
2.05
2
2.03333333333333
2.15
2.15
2.05
2.16666666666667
2.05
2
2.03333333333333
1.98333333333333
2
2
2
2.03333333333333
2.11666666666667
2.15
2
2.15
2.03333333333333
1.98333333333333
2.05
2.01666666666667
2
2.15
2.05
1.98333333333333
2.06666666666667
2.2
2
2.16666666666667
2.2
2.01666666666667
2.05
2.01666666666667
2
2.03333333333333
2.06666666666667
2.05
2.16666666666667
2.18333333333333
2.05
2.18333333333333
2.01666666666667
2.06666666666667
2.05
2.05
2.05
2.03333333333333
2.06666666666667
2.05
2.11666666666667
2.18333333333333
2.05
2.15
2.03333333333333
2.05
2.03333333333333
2
2
2.03333333333333
2.01666666666667
1.98333333333333
2.11666666666667
2.13333333333333
2.03333333333333
2.2
2.05
2.06666666666667
2.05
2.03333333333333
2.05
1.93333333333333
1.81666666666667
1.93333333333333
1.83333333333333
1.96666666666667
1.75
2.06666666666667
1.75
2.01666666666667
1.83333333333333
1.8
1.76666666666667
1.8
2.01666666666667
1.8
1.83333333333333
2
1.75
1.91666666666667
1.81666666666667
1.83333333333333
1.88333333333333
1.81666666666667
1.81666666666667
1.8
1.86666666666667
1.86666666666667
2.51666666666667
2.15
2.15
14.1166666666667
18
18.3833333333333
5
1.8
1.8
1.86666666666667
1.95
1.91666666666667
1.98333333333333
2.11666666666667
1.85
1.95
1.9
1.86666666666667
1.86666666666667
1.86666666666667
1.95
3.31666666666667
3.45
2.11666666666667
2.03333333333333
2.06666666666667
1.96666666666667
1.95
1.91666666666667
1.78333333333333
1.83333333333333
1.96666666666667
1.95
1.93333333333333
1.96666666666667
1.93333333333333
1.91666666666667
2.01666666666667
1.81666666666667
1.91666666666667
1.86666666666667
1.85
1.91666666666667
1.93333333333333
1.91666666666667
1.91666666666667
1.86666666666667
1.8
2.01666666666667
1.96666666666667
1.88333333333333
1.98333333333333
1.93333333333333
1.91666666666667
1.98333333333333
1.96666666666667
1.95
1.93333333333333
1.9
1.86666666666667
2
2.11666666666667
1.93333333333333
2
1.93333333333333
1.88333333333333
1.93333333333333
1.88333333333333
1.86666666666667
1.88333333333333
1.96666666666667
1.91666666666667
2
2
1.8
1.93333333333333
1.86666666666667
1.8
1.8
1.8
1.8
1.8
1.85
1.78333333333333
1.88333333333333
1.96666666666667
1.8
1.95
1.96666666666667
1.83333333333333
1.83333333333333
1.8
1.8
1.8
1.85
1.88333333333333
1.91666666666667
2.08333333333333
1.91666666666667
1.9
1.91666666666667
1.83333333333333
1.8
3.05
1.93333333333333
1.91666666666667
1.86666666666667
1.8
1.86666666666667
2.03333333333333
1.83333333333333
1.98333333333333
1.93333333333333
1.85
1.8
1.81666666666667
1.78333333333333
1.85
1.81666666666667
1.75
1.88333333333333
1.95
1.81666666666667
1.88333333333333
1.91666666666667
1.86666666666667
1.83333333333333
1.85
1.8
1.8
1.8
1.81666666666667
1.93333333333333
1.96666666666667
2.11666666666667
3.63333333333333
2.76666666666667
2.06666666666667
1.95
2.16666666666667
1.95
2.03333333333333
2.11666666666667
2
2.03333333333333
2.15
1.95
1.98333333333333
2.1
2.15
2.18333333333333
2.11666666666667
2.15
2.15
2.16666666666667
2.11666666666667
2.25
2.25
2.15
2.3
2.46666666666667
