1.23333333333333
1.36666666666667
1.2
1.2
1.1
1.1
1.26666666666667
1.36666666666667
1.03333333333333
1
1
1
1.43333333333333
1
1
1
1
1.1
1.33333333333333
1
1
1
1
1.625
1.56666666666667
1.56666666666667
1.63333333333333
2.13333333333333
2.03333333333333
2.1
2.13333333333333
2
1.875
1.36666666666667
1.13333333333333
1.5
1.5
1.5
1.5
1.5
1.5
1.43333333333333
1.5
1.46666666666667
1.16666666666667
1.2
1.13333333333333
1
1.2
1.13333333333333
1.33333333333333
1.16666666666667
1
1
1.26666666666667
1.1
1.5
1.43333333333333
1.06666666666667
1.13333333333333
1
1.06666666666667
1.06666666666667
1.13333333333333
1.13333333333333
1.23333333333333
1.5
1.5
1.5
1.5
1.5
1.5
1.5
1.5
1.5
1.5
1.5
1.5
1.5
1.5
1.5
1.8
2.56666666666667
2.5
2.36666666666667
2.25
1.5
1.5
1.5
1.5
1.5
2
1.53333333333333
1.5
1.2
1.13333333333333
1.26666666666667
1.5
2.1
1.2
1.2
1.4
1.5
1.5
1.53333333333333
1.5
1.5
1.5
1.875
1.13333333333333
1
1
1.1
1
1
1.13333333333333
1.5
1.5
1.5
1.5
1.43333333333333
1.06666666666667
1
1
1
1.1
1.16666666666667
1.16666666666667
1
1
1.13333333333333
1.23333333333333
1.13333333333333
1.56666666666667
1.5
1.56666666666667
1.06666666666667
1.1
1.5
1.75
1.26666666666667
1.1
1.06666666666667
1.13333333333333
1
1.46666666666667
1
1
1.33333333333333
1.43333333333333
1.26666666666667
1
1
1
1.23333333333333
1.26666666666667
1.83333333333333
1.5
1.5
1.46666666666667
1.43333333333333
1.5
1.5
1.33333333333333
1.46666666666667
1.33333333333333
1.46666666666667
1.33333333333333
1.5
1.5
1.46666666666667
1.46666666666667
1.43333333333333
1.23333333333333
1.06666666666667
1.03333333333333
1.81818181818182
1.76666666666667
1.7
1.6
1.63333333333333
1.9
1.7
2.5
2.06666666666667
1.96666666666667
2
1.93333333333333
1.63333333333333
1.73333333333333
1.96666666666667
2
2
2
1.86666666666667
2
1.6
1.5
1.5
1.33333333333333
1.3
1.2
1.43333333333333
1
1.13333333333333
1.5
1.5
1.5
1.5
1.5
1.5
1.5
1.5
1.5
1.13333333333333
1.93333333333333
2.4
2.16666666666667
2.3
2.26666666666667
2.1
2.16666666666667
2.2
2.75
1.53333333333333
1.5
1.5
1.5
1.5
1.5
1.5
1.5
1.5
1.5
1.5
1.5
1.5
1.5
1.5
1.5
2
1.53333333333333
1.5
1.5
1.33333333333333
1.26666666666667
1.36666666666667
1.43333333333333
1.5
1.5
1.5
1.5
1.5
1.5
1.5
1.53333333333333
1.5
1.5
1.5
1.56666666666667
1.5
1.53333333333333
1.66666666666667
1.53333333333333
1.5
1.5
1.5
1.5
1.5
1.53333333333333
2.46666666666667
2.25
1.5
1.5
1.5
1.5
1.5
1.5
1.5
1.5
1.5
1.5
1.5
1.5
1.5
1.5
1.53333333333333
1.5
