6.51666666666667
5.51666666666667
5.28333333333333
5.04166666666667
5.33333333333333
6.44166666666667
5.58333333333333
5.3
5.15833333333333
5.46666666666667
5.44166666666667
5.275
5.175
5.56666666666667
5.81666666666667
5.69166666666667
5.81666666666667
6.625
6.33333333333333
6.85833333333333
6.65
5.44166666666667
5.63333333333333
5.89166666666667
5.71666666666667
5.81666666666667
5.55
5.15833333333333
4.88333333333333
5.70833333333333
5.55
5.13333333333333
5.06666666666667
5.06666666666667
4.93333333333333
8.44166666666667
10.3583333333333
8.475
5.625
5.29166666666667
4.96666666666667
5.75833333333333
5
5.76666666666667
6.14166666666667
4.9
4.89166666666667
5.63333333333333
5.2
5.16666666666667
5.10833333333333
5.18333333333333
4.85
6.35
5.95
5.98333333333333
5.81666666666667
5.43333333333333
5.53333333333333
6.725
6.50833333333333
5.94166666666667
6.575
6.10833333333333
5.75
6.36666666666667
5.61666666666667
5.15
5.125
5.08333333333333
4.78333333333333
4.95833333333333
5.25
6.225
5.35
5.30833333333333
5.03333333333333
5.63333333333333
5.50833333333333
5.3
5.41666666666667
5.74166666666667
6.19166666666667
5.65833333333333
5.45
5.95833333333333
6.40833333333333
5.26666666666667
5.175
5.73333333333333
5.63333333333333
6.36666666666667
5.575
5.44166666666667
5.15833333333333
5.35833333333333
5.05833333333333
5.5
5.35
6.13333333333333
4.88333333333333
5.59166666666667
4.925
5.23333333333333
5.4
5.425
5
5.84166666666667
4.96666666666667
5.2
4.8
5.1
4.675
5.73333333333333
5.54166666666667
5.48333333333333
5.44166666666667
5.325
5.36666666666667
5.55833333333333
5.45833333333333
6.41666666666667
5.14166666666667
5.33333333333333
5.375
5.75
4.89166666666667
5.125
5.11666666666667
5.23333333333333
4.80833333333333
5.21666666666667
5.11666666666667
5.59166666666667
4.725
5.375
5.21666666666667
5.85
4.83333333333333
5.03333333333333
5.575
4.94166666666667
4.74166666666667
5.08333333333333
5.025
5.34166666666667
4.95
4.88333333333333
5.19166666666667
16.7166666666667
21.2333333333333
10.9166666666667
4.975
13.8
11.4
10.0416666666667
11.0583333333333
13.4833333333333
9.95
9.825
9.925
9.65833333333333
9.71666666666667
11.4
10.9833333333333
12.7583333333333
12.0333333333333
12.2833333333333
11.95
13.8083333333333
13.275
13.8
12.925
16.275
15.725
15.575
15.525
15.2416666666667
15.0333333333333
14.9166666666667
14.6416666666667
13.5666666666667
15.1
14.975
14.6
14.1083333333333
13.875
13.7916666666667
15.0583333333333
14.65
14.1
14.15
13.8166666666667
14.075
14.1333333333333
14.0333333333333
8.425
5.19166666666667
4.95
5.71666666666667
5.13333333333333
4.63333333333333
4.75833333333333
4.78333333333333
4.70833333333333
5.05
4.94166666666667
8.18333333333333
9.99166666666667
10.55
6.54166666666667
5.39166666666667
5.28333333333333
5.05833333333333
5.61666666666667
5.325
4.88333333333333
5.06666666666667
4.83333333333333
4.75833333333333
5.16666666666667
6.88333333333333
5.76666666666667
10.275
5.93333333333333
9.51666666666667
8.44166666666667
11.3666666666667
9.41666666666667
8.39166666666667
8.975
5.65833333333333
6.80833333333333
7.75833333333333
8.15833333333333
8.075
9.16666666666667
8.45833333333333
8.14166666666667
8.975
8.63333333333333
9.90833333333333
7.21666666666667
6.41666666666667
7.01666666666667
6.825
6.14166666666667
8.025
8.99166666666667
8.4
7.08333333333333
8.36666666666667
7.075
6.95833333333333
7.34166666666667
8.46666666666667
9.13333333333333
8.81666666666667
8.56666666666667
8.15
8
9.01666666666667
6.50833333333333
7.23333333333333
8.64166666666667
8.25833333333333
8.73333333333333
6.525
6.61666666666667
6.69166666666667
6.80833333333333
5.08333333333333
6
7.025
6.24166666666667
5.79166666666667
6.63333333333333
6.81666666666667
5.625
6
6.11666666666667
9.25833333333333
6.38333333333333
6.68333333333333
7.34166666666667
8.75833333333333
6.68333333333333
7.69166666666667
