2.6
2.66666666666667
2.63333333333333
2.78333333333333
2.61666666666667
2.65
2.61666666666667
2.61666666666667
2.6
2.61666666666667
2.58333333333333
2.63333333333333
2.65
2.63333333333333
2.61666666666667
2.83333333333333
2.58333333333333
2.66666666666667
2.66666666666667
2.6
2.63333333333333
2.61666666666667
2.6
2.65
2.63333333333333
2.66666666666667
2.63333333333333
2.78333333333333
2.6
2.65
2.65
2.65
2.6
2.58333333333333
2.58333333333333
2.6
2.61666666666667
2.61666666666667
2.66666666666667
2.78333333333333
2.63333333333333
2.73333333333333
2.6
2.6
2.61666666666667
2.6
2.63333333333333
2.63333333333333
2.65
2.66666666666667
2.61666666666667
2.8
2.65
2.65
2.73333333333333
2.61666666666667
2.65
2.63333333333333
2.58333333333333
2.58333333333333
2.7
2.7
2.65
2.78333333333333
2.6
2.66666666666667
2.58333333333333
2.63333333333333
2.6
2.58333333333333
2.58333333333333
2.61666666666667
2.65
2.68333333333333
2.63333333333333
2.75
2.61666666666667
2.63333333333333
2.63333333333333
2.63333333333333
2.61666666666667
2.58333333333333
2.61666666666667
2.66666666666667
2.65
2.68333333333333
2.61666666666667
2.78333333333333
2.63333333333333
2.61666666666667
2.61666666666667
2.61666666666667
2.63333333333333
2.56666666666667
2.61666666666667
2.61666666666667
2.61666666666667
2.68333333333333
2.63333333333333
2.78333333333333
2.56666666666667
2.43333333333333
2.45
2.4
2.43333333333333
2.38333333333333
2.41666666666667
2.4
2.46666666666667
2.45
2.43333333333333
2.53333333333333
2.45
2.41666666666667
2.45
2.4
2.43333333333333
2.41666666666667
2.45
2.4
2.43333333333333
2.45
2.45
2.51666666666667
2.45
2.4
2.45
2.4
2.41666666666667
2.41666666666667
2.45
2.4
2.45
2.48333333333333
2.46666666666667
2.58333333333333
2.45
2.46666666666667
2.43333333333333
2.43333333333333
2.46666666666667
2.41666666666667
2.45
2.48333333333333
2.41666666666667
2.48333333333333
2.45
2.61666666666667
4
4.03333333333333
2.56666666666667
2.45
2.45
2.4
2.45
2.46666666666667
2.4
2.48333333333333
2.48333333333333
2.6
2.43333333333333
2.48333333333333
2.41666666666667
2.41666666666667
2.46666666666667
2.43333333333333
2.43333333333333
2.46666666666667
2.43333333333333
2.48333333333333
2.45
2.6
2.41666666666667
2.51666666666667
2.46666666666667
2.43333333333333
2.45
2.38333333333333
2.45
2.46666666666667
2.38333333333333
2.46666666666667
2.46666666666667
2.58333333333333
2.46666666666667
2.6
2.45
2.43333333333333
2.46666666666667
2.38333333333333
2.43333333333333
2.43333333333333
2.41666666666667
2.5
2.46666666666667
2.55
2.43333333333333
2.46666666666667
2.43333333333333
2.43333333333333
2.43333333333333
2.41666666666667
2.43333333333333
2.46666666666667
2.45
2.48333333333333
2.45
2.55
2.46666666666667
2.46666666666667
2.45
2.41666666666667
2.45
2.4
2.41666666666667
2.45
2.46666666666667
2.46666666666667
2.48333333333333
2.56666666666667
2.46666666666667
2.46666666666667
2.4
2.4
2.45
2.43333333333333
2.43333333333333
2.48333333333333
2.41666666666667
2.53333333333333
2.43333333333333
2.58333333333333
2.43333333333333
2.45
2.43333333333333
2.45
2.45
2.43333333333333
2.46666666666667
2.45
2.43333333333333
2.5
2.48333333333333
2.61666666666667
2.43333333333333
2.43333333333333
2.46666666666667
2.43333333333333
2.43333333333333
2.45
2.43333333333333
2.43333333333333
2.48333333333333
2.48333333333333
2.46666666666667
2.6
2.51666666666667
2.48333333333333
2.45
2.4
2.45
2.41666666666667
2.46666666666667
2.45
2.43333333333333
2.5
2.45
2.6
2.41666666666667
2.45
2.43333333333333
2.43333333333333
2.45
2.4
2.43333333333333
2.43333333333333
2.58333333333333
2.66666666666667
2.65
2.75
2.58333333333333
2.61666666666667
2.61666666666667
2.6
2.66666666666667
2.63333333333333
2.63333333333333
2.66666666666667
