1.5
1.51666666666667
1.5
1.51666666666667
1.55
1.6
1.5
1.5
1.5
1.53333333333333
1.5
1.71666666666667
9.11666666666667
1.5
1.5
1.5
7.01666666666667
1.28333333333333
1.25
1.25
1.35
1.28333333333333
1.25
1.4
1.25
7.25
1.25
1.25
1.3
1.25
1.33928571428571
1.25
1.25
1.25
1.25
1.41666666666667
1.25
1.26666666666667
1.25
1.25
1.25
1.28333333333333
1.25
1.25
1.25
1.28333333333333
1.25
1.4
1.25
1.25
1.25
1.25
1.25
1.25
1.25
1.26666666666667
1.25
1.25
1.28333333333333
1.4
1.3
1.25
1.25
1.25
1.25
1.25
1.25
1.25
1.25
1.23333333333333
1.25
1.41666666666667
1.26666666666667
1.25
1.23333333333333
1.25
1.25
1.28333333333333
1.25
1.25
1.25
1.25
1.25
1.4
1.25
1.25
1.25
1.25
1.25
1.25
1.25
1.25
1.25
1.26666666666667
1.25
1.41666666666667
1.25
1.25
1.25
1.28333333333333
1.13333333333333
1.05
1.05
1
1.05
1
1.05
1.2
1.05
1
1.05
1
1.05
1.05
1.05
1
1.05
1
1.05
1.2
1.05
1
1.05
1
1.05
1.03333333333333
1.05
1
1.05
1.05
1.05
1.2
1.05
1.05
1.05
1.05
1.05
1.08333333333333
1.05
1.05
1.05
1.1
1.05
1.26666666666667
1.05
1.05
1.05
1.05
1.05
1.15
1.35
1.05
1.05
1.1
1.05
1.23333333333333
1.05
1.08333333333333
1.05
1.05
1.05
1.1
1.05
1.05
1.05
1.08333333333333
1.05
1.2
1.05
1.05
1.05
1.05
1.05
1.1
1.1
1.16666666666667
1.05
1.06666666666667
1.05
1.25
1.05
1.05
1.05
1.05
1.05
1.1
1.05
1.05
1.05
1.06666666666667
1.05
1.25
1.05
1.05
1.05
1.05
1.05
1.1
1.05
1.05
1.05
1.1
1.05
1.25
1.05
1.05
1.05
1.1
1.13333333333333
1.1
1.05
1.05
1.05
1.08333333333333
1.05
1.28333333333333
1.05
1.05
1.05
1.03333333333333
1.05
1.06666666666667
1.23333333333333
1.05
1.05
1.08333333333333
1.05
1.26666666666667
1.05
1.05
1.05
1.05
1.05
1.05
1.05
1.05
1.05
1.1
1.05
1.25
1.05
1.05
1.05
1.05
1.05
1.11666666666667
1.06666666666667
1.05
1.05
1.1
1.05
1.28333333333333
1.05
1.05
1.05
1.05
1.05
7.11666666666667
1.11666666666667
1.05
1.11666666666667
1.2
1.05
1.28333333333333
1.05
1.05
1.06666666666667
1.05
1.05
1.15
1.05
6.88333333333333
1.1
1.06666666666667
1.05
1.26666666666667
1.35
1.3
1.35
1.35
1.35
1.33333333333333
1.26666666666667
1.3
5.36666666666667
3.08333333333333
1.28333333333333
1.46666666666667
