2
2.13333333333333
2.1
2
2.03333333333333
1.7
1.66666666666667
2.26666666666667
1.93333333333333
1.6
1.73333333333333
1.5
1.6
1.5
1.6
1.5
1.6
1.5
1.7
2.1
1.6
1.5
1.6
2
1.53333333333333
1.5
1.6
1.5
1.66666666666667
1.5
1.6
2
1.6
1.5
1.6
1.5
1.6
1.5
1.875
1.5
1.5
1.5
1.53333333333333
1.875
1.6
1.5
1.6
1.875
1.6
1.5
1.53333333333333
1.43333333333333
1.33333333333333
1.5
1.4
1.83333333333333
1.6
1.16666666666667
1.1
1.03333333333333
1.1
1.3
1.6
1.1
1.16666666666667
1.26666666666667
1.13333333333333
1.5
1.1
1
1.1
1
2
1.5
1.6
1.5
1.6
1.5
1.7
2.16666666666667
1.6
1.5
1.6
1.5
1.56666666666667
1.5
1.78571428571429
1.5
1.86666666666667
1.66666666666667
1.7
2.1
1.6
1.5
1.6
1.5
1.66666666666667
1.6
1.6
1.5
1.6
1.5
1.6
2.06666666666667
1.6
1.5
1.6
1.5
1.6
1.5
1.6
1.5
1.6
1.5
1.6
2
1.6
1.5
1.6
1.5
1.66666666666667
1.73333333333333
1.6
1.5
1.53333333333333
1.23333333333333
1.3
1.9
1.5
1.5
1.5
1.33333333333333
2
1.5
1.56666666666667
1.5
2
1.73333333333333
1.53333333333333
2.1
1.6
1.46666666666667
1.5
1.46666666666667
1.6
1.7
1.66666666666667
1.6
1.6
1.56666666666667
1.23333333333333
1.96666666666667
1.56666666666667
1.5
1.5
1.5
2.33333333333333
1.5
1.6
1.5
1.6
1.5
1.6
2
1.6
1.5
1.6
1.5
1.6
1.5
1.56666666666667
1.5
1.6
1.5
1.56666666666667
1.56666666666667
1.9
1.7
1.6
1.5
1.6
1.53333333333333
2.5
1.5
1.56666666666667
1.5
1.56666666666667
2
1.6
1.5
1.53333333333333
1.5
1.6
1.5
1.56666666666667
1.5
1.6
1.5
1.6
2
1.5
1.5
1.5
1.36666666666667
1.46666666666667
1.36666666666667
1.46666666666667
1.5
1.5
1.5
1.5
2
1.6
1.5
2.3
1.6
1.66666666666667
1.53333333333333
1.6
1.5
1.53333333333333
1.5
1.56666666666667
2
1.46666666666667
1.4
1.5
1.33333333333333
1.5
1.46666666666667
1.56666666666667
1.43333333333333
2.06666666666667
2
2.1
2.5
2.13333333333333
2.06666666666667
2.03333333333333
2
2.1
2
2
1.96666666666667
1.96666666666667
1.96666666666667
2
2
1.53333333333333
1.53333333333333
1.46666666666667
1.5
1.5
1.16666666666667
1.3
1.4
1.46666666666667
1.43333333333333
1.43333333333333
1.9
1.53333333333333
1.56666666666667
1.53333333333333
1.56666666666667
1.53333333333333
1.56666666666667
1.53333333333333
1.56666666666667
1.53333333333333
1.56666666666667
1.5
2.06666666666667
1.53333333333333
1.53333333333333
1.53333333333333
1.5
1.4
1.16666666666667
1.53333333333333
1.43333333333333
1.36666666666667
1.1
1.36666666666667
2.1
1.5
1.6
1.5
1.6
