6.66666666666667
6.96666666666667
6.06666666666667
7.36666666666667
7.03333333333333
7.76666666666667
7.03333333333333
6.1
6.46666666666667
6.76666666666667
6.53333333333333
7.1
6.2
6.6
8.4
7.06666666666667
6.33333333333333
7.03333333333333
7.3
6.83333333333333
6.83333333333333
6.76666666666667
6.73333333333333
6.5
7.13333333333333
7.26666666666667
6.76666666666667
7.36666666666667
6.46666666666667
5.96666666666667
6.8
6.23333333333333
7.56666666666667
5.86666666666667
5.83333333333333
6.4
5.93333333333333
7.1
5.6
6.33333333333333
6.13333333333333
6.26666666666667
6.16666666666667
5.9
6.23333333333333
6.03333333333333
5.93333333333333
6.63333333333333
6.06666666666667
6.73333333333333
5.66666666666667
5.96666666666667
6.4
5.8
6.46666666666667
5.6
6.6
6.16666666666667
5.9
6.4
6.06666666666667
6.5
6.36666666666667
7
6.66666666666667
6.76666666666667
6.83333333333333
6.46666666666667
7.13333333333333
6.9
6.26666666666667
6.6
6.26666666666667
6.56666666666667
7.03333333333333
6.66666666666667
6.83333333333333
6.13333333333333
6.5
6.63333333333333
6.36666666666667
7.06666666666667
6.53333333333333
6.3
7.03333333333333
6.66666666666667
7.06666666666667
6.93333333333333
6.83333333333333
7.93333333333333
6.53333333333333
6.76666666666667
7.1
6.06666666666667
7.03333333333333
5.73333333333333
6.36666666666667
6.43333333333333
6.2
7.63333333333333
5.76666666666667
6.6
6.96666666666667
6.13333333333333
7.86666666666667
6.5
6.46666666666667
6.3
6.73333333333333
6.86666666666667
6.96666666666667
6.5
7.43333333333333
6.73333333333333
5.96666666666667
9.03333333333333
5.96666666666667
6.36666666666667
6.1
6.06666666666667
6.43333333333333
5.5
6.86666666666667
5.76666666666667
6.16666666666667
6.13333333333333
5.8
6.43333333333333
5.63333333333333
6.4
6.13333333333333
6.26666666666667
7.5
5.6
6.73333333333333
6.46666666666667
6.1
6.83333333333333
6
8.6
6.96666666666667
7.83333333333333
7.4
5.5
6.83333333333333
6.53333333333333
5.76666666666667
6.5
5.66666666666667
6.8
6.23333333333333
5.96666666666667
7.03333333333333
5.43333333333333
7.1
6.3
6.23333333333333
8.06666666666667
5.16666666666667
6.76666666666667
5.63333333333333
6.3
6.16666666666667
5.5
6.73333333333333
5.33333333333333
6.63333333333333
5.86666666666667
6.1
6.36666666666667
5.33333333333333
6.7
5.43333333333333
8.8
9.9
9.36666666666667
6.86666666666667
5.46666666666667
6.9
6.4
6.03333333333333
7.66666666666667
5.53333333333333
8.23333333333333
7.16666666666667
6.3
7.2
5.9
6.46666666666667
6.76666666666667
5.4
7.26666666666667
7.53333333333333
5.96666666666667
8.4
5.23333333333333
7
6.33333333333333
6.33333333333333
7.73333333333333
6.3
7.06666666666667
6.2
5.96666666666667
6.7
5.96666666666667
6.33333333333333
6.36666666666667
8.43333333333333
9.63333333333333
9.5
9.36666666666667
9.66666666666667
8.3
9.13333333333333
7.96666666666667
8.4
10.5333333333333
7.76666666666667
8.46666666666667
9.83333333333333
9.16666666666667
10.2
11.0333333333333
8.63333333333333
13.4333333333333
12.0333333333333
7.83333333333333
8.06666666666667
8.26666666666667
8.43333333333333
8.63333333333333
7.56666666666667
8.23333333333333
8.03333333333333
7.63333333333333
8.46666666666667
7.93333333333333
8.36666666666667
7.8
8.03333333333333
9.16666666666667
7.36666666666667
8.26666666666667
7.5
7.93333333333333
7.76666666666667
7.46666666666667
8.23333333333333
7.7
8.66666666666667
7.86666666666667
8.36666666666667
9.13333333333333
7.96666666666667
6.6
6.46666666666667
6.96666666666667
6.93333333333333
6.1
7.4
8.56666666666667
5.36666666666667
6.76666666666667
5.7
6.16666666666667
6.66666666666667
6.03333333333333
7
5.43333333333333
6.43333333333333
6.53333333333333
5.5
6.76666666666667
5.4
6.6
5.9
6.1
6.7
5.6
6.83333333333333
6.23333333333333
6.13333333333333
6.96666666666667
5.46666666666667
6.5
5.5
6.26666666666667
