1.78333333333333
1.76666666666667
1.98333333333333
1.75
1.73333333333333
1.81666666666667
1.75
1.75
1.75
1.78333333333333
1.78333333333333
1.76666666666667
1.75
1.73333333333333
1.95
1.68333333333333
1.65
1.66666666666667
1.68333333333333
1.68333333333333
1.65
1.65
1.68333333333333
1.65
1.66666666666667
1.65
1.83333333333333
1.63333333333333
1.68333333333333
1.7
1.65
1.66666666666667
1.65
1.61666666666667
1.65
1.66666666666667
1.66666666666667
1.7
1.91666666666667
1.68333333333333
1.71666666666667
1.7
1.66666666666667
1.68333333333333
1.68333333333333
1.65
1.7
1.65
1.66666666666667
1.66666666666667
1.85
1.68333333333333
1.68333333333333
1.66666666666667
1.68333333333333
1.65
1.61666666666667
1.65
1.66666666666667
1.68333333333333
1.68333333333333
1.65
1.81666666666667
1.65
1.63333333333333
1.68333333333333
1.71666666666667
1.68333333333333
1.66666666666667
1.68333333333333
1.63333333333333
1.65
1.63333333333333
1.7
1.93333333333333
1.68333333333333
1.66666666666667
1.71666666666667
1.65
1.66666666666667
1.71666666666667
1.65
1.61666666666667
1.61666666666667
1.63333333333333
1.65
1.85
1.7
1.65
1.7
1.66666666666667
1.65
1.61666666666667
1.66666666666667
1.68333333333333
1.68333333333333
1.65
1.66666666666667
1.86666666666667
1.66666666666667
1.6
1.55
1.5
1.5
1.5
1.53333333333333
1.5
1.51666666666667
1.56666666666667
1.95
1.7
1.55
1.5
1.53333333333333
1.5
1.5
1.5
1.51666666666667
1.5
1.53333333333333
1.5
1.48333333333333
1.68333333333333
1.51666666666667
1.5
1.71666666666667
1.5
1.6
1.5
1.51666666666667
1.5
1.53333333333333
1.51666666666667
1.51666666666667
1.75
1.5
1.51666666666667
1.53333333333333
1.5
1.5
1.53333333333333
1.51666666666667
1.5
1.51666666666667
2.03333333333333
5.88333333333333
1.73333333333333
1.51666666666667
2.2
2.15
1.8
1.5
1.46666666666667
1.53333333333333
1.51666666666667
1.53333333333333
1.53333333333333
1.5
1.71666666666667
1.51666666666667
1.48333333333333
1.51666666666667
1.5
1.51666666666667
1.51666666666667
1.51666666666667
1.51666666666667
1.6
1.55
1.48333333333333
1.68333333333333
1.51666666666667
1.5
1.53333333333333
1.5
1.51666666666667
1.51666666666667
1.5
1.51666666666667
1.51666666666667
1.5
1.5
1.66666666666667
1.48333333333333
1.51666666666667
1.55
1.5
1.51666666666667
1.46666666666667
1.51666666666667
1.5
1.5
1.5
1.5
1.81666666666667
1.48333333333333
1.5
1.51666666666667
1.51666666666667
1.5
1.53333333333333
1.63333333333333
1.51666666666667
1.51666666666667
1.5
1.61666666666667
1.75
1.5
1.5
1.53333333333333
1.5
1.5
1.5
1.51666666666667
1.5
1.51666666666667
1.48333333333333
1.5
1.71666666666667
1.51666666666667
1.5
1.51666666666667
1.53333333333333
1.5
1.51666666666667
1.55
1.51666666666667
1.5
1.53333333333333
1.51666666666667
1.68333333333333
1.55
1.51666666666667
1.55
1.53333333333333
1.51666666666667
1.5
1.53333333333333
1.51666666666667
1.5
1.61666666666667
1.6
1.7
1.51666666666667
1.53333333333333
1.51666666666667
1.51666666666667
1.53333333333333
1.51666666666667
1.51666666666667
1.55
1.51666666666667
1.56666666666667
1.58333333333333
1.71666666666667
1.51666666666667
1.53333333333333
1.56666666666667
1.5
1.51666666666667
1.5
1.51666666666667
1.51666666666667
1.51666666666667
1.5
1.51666666666667
1.73333333333333
1.5
1.51666666666667
1.53333333333333
1.5
1.5
1.51666666666667
1.51666666666667
1.53333333333333
1.51666666666667
1.61666666666667
1.65
1.88333333333333
1.66666666666667
1.65
1.68333333333333
1.58333333333333
1.61666666666667
1.58333333333333
1.61666666666667
1.61666666666667
1.6
