2.68333333333333
2.55
2.56666666666667
2.51666666666667
2.56666666666667
2.58333333333333
2.55
2.55
2.6
2.55
2.53333333333333
2.6
10.35
2.55
2.56666666666667
2.86666666666667
9.33333333333333
2.55
2.58333333333333
2.6
2.66666666666667
2.55
2.56666666666667
2.63333333333333
2.68333333333333
9.43333333333333
2.58333333333333
2.55
2.55
2.61666666666667
2.66666666666667
2.55
2.56666666666667
2.58333333333333
2.53333333333333
2.61666666666667
2.68333333333333
2.55
2.58333333333333
2.55
2.56666666666667
2.58333333333333
2.53333333333333
2.51666666666667
2.55
2.55
2.55
2.65
2.68333333333333
2.55
2.55
2.53333333333333
2.51666666666667
2.56666666666667
2.55
2.55
2.55
2.55
2.58333333333333
2.6
2.65
2.53333333333333
2.56666666666667
2.55
2.55
2.61666666666667
2.55
2.55
2.55
2.53333333333333
2.55
2.61666666666667
2.7
2.55
2.56666666666667
2.55
2.55
2.53333333333333
2.55
2.51666666666667
2.56666666666667
2.55
2.55
2.61666666666667
2.68333333333333
2.55
2.56666666666667
2.58333333333333
2.55
2.56666666666667
2.55
2.53333333333333
2.53333333333333
2.55
2.56666666666667
2.6
2.68333333333333
2.55
2.55
2.55
2.46666666666667
2.35
2.3
2.26666666666667
2.38333333333333
2.26666666666667
2.33333333333333
2.35
2.5
2.25
2.35
2.35
2.25
2.35
2.31666666666667
2.33333333333333
2.26666666666667
2.31666666666667
2.36666666666667
2.36666666666667
2.4
2.33333333333333
2.28333333333333
2.3
2.25
2.55
2.26666666666667
2.3
2.28333333333333
2.36666666666667
2.28333333333333
2.36666666666667
2.4
2.3
2.35
2.3
2.31666666666667
2.35
2.35
2.35
2.33333333333333
2.31666666666667
2.35
2.41666666666667
2.43333333333333
2.3
2.36666666666667
2.3
2.3
2.4
2.7
2.3
2.36666666666667
2.33333333333333
2.36666666666667
2.36666666666667
2.46666666666667
2.33333333333333
2.33333333333333
2.3
2.35
2.35
2.3
2.35
2.33333333333333
2.31666666666667
2.36666666666667
2.41666666666667
2.43333333333333
2.3
2.38333333333333
2.31666666666667
2.3
2.35
2.33333333333333
2.3
2.3
2.35
2.33333333333333
2.36666666666667
2.45
2.35
2.33333333333333
2.3
2.31666666666667
2.35
2.3
2.3
2.4
2.31666666666667
2.33333333333333
2.38333333333333
2.43333333333333
2.3
2.3
2.35
2.3
2.35
2.3
2.35
2.36666666666667
2.3
2.36666666666667
2.38333333333333
2.46666666666667
2.36666666666667
2.35
2.3
2.3
2.41666666666667
2.3
2.28333333333333
2.4
2.31666666666667
2.33333333333333
2.36666666666667
2.46666666666667
2.3
2.38333333333333
2.33333333333333
2.3
2.31666666666667
2.3
2.3
2.35
2.31666666666667
2.38333333333333
2.38333333333333
2.43333333333333
2.3
2.36666666666667
2.3
2.3
2.35
2.31666666666667
2.3
2.35
2.38333333333333
2.33333333333333
2.38333333333333
2.46666666666667
2.31666666666667
2.35
2.31666666666667
2.33333333333333
2.35
2.3
2.36666666666667
2.38333333333333
2.31666666666667
2.33333333333333
2.4
2.43333333333333
2.3
2.3
2.33333333333333
2.65
7.7
2.33333333333333
2.33333333333333
2.31666666666667
2.46666666666667
2.38333333333333
2.41666666666667
2.46666666666667
2.3
2.4
2.3
2.3
2.4
2.31666666666667
8.93333333333333
2.36666666666667
2.43333333333333
2.33333333333333
2.4
2.8
2.55
2.8
2.8
2.65
2.58333333333333
2.51666666666667
2.55
7.88333333333333
3.95
2.58333333333333
2.63333333333333
