4.61666666666667
4.7
4.58333333333333
4.68333333333333
4.66666666666667
4.63333333333333
4.73333333333333
4.65
4.68333333333333
4.66666666666667
4.61666666666667
4.7
4.63333333333333
4.7
4.63333333333333
4.68333333333333
4.5
4.7
4.61666666666667
4.65
4.48333333333333
4.58333333333333
4.65
4.6
4.68333333333333
4.66666666666667
4.61666666666667
4.63333333333333
4.63333333333333
4.71666666666667
4.73333333333333
4.6
4.63333333333333
4.63333333333333
4.7
4.61666666666667
4.7
4.63333333333333
4.68333333333333
4.65
4.5
4.7
4.7
4.63333333333333
4.61666666666667
4.68333333333333
4.63333333333333
4.7
4.66666666666667
4.46666666666667
4.61666666666667
4.7
4.65
4.66666666666667
4.7
4.6
5.08333333333333
4.68333333333333
4.65
4.68333333333333
4.7
4.6
4.51666666666667
4.55
4.63333333333333
5.31666666666667
5.8
4.63333333333333
4.58333333333333
4.6
4.6
4.41666666666667
4.6
4.68333333333333
4.6
4.56666666666667
4.66666666666667
4.58333333333333
4.68333333333333
4.66666666666667
4.7
4.68333333333333
4.6
4.63333333333333
4.63333333333333
4.63333333333333
4.65
4.7
4.66666666666667
4.58333333333333
4.6
4.51666666666667
4.7
4.65
4.63333333333333
4.65
4.63333333333333
4.65
4.53333333333333
4.5
4.65
4.7
4.46666666666667
4.6
10.6666666666667
4.93333333333333
4.65
4.56666666666667
4.68333333333333
4.7
4.6
4.7
4.61666666666667
4.7
4.73333333333333
4.65
4.55
4.58333333333333
4.68333333333333
4.65
4.7
4.58333333333333
4.68333333333333
4.66666666666667
4.75
4.73333333333333
4.68333333333333
4.7
4.63333333333333
4.7
4.55
4.7
4.6
4.63333333333333
4.63333333333333
4.68333333333333
4.61666666666667
4.61666666666667
4.75
4.7
4.6
4.66666666666667
4.55
4.56666666666667
4.56666666666667
4.7
4.7
4.63333333333333
4.7
4.63333333333333
4.7
4.63333333333333
4.65
4.61666666666667
4.46666666666667
4.7
4.58333333333333
4.7
4.66666666666667
4.68333333333333
4.68333333333333
4.6
4.73333333333333
4.65
4.7
4.5
4.61666666666667
4.68333333333333
4.55
4.7
4.61666666666667
4.68333333333333
4.6
4.68333333333333
8.23333333333333
4.65
4.7
4.61666666666667
4.61666666666667
4.66666666666667
4.65
4.56666666666667
4.6
4.7
4.65
4.7
4.48333333333333
4.66666666666667
4.53333333333333
4.71666666666667
4.68333333333333
4.61666666666667
4.68333333333333
4.58333333333333
4.68333333333333
4.66666666666667
4.66666666666667
4.7
4.68333333333333
4.7
4.63333333333333
4.68333333333333
4.56666666666667
4.63333333333333
4.68333333333333
4.65
4.7
4.61666666666667
4.63333333333333
4.63333333333333
4.73333333333333
4.68333333333333
4.63333333333333
4.53333333333333
4.65
4.6
5.2
4.7
4.46666666666667
4.68333333333333
4.68333333333333
4.63333333333333
4.61666666666667
4.7
4.61666666666667
4.58333333333333
4.6
4.6
4.63333333333333
4.65
4.68333333333333
4.68333333333333
4.66666666666667
4.65
4.75
4.51666666666667
4.65
4.6
4.68333333333333
4.65
4.7
4.66666666666667
4.63333333333333
4.6
4.65
4.66666666666667
4.63333333333333
4.6
4.68333333333333
4.65
4.7
4.65
4.6
4.58333333333333
5.35
4.7
4.58333333333333
4.63333333333333
4.7
4.51666666666667
4.6
4.68333333333333
4.7
4.65
4.65
4.63333333333333
4.6
4.66666666666667
4.41666666666667
4.61666666666667
4.73333333333333
4.7
4.56666666666667
4.6
4.65
4.63333333333333
4.7
4.65
4.66666666666667
4.63333333333333
4.65
4.55
4.7
4.71666666666667
4.63333333333333
4.6
4.33333333333333
4.66666666666667
