4.46666666666667
4.2
4.13333333333333
4.33333333333333
4.2
4.6
4.4
4.53333333333333
4.6
4.6
4.86666666666667
5.33333333333333
4.66666666666667
4.53333333333333
4.73333333333333
4.4
4.4
4.4
4.46666666666667
4.33333333333333
4.2
4.4
4.26666666666667
5.06666666666667
4.26666666666667
4.4
4.26666666666667
4.53333333333333
4.13333333333333
4.33333333333333
4.53333333333333
4.53333333333333
4.6
4.53333333333333
4.8
5.4
4.73333333333333
4.53333333333333
4.73333333333333
4.53333333333333
4.6
4.66666666666667
4.6
4.53333333333333
4.66666666666667
4.53333333333333
4.53333333333333
5.46666666666667
17.4666666666667
6.26666666666667
4.53333333333333
4.53333333333333
4.6
4.53333333333333
4.66666666666667
4.53333333333333
4.66666666666667
4.53333333333333
4.6
5.46666666666667
5.4
4
4
4.06666666666667
3.93333333333333
4.13333333333333
4.06666666666667
4.06666666666667
4.06666666666667
4.13333333333333
4.06666666666667
4.73333333333333
4.06666666666667
4.06666666666667
4.2
4.06666666666667
4.26666666666667
4
4.13333333333333
4
4.13333333333333
4
4.13333333333333
4.66666666666667
4.2
4.2
4.2
4.13333333333333
4.06666666666667
4.13333333333333
4
4.2
4
4.06666666666667
4.06666666666667
4.6
4.13333333333333
4.06666666666667
4.26666666666667
4.06666666666667
4.33333333333333
4.06666666666667
4.2
4.06666666666667
4.13333333333333
4.06666666666667
4.13333333333333
5.26666666666667
4.2
4.13333333333333
4
4
3.8
4.06666666666667
3.8
3.86666666666667
3.86666666666667
3.73333333333333
3.93333333333333
5.6
3.86666666666667
3.86666666666667
4
3.73333333333333
3.8
3.6
3.66666666666667
3.6
3.66666666666667
3.73333333333333
3.8
4.33333333333333
3.66666666666667
3.73333333333333
3.66666666666667
3.8
3.73333333333333
3.73333333333333
3.86666666666667
3.86666666666667
3.86666666666667
3.8
3.93333333333333
4.26666666666667
3.86666666666667
3.73333333333333
3.73333333333333
3.8
3.86666666666667
3.93333333333333
4
3.73333333333333
3.86666666666667
3.6
3.73333333333333
4.2
3.8
3.86666666666667
3.86666666666667
3.73333333333333
3.73333333333333
3.73333333333333
3.73333333333333
3.86666666666667
3.86666666666667
3.6
3.8
4.26666666666667
4.93333333333333
3.73333333333333
3.86666666666667
3.66666666666667
3.8
3.8
3.93333333333333
3.93333333333333
6.26666666666667
3.93333333333333
3.73333333333333
4.6
4.06666666666667
4.06666666666667
4.06666666666667
4.06666666666667
4.06666666666667
4.06666666666667
4.06666666666667
4.06666666666667
4.86666666666667
5.2
5.26666666666667
5.73333333333333
5.26666666666667
5.8
6.2
6.33333333333333
6.4
6.33333333333333
6.53333333333333
6.73333333333333
6.73333333333333
7.2
7.4
7.86666666666667
7.8
6.53333333333333
3.8
3.53333333333333
3.53333333333333
3.53333333333333
3.53333333333333
3.53333333333333
3.53333333333333
3.53333333333333
3.53333333333333
4.13333333333333
3.66666666666667
3.66666666666667
4.06666666666667
4
3.66666666666667
3.73333333333333
3.73333333333333
3.4
3.66666666666667
3.53333333333333
3.53333333333333
4
3.66666666666667
3.53333333333333
3.66666666666667
3.53333333333333
3.53333333333333
3.53333333333333
3.46666666666667
3.53333333333333
3.66666666666667
3.53333333333333
3.73333333333333
4.66666666666667
4.06666666666667
3.8
3.8
3.53333333333333
3.53333333333333
3.53333333333333
3.53333333333333
3.6
3.66666666666667
3.53333333333333
3.53333333333333
4.2
3.73333333333333
3.6
3.8
3.53333333333333
3.53333333333333
3.53333333333333
3.4
3.53333333333333
3.66666666666667
3.53333333333333
3.53333333333333
4
3.6
3.53333333333333
3.6
3.46666666666667
3.53333333333333
3.53333333333333
3.53333333333333
3.53333333333333
3.66666666666667
3.53333333333333
3.53333333333333
4.13333333333333
3.6
3.53333333333333
3.53333333333333
3.53333333333333
3.66666666666667
3.53333333333333
3.66666666666667
3.53333333333333
3.66666666666667
3.53333333333333
3.53333333333333
4.2
