1.61666666666667
1.73333333333333
1.65
1.83333333333333
1.65
1.58333333333333
1.61666666666667
1.75
1.68333333333333
1.65
1.76666666666667
1.58333333333333
9.36666666666667
1.55
1.55
2.01666666666667
8.4
1.56666666666667
1.6
1.6
1.66666666666667
1.6
1.55
1.55
1.51666666666667
8.45
1.41666666666667
1.63333333333333
1.3
1.43333333333333
1.45
1.48333333333333
1.48333333333333
1.46666666666667
1.48333333333333
1.46666666666667
1.5
1.45
1.5
1.66666666666667
1.46666666666667
1.51666666666667
1.43333333333333
1.41666666666667
1.46666666666667
1.46666666666667
1.48333333333333
1.41666666666667
1.46666666666667
1.55
1.48333333333333
1.65
1.45
1.48333333333333
1.46666666666667
1.48333333333333
1.48333333333333
1.43333333333333
1.5
1.46666666666667
1.46666666666667
1.43333333333333
1.46666666666667
1.65
1.48333333333333
1.46666666666667
1.46666666666667
1.46666666666667
1.41666666666667
1.43333333333333
1.43333333333333
1.43333333333333
1.43333333333333
1.43333333333333
1.46666666666667
1.58333333333333
1.46666666666667
1.45
1.41666666666667
1.4
1.46666666666667
1.45
1.4
1.43333333333333
1.41666666666667
1.46666666666667
1.46666666666667
1.63333333333333
1.46666666666667
1.45
1.45
1.43333333333333
1.5
1.55
1.48333333333333
1.4
1.4
1.45
1.43333333333333
1.55
1.26666666666667
1.25
1.25
1.25
1.25
1.25
1.25
1.3
1.25
1.3
1.25
1.46666666666667
1.25
1.3
1.25
1.25
1.25
1.3
1.25
1.25
1.25
1.26666666666667
1.25
1.46666666666667
1.25
1.25
1.25
1.3
1.25
1.25
1.25
1.28333333333333
1.25
1.25
1.3
1.5
1.25
1.26666666666667
1.25
1.3
1.26666666666667
1.25
1.25
1.3
1.3
1.25
1.28333333333333
1.45
1.3
1.28333333333333
1.3
1.55
1.28333333333333
1.25
1.3
1.25
1.25
1.25
1.26666666666667
1.45
1.25
1.25
1.25
1.25
1.28333333333333
1.25
1.25
1.25
1.25
1.25
1.25
1.45
1.25
1.25
1.25
1.25
1.25
1.25
1.25
1.25
1.18333333333333
1.25
1.41666666666667
1.25
1.26666666666667
1.25
1.25
1.2
1.21666666666667
1.25
1.25
1.25
1.26666666666667
1.25
1.36666666666667
1.13333333333333
1.18333333333333
1.21666666666667
1.25
1.25
1.25
1.25
1.25
1.25
1.25
1.3
1.38333333333333
1.25
1.28333333333333
1.26666666666667
1.25
1.26666666666667
1.25
1.25
1.25
1.25
1.25
1.25
1.45
1.25
1.4
1.25
1.25
1.25
1.25
1.25
1.25
1.28333333333333
1.25
1.25
1.45
1.25
1.25
1.25
1.25
1.25
1.25
1.25
1.25
1.25
1.25
1.25
1.45
1.25
1.25
1.25
1.25
1.26666666666667
1.25
1.25
1.25
1.25
1.26666666666667
1.25
1.45
1.45
7.61666666666667
1.33333333333333
1.3
1.35
1.41666666666667
1.38333333333333
1.31666666666667
1.31666666666667
1.3
1.41666666666667
1.55
1.3
1.36666666666667
1.46666666666667
8.35
1.31666666666667
1.35
1.38333333333333
1.31666666666667
1.61666666666667
1.55
1.65
1.86666666666667
1.56666666666667
1.55
1.55
1.55
6.28333333333333
2.93333333333333
1.55
1.55
1.5
