1.8
1.75
1.75
1.75
1.81666666666667
1.75
1.78333333333333
1.76666666666667
1.78333333333333
1.76666666666667
1.71666666666667
2.03333333333333
1.76666666666667
1.75
1.75
1.75
1.73333333333333
1.75
1.73333333333333
1.75
1.76666666666667
1.76666666666667
1.73333333333333
2
1.8
1.7
1.75
1.7
1.75
1.75
1.76666666666667
1.76666666666667
1.76666666666667
1.78333333333333
1.76666666666667
2.13333333333333
1.8
1.76666666666667
1.75
1.75
1.76666666666667
1.78333333333333
1.76666666666667
1.78333333333333
1.71666666666667
1.76666666666667
1.71666666666667
2
1.81666666666667
1.93333333333333
1.91666666666667
1.75
1.76666666666667
1.75
1.76666666666667
1.76666666666667
1.76666666666667
1.78333333333333
1.75
2.01666666666667
1.8
1.78333333333333
1.73333333333333
1.73333333333333
1.75
1.73333333333333
1.75
1.75
1.75
1.75
2.01666666666667
1.81666666666667
1.75
1.8
1.75
1.75
1.76666666666667
1.73333333333333
1.75
1.75
1.71666666666667
1.7
2
1.78333333333333
1.75
1.75
1.75
1.75
1.75
1.75
1.75
1.75
1.75
2
1.78333333333333
1.78333333333333
1.75
1.76666666666667
1.75
1.76666666666667
1.73333333333333
1.76666666666667
1.75
1.75
1.71666666666667
2
1.93333333333333
1.76666666666667
1.75
1.73333333333333
1.75
1.75
1.71666666666667
1.7
1.75
1.75
1.73333333333333
2.05
1.8
1.75
1.78333333333333
1.75
1.75
1.75
1.78333333333333
1.8
1.76666666666667
1.76666666666667
1.75
2.03333333333333
1.78333333333333
1.75
1.88333333333333
1.75
1.75
1.76666666666667
1.76666666666667
1.8
1.75
1.78333333333333
1.75
2.05
1.81666666666667
1.75
1.75
1.76666666666667
1.75
1.75
1.76666666666667
1.73333333333333
1.8
1.8
1.75
2.05
1.81666666666667
1.83333333333333
1.83333333333333
1.71666666666667
1.73333333333333
1.73333333333333
1.75
1.75
1.76666666666667
1.8
1.76666666666667
2.01666666666667
1.8
1.73333333333333
1.75
1.78333333333333
2.33333333333333
1.80357142857143
1.8
1.8
1.78333333333333
1.73333333333333
1.75
2
5.43333333333333
1.8
1.8
1.81666666666667
1.8
1.76666666666667
1.73333333333333
1.76666666666667
1.6
1.73333333333333
1.75
2
1.8
1.71666666666667
1.78333333333333
1.73333333333333
1.76666666666667
1.73333333333333
1.8
1.78333333333333
1.75
1.75
1.78333333333333
2.03333333333333
1.81666666666667
1.73333333333333
1.75
1.75
1.76666666666667
1.8
1.8
1.78333333333333
1.8
1.73333333333333
1.8
2.05
1.85
1.78333333333333
1.76666666666667
1.76666666666667
1.75
1.75
1.75
1.75
1.75
1.76666666666667
1.75
2.01666666666667
1.8
1.78333333333333
1.78333333333333
1.75
1.76666666666667
1.75
1.78333333333333
1.75
1.75
1.75
1.8
2
1.85
1.76666666666667
1.76666666666667
1.75
1.76666666666667
1.78333333333333
1.76666666666667
1.75
1.75
1.78333333333333
1.78333333333333
2.05
1.78333333333333
1.78333333333333
1.76666666666667
1.76666666666667
1.75
1.76666666666667
1.78333333333333
1.8
1.75
1.75
1.75
2.01666666666667
1.8
1.76666666666667
1.8
1.73333333333333
1.76666666666667
1.75
1.73333333333333
1.75
1.78333333333333
1.73333333333333
1.76666666666667
1.98333333333333
1.76666666666667
1.75
1.78333333333333
1.76666666666667
1.76666666666667
1.71666666666667
1.75
1.76666666666667
1.75
1.76666666666667
1.78333333333333
2.01666666666667
1.8
1.78333333333333
