2.6
2.43333333333333
2.41666666666667
2.41666666666667
2.5
2.43333333333333
2.4
2.4
2.5
2.56666666666667
2.43333333333333
2.36666666666667
10.5833333333333
2.45
2.48333333333333
2.4
9.26666666666667
2.53333333333333
2.41666666666667
2.41666666666667
2.6
2.58333333333333
2.56666666666667
2.36666666666667
2.6
9.6
2.45
2.43333333333333
2.43333333333333
2.45
2.46666666666667
2.45
2.4
2.4
2.38333333333333
2.41666666666667
2.56666666666667
2.43333333333333
2.35
2.38333333333333
2.38333333333333
2.43333333333333
2.43333333333333
2.41666666666667
2.35
2.38333333333333
2.35
2.4
2.58333333333333
2.38333333333333
2.35
2.36666666666667
2.38333333333333
2.41666666666667
2.33333333333333
2.43333333333333
2.35
2.4
2.38333333333333
2.31666666666667
2.55
2.41666666666667
2.36666666666667
2.35
2.41666666666667
2.6
2.53333333333333
2.46666666666667
2.35
2.41666666666667
2.31666666666667
2.36666666666667
2.55
2.36666666666667
2.35
2.33333333333333
2.4
2.38333333333333
2.36666666666667
2.38333333333333
2.38333333333333
2.35
2.36666666666667
2.36666666666667
2.55
2.43333333333333
2.36666666666667
2.33333333333333
2.4
2.4
2.33333333333333
2.36666666666667
2.36666666666667
2.35
2.36666666666667
2.33333333333333
2.6
2.38333333333333
2.35
2.4
2.3
2.18333333333333
2.21666666666667
2.2
2.21666666666667
2.2
2.16666666666667
2.21666666666667
2.38333333333333
2.28333333333333
2.18333333333333
2.23333333333333
2.18333333333333
2.28333333333333
2.2
2.23333333333333
2.16666666666667
2.16666666666667
2.11666666666667
2.25
2.38333333333333
2.2
2.18333333333333
2.2
2.2
2.23333333333333
2.18333333333333
2.2
2.18333333333333
2.18333333333333
2.21666666666667
2.21666666666667
2.36666666666667
2.26666666666667
2.25
2.25
2.2
2.43333333333333
2.2
2.21666666666667
2.25
2.21666666666667
2.15
2.23333333333333
2.4
2.21666666666667
2.21666666666667
2.23333333333333
2.23333333333333
2.26666666666667
2.2
2.23333333333333
2.6
2.2
2.23333333333333
2.2
2.41666666666667
2.26666666666667
2.2
2.16666666666667
2.23333333333333
2.25
2.2
2.21666666666667
2.21666666666667
2.18333333333333
2.2
2.23333333333333
2.41666666666667
2.21666666666667
2.2
2.21666666666667
2.2
2.23333333333333
2.23333333333333
2.2
2.16666666666667
2.25
2.23333333333333
2.16666666666667
2.38333333333333
2.28333333333333
2.23333333333333
2.23333333333333
2.26666666666667
2.23333333333333
2.21666666666667
2.25
2.23333333333333
2.2
2.21666666666667
2.23333333333333
2.4
2.21666666666667
2.21666666666667
2.21666666666667
2.21666666666667
2.21666666666667
2.25
2.2
2.18333333333333
2.23333333333333
2.2
2.18333333333333
2.41666666666667
2.25
2.23333333333333
2.21666666666667
2.28333333333333
2.25
2.21666666666667
2.18333333333333
2.26666666666667
2.23333333333333
2.18333333333333
2.23333333333333
2.41666666666667
2.26666666666667
2.25
2.25
2.2
2.25
2.26666666666667
2.2
2.2
2.16666666666667
2.23333333333333
2.18333333333333
2.43333333333333
2.21666666666667
2.23333333333333
2.18333333333333
2.25
2.25
2.23333333333333
2.2
2.3
2.2
2.2
2.26666666666667
2.35
2.18333333333333
2.26666666666667
2.21666666666667
2.21666666666667
2.25
2.21666666666667
2.2
2.23333333333333
2.2
2.2
2.18333333333333
2.41666666666667
2.28333333333333
2.21666666666667
2.23333333333333
2.5
9.78333333333333
2.25
2.26666666666667
2.25
2.38333333333333
2.28333333333333
2.3
2.4
2.26666666666667
2.23333333333333
2.23333333333333
2.26666666666667
2.25
2.21666666666667
9.55
2.21666666666667
2.26666666666667
2.23333333333333
2.23333333333333
2.68333333333333
2.48333333333333
2.5
2.48333333333333
2.45
2.45
2.35
2.48333333333333
8.13333333333333
4.18333333333333
2.43333333333333
2.46666666666667
