8.06666666666667
18.2333333333333
4.91666666666667
6.45
11.2666666666667
4.66666666666667
3.55
4.13333333333333
5.51666666666667
4.26666666666667
7.71666666666667
17.1833333333333
3.3
19.15
12.2166666666667
6.61666666666667
7.26666666666667
3.96666666666667
8.21666666666667
8.66666666666667
3.68333333333333
2.63333333333333
13.8833333333333
4.85
3.98333333333333
3.88333333333333
3.55
3.48333333333333
4.11666666666667
5.66666666666667
5.38333333333333
6.73333333333333
4.8
4.1
5.61666666666667
3.43333333333333
3.35
3.03333333333333
2.88333333333333
3.6
3.4
3.91666666666667
2.18333333333333
3.875
2.25
2.28333333333333
2.3
2.16666666666667
2.03333333333333
1.98333333333333
2.1
2.11666666666667
2.11666666666667
2.16666666666667
2.15
2.08333333333333
2.06666666666667
2.1
2.01666666666667
1.93333333333333
1.91666666666667
1.91666666666667
1.9
1.91666666666667
1.93333333333333
1.9
2
1.85
1.88333333333333
1.85
1.85
1.85
1.88333333333333
1.75
1.76666666666667
1.78333333333333
1.85
1.8
1.78333333333333
1.71666666666667
1.68333333333333
1.7
1.7
1.7
1.66666666666667
1.7
1.65
1.66666666666667
1.66666666666667
1.65
1.73333333333333
5.06666666666667
1.93333333333333
1.83333333333333
1.7
1.76666666666667
1.8
1.78333333333333
1.7
1.6
1.63333333333333
1.56666666666667
1.66666666666667
1.6
1.66666666666667
1.63333333333333
3.63333333333333
2.61666666666667
1.58333333333333
1.6
1.6
1.63333333333333
1.65
1.63333333333333
1.68333333333333
1.7
1.7
1.78333333333333
1.78333333333333
1.66666666666667
1.66666666666667
1.66666666666667
1.63333333333333
1.66666666666667
1.7
1.75
1.9
6.11666666666667
1.91666666666667
1.9
1.8
1.78333333333333
1.8
1.78333333333333
1.86666666666667
1.83333333333333
1.85
1.78333333333333
1.83333333333333
2.13333333333333
2.13333333333333
1.98333333333333
1.9
3.13333333333333
2.18333333333333
2.26666666666667
2.1
2.11666666666667
2.03333333333333
1.9
2.01666666666667
2.1
2.11666666666667
2.03333333333333
2.06666666666667
2.03333333333333
2.03333333333333
2
2.06666666666667
1.96666666666667
2
1.93333333333333
2.06666666666667
2.11666666666667
1.95
1.95
1.95
1.93333333333333
1.91666666666667
1.93333333333333
1.88333333333333
1.73333333333333
1.66666666666667
1.8
1.73333333333333
1.91666666666667
1.91666666666667
1.9
1.91666666666667
2.06666666666667
1.9
1.91666666666667
1.91666666666667
1.9
1.81666666666667
1.93333333333333
5.53333333333333
2.45
2.3
2.26666666666667
1.98333333333333
1.86666666666667
1.8
1.81666666666667
1.76666666666667
1.85
2.03333333333333
2.75
2.75
1.96666666666667
1.51666666666667
3.5
3.16666666666667
10.3833333333333
7.85
2.83333333333333
2
2.26666666666667
1.63333333333333
1.68333333333333
3.35
10.9333333333333
1.9
2.33333333333333
13.95
11.6333333333333
10.55
15.1
14.05
2.36666666666667
2.2
4.31666666666667
3
2.2
2.43333333333333
1.85
2.51666666666667
2.15
8.86666666666667
6.95
5.75
4.5
5.15
4.55
5.73333333333333
9.5
6.96666666666667
11.2166666666667
2.2
2.41666666666667
2.44642857142857
2.6
2.25
8.88333333333333
6.9
5.08333333333333
3.93333333333333
4.28333333333333
3.1
8.55
2.75
3.53333333333333
3.93333333333333
2.8
2.55
2.6
2.33333333333333
2.83333333333333
3.93333333333333
10.9772727272727
10.4166666666667
3.18333333333333
5.98333333333333
4.45
5.76666666666667
10.9
7.86666666666667
2.75
7.81666666666667
3.55
2.85
6.96666666666667
10.8
6.21666666666667
5.15
3.73333333333333
2.65
11.6833333333333
4.36666666666667
8.06666666666667
4.55
7.81666666666667
6.56666666666667
10.65
8.56666666666667
7.48333333333333
4.91666666666667
4.45
