2.76666666666667
2.76666666666667
2.71666666666667
2.71666666666667
2.98333333333333
2.85
2.78333333333333
2.76666666666667
2.96666666666667
2.73333333333333
2.8
2.8
2.88333333333333
2.85
2.73333333333333
2.71666666666667
2.75
2.86666666666667
2.78333333333333
2.73333333333333
2.98333333333333
2.75
2.68333333333333
2.66666666666667
2.63333333333333
3.38333333333333
2.8
2.83333333333333
3.1
2.9
2.8
2.93333333333333
3.03333333333333
2.78333333333333
2.78333333333333
2.81666666666667
2.8
2.8
2.76666666666667
2.75
2.76666666666667
2.96666666666667
2.78333333333333
2.78333333333333
3
2.8
2.8
2.8
2.78333333333333
3.21666666666667
2.8
2.8
2.8
3.03333333333333
2.83333333333333
2.85
2.98333333333333
2.78333333333333
2.8
2.8
2.8
2.8
2.81666666666667
2.8
2.78333333333333
3.1
2.76666666666667
2.81666666666667
3
2.78333333333333
2.8
2.8
2.81666666666667
2.81666666666667
2.76666666666667
2.76666666666667
8.33333333333333
5.95
2.96666666666667
2.86666666666667
3.1
2.93333333333333
3.63333333333333
3.01666666666667
2.95
3
2.95
2.98333333333333
3.05
3.08333333333333
2.96666666666667
3.03333333333333
3.16666666666667
2.91666666666667
3.03333333333333
2.95
2.86666666666667
2.88333333333333
2.8
2.9
2.96666666666667
2.83333333333333
2.76666666666667
2.91666666666667
2.93333333333333
2.7
2.76666666666667
2.73333333333333
3.16666666666667
2.75
2.76666666666667
2.76666666666667
2.88333333333333
2.9
2.75
2.78333333333333
2.95
2.76666666666667
2.75
2.75
2.76666666666667
2.8
2.73333333333333
2.76666666666667
3.45
4.7
2.73333333333333
2.75
2.91666666666667
2.78333333333333
3.16666666666667
2.76666666666667
2.75
2.75
2.68333333333333
2.66666666666667
4.1
3.91666666666667
3.48333333333333
3.01666666666667
5.78333333333333
17.2166666666667
17.2333333333333
16.1666666666667
4.45
3.2
2.75
2.76666666666667
4.28333333333333
3.8
2.75
2.8
3.3
2.75
2.78333333333333
2.73333333333333
2.75
2.71666666666667
2.65
2.73333333333333
2.81666666666667
2.85
2.75
2.68333333333333
2.91666666666667
2.73333333333333
2.75
2.68333333333333
2.73333333333333
2.71666666666667
2.71666666666667
2.75
2.75
2.86666666666667
2.73333333333333
2.75
2.93333333333333
2.7
2.68333333333333
2.7
2.73333333333333
2.73333333333333
2.7
2.73333333333333
2.75
2.81666666666667
2.75
2.71666666666667
2.91666666666667
2.73333333333333
2.7
2.8
2.73333333333333
2.75
2.7
2.6
2.66666666666667
2.86666666666667
2.8
2.7
2.93333333333333
2.68333333333333
2.8
2.71666666666667
2.68333333333333
2.71666666666667
2.71666666666667
2.66666666666667
2.75
2.85
2.68333333333333
2.65
2.86666666666667
2.7
2.71666666666667
2.75
2.68333333333333
2.7
2.75
2.68333333333333
2.73333333333333
2.93333333333333
2.71666666666667
2.7
2.93333333333333
2.65
2.66666666666667
2.66666666666667
2.65
2.7
2.65
2.55
2.71666666666667
2.55
2.55
2.58333333333333
2.75
2.55
2.55
2.55
2.55
3.05
2.71666666666667
2.58333333333333
2.7
2.6
2.55
2.55
2.75
2.55
2.55
2.55
2.58333333333333
2.55
2.56666666666667
2.55
2.7
2.6
2.55
2.61666666666667
2.75
2.68333333333333
2.66666666666667
2.63333333333333
2.78333333333333
2.7
2.65
2.6
2.73333333333333
2.73333333333333
2.65
2.86666666666667
2.83333333333333
2.58333333333333
2.63333333333333
2.61666666666667
2.76666666666667
2.8
2.85
2.86666666666667
2.86666666666667
2.73333333333333
2.76666666666667
2.9
3.13333333333333
2.85
2.8
2.85
