1.65
1.66666666666667
1.68333333333333
1.64166666666667
1.76666666666667
1.68333333333333
1.66666666666667
1.65
1.69166666666667
1.65
1.68333333333333
1.64166666666667
1.70833333333333
1.65
1.68333333333333
1.65
1.8
1.675
1.65833333333333
1.65833333333333
1.69166666666667
1.66666666666667
1.68333333333333
1.66666666666667
1.65833333333333
1.70833333333333
1.66666666666667
1.65833333333333
1.73333333333333
1.69166666666667
1.65
1.675
1.65
1.69166666666667
1.64166666666667
1.68333333333333
1.65
1.65
1.675
1.675
1.75833333333333
1.675
1.675
1.65833333333333
1.675
1.65833333333333
1.68333333333333
1.65
1.69166666666667
1.65833333333333
1.7
1.65
1.75833333333333
1.65178571428571
1.675
1.66666666666667
1.68333333333333
1.65833333333333
1.68333333333333
1.69166666666667
1.66666666666667
1.675
1.68333333333333
1.675
1.75
1.68333333333333
1.65
1.68333333333333
1.675
1.69166666666667
1.65
1.68333333333333
1.68333333333333
1.68333333333333
1.675
1.66666666666667
1.84821428571429
1.93333333333333
1.75
1.83333333333333
1.68333333333333
1.83035714285714
1.69166666666667
1.88333333333333
1.68333333333333
1.91666666666667
1.70833333333333
1.925
1.76666666666667
1.95833333333333
1.7
1.97321428571429
1.66666666666667
1.93333333333333
1.66666666666667
1.93333333333333
1.64166666666667
1.95
1.69166666666667
1.91666666666667
1.70833333333333
1.60833333333333
1.55
1.6
1.55
1.59166666666667
1.55833333333333
1.58333333333333
1.6
1.6
1.6
1.58333333333333
1.65833333333333
1.575
1.575
1.60833333333333
1.59166666666667
1.55833333333333
1.60833333333333
1.59166666666667
1.6
1.625
1.7
1.59166666666667
1.68333333333333
1.58333333333333
1.575
1.56666666666667
1.59166666666667
1.56666666666667
1.61666666666667
1.58333333333333
1.59166666666667
1.6
1.625
1.61666666666667
1.65833333333333
1.625
1.61666666666667
1.625
1.61666666666667
1.625
1.60833333333333
1.625
1.55
1.59166666666667
1.60833333333333
1.56666666666667
1.66666666666667
1.79166666666667
1.60833333333333
1.575
1.625
1.575
1.61666666666667
1.59166666666667
1.58333333333333
1.60833333333333
1.65
1.58333333333333
1.675
1.60833333333333
1.6
1.56666666666667
1.575
1.575
1.58333333333333
1.575
1.575
1.58333333333333
1.6
1.59166666666667
1.6875
1.60833333333333
1.55833333333333
1.61666666666667
1.61666666666667
1.59166666666667
1.575
1.58333333333333
1.56666666666667
1.59166666666667
1.60833333333333
1.60833333333333
1.65
1.60833333333333
1.65
1.68333333333333
1.66666666666667
1.56666666666667
1.60833333333333
1.60833333333333
1.61666666666667
1.58333333333333
1.65
1.58333333333333
1.71666666666667
1.60833333333333
1.575
1.58333333333333
1.61666666666667
1.58333333333333
1.61607142857143
1.60714285714286
1.58333333333333
1.58333333333333
1.6
1.575
1.68333333333333
1.61666666666667
1.575
1.58333333333333
1.6
1.61666666666667
1.54166666666667
1.61666666666667
1.55833333333333
1.59166666666667
1.60833333333333
1.59166666666667
1.65833333333333
1.625
1.63333333333333
1.58928571428571
1.63333333333333
1.54166666666667
1.65
1.625
1.65
1.6
1.65833333333333
1.575
1.70833333333333
1.59166666666667
1.61666666666667
1.6
1.625
1.60833333333333
1.625
1.59821428571429
1.6
1.60833333333333
1.61666666666667
1.6
1.675
1.65833333333333
1.60833333333333
1.61607142857143
1.60833333333333
1.625
1.60833333333333
1.60833333333333
1.55833333333333
1.6
1.625
1.625
1.71666666666667
1.65
1.60833333333333
1.5625
1.60833333333333
1.6
1.625
1.59166666666667
1.60714285714286
1.6
1.65833333333333
1.625
1.725
1.625
1.64166666666667
1.64285714285714
1.625
1.55
1.6
1.58035714285714
1.95
1.65
2.06666666666667
1.8
2.03333333333333
1.69166666666667
1.91666666666667
1.675
1.96666666666667
1.675
1.65
1.94642857142857
