1.9
1.9
1.9
1.9
1.7
2.3
1.66666666666667
1.86666666666667
2
2.1
1.93333333333333
2
1.53333333333333
1.96666666666667
1.73333333333333
1.6
1.43333333333333
1.83333333333333
1.6
1.43333333333333
1.63333333333333
1.63333333333333
1.36666666666667
2.03333333333333
1.26666666666667
1.33333333333333
1.76666666666667
1.83333333333333
1.76666666666667
2.3
1.73333333333333
1.83333333333333
1.7
1.86666666666667
1.26666666666667
1.83333333333333
4.33333333333333
1.33333333333333
0.966666666666667
1.03333333333333
0.966666666666667
1.46666666666667
0.9
1.1
0.966666666666667
1.06666666666667
0.9
1.26666666666667
0.933333333333333
1.13333333333333
0.933333333333333
1
0.9
1.5
0.933333333333333
1.03333333333333
0.966666666666667
1
0.933333333333333
1.16666666666667
0.933333333333333
1.16666666666667
0.9
0.966666666666667
0.933333333333333
1.46666666666667
0.933333333333333
1.06666666666667
1
0.966666666666667
0.933333333333333
1.16666666666667
0.9
1.13333333333333
0.833333333333333
0.933333333333333
4.33333333333333
4.7
1.06666666666667
1.86666666666667
1.06666666666667
1.1
0.933333333333333
1.2
0.866666666666667
1.23333333333333
1.06666666666667
1.13333333333333
0.966666666666667
1.56666666666667
0.966666666666667
4.33333333333333
1.26666666666667
1.26666666666667
1
1.3
1
1.2
1.03333333333333
1.26666666666667
1.1
1.56666666666667
1.03333333333333
1.3
1.06666666666667
2.03846153846154
1.8
2.23333333333333
1.96666666666667
2.16666666666667
2.03333333333333
2.16666666666667
1.96666666666667
2.8
2.06666666666667
2.3
2.1
2.26666666666667
2.06666666666667
2.33333333333333
2.83333333333333
1.33333333333333
1.2
1.3
1.1
1.76666666666667
1.1
1.26666666666667
1.23333333333333
1.23333333333333
1.16666666666667
1.36666666666667
1.16666666666667
1.33333333333333
1.3
1.23333333333333
1.16666666666667
1.63333333333333
1.13333333333333
1.23333333333333
1.26666666666667
1.2
1.23333333333333
1.26666666666667
1.26666666666667
1.2
1.33333333333333
1.2
1.9
1.53333333333333
1.23333333333333
1.23333333333333
1.33333333333333
1.33333333333333
1.23333333333333
1.4
1.26666666666667
1.2
1.4
1.1
1.3
1.5
1.3
1.1
1.4
1.1
1.26666666666667
1.26666666666667
1.3
1.13333333333333
1.36666666666667
1.13333333333333
1.3
1.46666666666667
1.26666666666667
1.16666666666667
1.4
1.13333333333333
1.26666666666667
1.3
1.3
1.16666666666667
1.43333333333333
1.13333333333333
1.36666666666667
1.4
1.33333333333333
1.1
1.36666666666667
1.06666666666667
1.23333333333333
1.3
1.23333333333333
1.16666666666667
1.4
1.1
1.36666666666667
1.4
1.23333333333333
1.06666666666667
1.4
1.06666666666667
1.23333333333333
1.26666666666667
1.26666666666667
1.13333333333333
1.33333333333333
1.03333333333333
1.26666666666667
1.4
1.3
1.1
1.36666666666667
1.06666666666667
1.3
1.33333333333333
1.3
1.2
1.4
1.06666666666667
1.3
1.36666666666667
1.33333333333333
1.06666666666667
1.4
1.1
1.26666666666667
1.3
1.26666666666667
1.13333333333333
1.4
1.1
1.33333333333333
1.33333333333333
1.26666666666667
1.06666666666667
1.36666666666667
1.06666666666667
1.26666666666667
1.26666666666667
1.3
1.63333333333333
1.3
1
1.33333333333333
1.26666666666667
1.13333333333333
1
1.23333333333333
0.9
1.06666666666667
0.966666666666667
0.966666666666667
1
1.13333333333333
1
1.26666666666667
1.26666666666667
1.16666666666667
1
1.06666666666667
0.833333333333333
1.13333333333333
0.966666666666667
0.933333333333333
1.06666666666667
1.26666666666667
0.833333333333333
1.1
1.26666666666667
1
0.933333333333333
1.23333333333333
1
1.2
1.16666666666667
1.36666666666667
4.63333333333333
2.03333333333333
1.66666666666667
2.23333333333333
2.23333333333333
1.8
1.6
1.76666666666667
1.5
1.7
1.6
