2.37083333333333
2.46041666666667
2.40625
2.425
2.40833333333333
2.45416666666667
2.41875
2.4
2.45
2.4
2.38958333333333
2.45416666666667
2.40625
2.37708333333333
2.36875
2.4
2.40416666666667
2.425
2.4
2.41458333333333
2.37291666666667
2.3625
2.37708333333333
2.4125
2.41666666666667
2.41041666666667
2.39375
2.35416666666667
2.33541666666667
2.41875
2.37916666666667
2.41041666666667
2.37916666666667
2.4
2.36875
2.36666666666667
2.38541666666667
2.42708333333333
2.41666666666667
2.41875
2.37916666666667
2.3875
2.30833333333333
2.40208333333333
2.38333333333333
2.39166666666667
2.37916666666667
2.41666666666667
2.38541666666667
2.35833333333333
2.36875
2.40833333333333
2.38333333333333
2.40416666666667
2.38125
2.40208333333333
2.3875
2.40208333333333
2.38541666666667
2.39583333333333
2.38333333333333
2.39583333333333
2.38541666666667
2.375
2.33541666666667
2.3875
2.38125
2.37916666666667
2.375
2.3875
2.3875
2.32083333333333
2.37083333333333
2.38541666666667
2.4125
2.41666666666667
2.40416666666667
2.39375
2.31041666666667
2.38958333333333
2.3875
2.39583333333333
2.37708333333333
2.37291666666667
2.375
2.37083333333333
2.36041666666667
2.3625
2.32291666666667
2.37916666666667
2.35208333333333
2.375
2.31458333333333
2.37291666666667
2.36458333333333
2.39166666666667
2.32291666666667
2.34375
2.3625
2.35833333333333
2.30416666666667
2.32083333333333
2.28333333333333
2.3125
2.26666666666667
2.29166666666667
2.29791666666667
2.35416666666667
2.275
2.30416666666667
2.31458333333333
2.31041666666667
2.29583333333333
2.30208333333333
2.28125
2.29375
2.29791666666667
2.29583333333333
2.29166666666667
2.30625
2.30208333333333
2.29583333333333
2.30625
2.30416666666667
2.28125
2.29791666666667
2.29375
2.29583333333333
2.29166666666667
2.3125
2.28541666666667
2.31458333333333
2.30625
2.3125
2.30833333333333
2.30625
2.26458333333333
2.31041666666667
2.2875
2.29166666666667
2.275
2.30208333333333
2.27916666666667
2.3125
2.26458333333333
2.31041666666667
2.30208333333333
2.31041666666667
2.28333333333333
2.29583333333333
2.29791666666667
2.31041666666667
2.30833333333333
2.32291666666667
2.2875
2.30833333333333
2.29375
2.3
2.3
2.30416666666667
2.3
2.31458333333333
2.275
2.29583333333333
2.3
2.31458333333333
2.29375
2.2875
2.29791666666667
2.30833333333333
2.3125
2.3
2.30416666666667
2.30833333333333
2.28541666666667
2.3
2.27916666666667
2.28958333333333
2.28541666666667
2.3125
2.26875
2.29375
2.29791666666667
2.3
2.28125
2.30833333333333
2.28333333333333
2.30416666666667
2.28125
2.29583333333333
2.29583333333333
2.34375
2.30833333333333
2.30208333333333
2.29375
2.29583333333333
2.27916666666667
2.29791666666667
2.275
2.30625
2.28958333333333
2.29791666666667
2.36666666666667
2.28958333333333
2.29375
2.31458333333333
2.31041666666667
2.31875
2.29375
2.32083333333333
2.29791666666667
2.31041666666667
2.3125
2.32083333333333
2.3
2.30208333333333
2.29166666666667
2.32708333333333
2.50416666666667
2.49375
2.44791666666667
2.40833333333333
2.39583333333333
2.40833333333333
2.40208333333333
2.40833333333333
2.45625
2.43333333333333
2.41458333333333
2.42916666666667
2.41458333333333
2.41666666666667
2.40208333333333
2.4125
2.37916666666667
2.39791666666667
2.39375
2.42916666666667
2.3875
2.41458333333333
2.39583333333333
2.41041666666667
2.41458333333333
2.4125
2.38958333333333
2.42291666666667
2.40625
2.41458333333333
2.4
2.42291666666667
2.41458333333333
2.42291666666667
2.39166666666667
2.41041666666667
2.43541666666667
2.45
2.48541666666667
2.42708333333333
2.40625
2.41666666666667
2.40416666666667
2.40625
2.41666666666667
2.40625
2.4125
2.4125
2.41875
2.39791666666667
2.43333333333333
2.46458333333333
2.44583333333333
2.45625
2.425
2.42708333333333
2.40625
2.40208333333333
2.475
2.49583333333333
2.48958333333333
2.46875
2.47916666666667
2.54583333333333
2.49583333333333
2.49166666666667
2.47083333333333
2.46458333333333
2.46041666666667
2.48541666666667
