0
0
0
0
0
0
0
0
0
0
0
0
0
4.73333333333333
1.13333333333333
1.06666666666667
1
1
1.06666666666667
1.06666666666667
1
1
1
1
1
1
1
1
1
1
1
1
1
1.73333333333333
4.73333333333333
5.06666666666667
4.8
5
5
4.66666666666667
5
4.8
5
4.6
4.53333333333333
5
5
4.73333333333333
4.8
5.06666666666667
5
4.73333333333333
5
4.73333333333333
4.46666666666667
5
4.46666666666667
4.86666666666667
4.93333333333333
5
5.06666666666667
5.2
4.86666666666667
5
5
4.86666666666667
4.8
5
4.8
4.8
4.4
4.33333333333333
4.4
4.53333333333333
4.33333333333333
5
5
5.2
4.8
5
5
4.93333333333333
4.33333333333333
4.53333333333333
5
4.8
4.66666666666667
4.73333333333333
5.06666666666667
5.2
4.6
3.93333333333333
4.4
4.4
4.53333333333333
5.06666666666667
4.6
5
4.73333333333333
4.8
4.66666666666667
5.13333333333333
4.93333333333333
4.73333333333333
5.06666666666667
5.13333333333333
5
5.2
5
4.8
4.8
4.93333333333333
5.06666666666667
5.06666666666667
5.13333333333333
5.26666666666667
5.13333333333333
5
5
5.2
5.4
5.4
5
5.13333333333333
5.06666666666667
5.2
5.2
4.93333333333333
5
5
4.86666666666667
5.06666666666667
4.93333333333333
5.13333333333333
4.6
4.8
4.73333333333333
4.53333333333333
4.13333333333333
4.2
5.06666666666667
5
5.4
4.73333333333333
4.53333333333333
4.66666666666667
4.73333333333333
5
4.4
5
4.33333333333333
4.66666666666667
4.46666666666667
4.86666666666667
4.26666666666667
4.46666666666667
5.2
5.6
5.33333333333333
5.4
5.33333333333333
5.33333333333333
5.06666666666667
4.86666666666667
4.73333333333333
5.26666666666667
5.13333333333333
5.2
5.13333333333333
5
5
4.86666666666667
5.2
5.2
5.13333333333333
5.4
5.13333333333333
5.2
5.26666666666667
5
5.06666666666667
5
5.26666666666667
5.2
5.13333333333333
5
4.86666666666667
5.06666666666667
5.46666666666667
5.2
5.33333333333333
5.13333333333333
4.93333333333333
5
4.86666666666667
5.06666666666667
4.93333333333333
5.06666666666667
5.2
5.46666666666667
5.26666666666667
5.13333333333333
5.33333333333333
5.26666666666667
5.26666666666667
5.13333333333333
5.2
5
5
5.2
5.2
4.93333333333333
5
5
5.06666666666667
5.33333333333333
5
4.93333333333333
5
5
5.26666666666667
5
5
5.2
5.06666666666667
5.13333333333333
5.13333333333333
5.26666666666667
5.2
5.86666666666667
10
6.26666666666667
5.2
5.26666666666667
5.2
5
5.2
5.06666666666667
5.26666666666667
5.66666666666667
5.2
5.13333333333333
9.46666666666667
5.6
5.2
5
5
5.2
4.86666666666667
5.26666666666667
5.4
5.2
5
5.2
8.73333333333333
7.13333333333333
5.4
5.2
5
5
5.26666666666667
5.33333333333333
5.2
5.2
5.33333333333333
5.6
10.0666666666667
5.86666666666667
5.2
5.06666666666667
5.2
5.4
5.2
5.33333333333333
5.2
5.4
5.2
5.26666666666667
10.2666666666667
5.86666666666667
5.8
5.2
5.26666666666667
5.53333333333333
5.13333333333333
5.2
5.33333333333333
5.2
