1.53333333333333
1.53333333333333
1.53333333333333
1.56666666666667
1.56666666666667
1.6
1.56666666666667
1.5
1.56666666666667
1.53333333333333
1.83333333333333
1.5
1.56666666666667
1.53333333333333
1.53333333333333
1.5
1.5
1.6
1.7
1.56666666666667
1.56666666666667
1.56666666666667
1.8
1.5
1.5
1.56666666666667
1.5
1.56666666666667
1.56666666666667
1.56666666666667
1.56666666666667
1.53333333333333
1.5
1.5
1.9
1.56666666666667
1.56666666666667
1.53333333333333
1.5
1.5
1.5
1.7
1.56666666666667
1.86666666666667
1.6
1.5
1.83333333333333
1.53333333333333
1.5
1.5
1.56666666666667
1.53333333333333
1.56666666666667
1.6
1.6
1.5
1.5
1.56666666666667
1.9
1.56666666666667
1.56666666666667
1.5
1.56666666666667
1.53333333333333
1.53333333333333
1.56666666666667
1.5
1.5
1.56666666666667
1.6
1.9
1.53333333333333
1.53333333333333
1.53333333333333
1.5
1.5
1.53333333333333
1.63333333333333
1.53333333333333
1.56666666666667
1.6
1.53333333333333
1.8
1.53333333333333
1.5
1.56666666666667
1.5
1.5
1.53333333333333
1.56666666666667
1.5
1.7
1.6
1.56666666666667
1.9
1.6
1.6
1.56666666666667
1.6
1.56666666666667
1.36666666666667
1.23333333333333
1
1.2
1
1.2
1.33333333333333
1.2
1
1.2
1
1.2
1
1.23333333333333
1
1.2
1
1.2
1.36666666666667
1.2
1
1.2
1
1.2
1
1.23333333333333
1.03333333333333
1.2
1
1.2
1.4
1.2
1
1.2
1.1
1.2
1.1
1.23333333333333
1.1
1.2
1.1
1.2
1.5
1.2
1.1
1.2
1.1
1.2
2.46666666666667
2.33333333333333
1.1
1.2
1.1
1.8
1.5
1.2
1.1
1.2
1.1
1.2
1.1
1.2
1.1
1.2
1.1
1.2
1.43333333333333
1.2
1.1
1.2
1.1
1.2
1.1
1.2
1.1
1.2
1.1
1.16666666666667
1.5
1.2
1.1
1.2
1.1
1.2
1.1
1.2
1.06666666666667
1.16666666666667
1.1
1.16666666666667
1.5
1.16666666666667
1.1
1.13333333333333
1.1
1.13333333333333
1.1
1.2
1.16666666666667
1.13333333333333
1.1
1.1
1.46666666666667
1.1
1.1
1.13333333333333
1.1
1.13333333333333
1.1
1.5
1.2
1.1
1.1
1.1
1.4
1.1
1.1
1.13333333333333
1.1
1.13333333333333
1.1
1.2
1.1
1.16666666666667
1.1
1.16666666666667
1.4
1.16666666666667
1.1
1.16666666666667
1.1
1.2
1.1
1.23333333333333
1.13333333333333
1.2
1.06666666666667
1.2
1.4
1.2
1.1
1.2
1.1
1.2
1.1
1.23333333333333
1.1
1.2
1.1
1.2
1.53333333333333
1.2
1.16666666666667
1.2
1.1
1.2
1.1
1.23333333333333
1.1
1.2
1.1
1.2
1.46666666666667
1.2
1.1
1.2
1.1
1.2
1.1
1.23333333333333
1.1
1.2
1.1
1.2
1.5
1.2
1.43333333333333
1.56666666666667
1.53333333333333
1.53333333333333
1.53333333333333
1.6
1.56666666666667
1.56666666666667
1.5
1.53333333333333
1.83333333333333
1.53333333333333
