4.26666666666667
4.13333333333333
3.53333333333333
3.8
3.63333333333333
3.5
3.86666666666667
3.46666666666667
3.5
4.8
4.1
4.33333333333333
3.5
7.26666666666667
3.5
3.5
3.5
3.53333333333333
5.625
3.56666666666667
3.5
4.3
3.7
5.875
3.9
4.53333333333333
4.53333333333333
4.86666666666667
6.125
4.13333333333333
3.7
3.6
3.5
4.73333333333333
3.66666666666667
3.5
3.5
4
3.63333333333333
3.6
3.5
3.56666666666667
3.6
4.46666666666667
3.5
11.5
3.66666666666667
3.53333333333333
3.53333333333333
3.9
3.6
3.56666666666667
3.5
4.46666666666667
3.6
3.4
3.23333333333333
4.46666666666667
4.03333333333333
3.16666666666667
3.5
7.26666666666667
3.56666666666667
4.43333333333333
3.36666666666667
3.53333333333333
3.5
3.43333333333333
3.5
3.83333333333333
3.66666666666667
3.5
4.5
5.46666666666667
4.1
4
4
4.06666666666667
4
4
5.75
4.46666666666667
4.13333333333333
3.9
3.9
5
5.3
5.56666666666667
5.66666666666667
5.5
5.53333333333333
6.625
4.53333333333333
4.83333333333333
5.9
4.76666666666667
4.03333333333333
4.76666666666667
4.53333333333333
4.33333333333333
4
4.13333333333333
4.5
4.06666666666667
4.9
4.36666666666667
6.5
4.3
4.36666666666667
5.1
4.33333333333333
4.6
4.16666666666667
4.6
4.5
4.1
3.83333333333333
4.2
4.3
4
4.06666666666667
4.6
4.16666666666667
4
4.4
4.56666666666667
4
4.1
4.1
4.7
4.26666666666667
4.33333333333333
4.36666666666667
4.7
4.2
4.3
5.2
4.23333333333333
4.2
4.13333333333333
4.3
4.83333333333333
4.76666666666667
4.5
4.5
5
5
5.3
4.6
4.46666666666667
4.1
4.4
4.4
4.63333333333333
4.76666666666667
4.53333333333333
4.96666666666667
5.06666666666667
4.86666666666667
6.46666666666667
5.73333333333333
4.4
4.43333333333333
4.2
4.33333333333333
4.83333333333333
4.4
4.13333333333333
4.9
5.26666666666667
4.3
4.53333333333333
4.26666666666667
4.13333333333333
4
5.83333333333333
4.03333333333333
4.46666666666667
4.16666666666667
4.03333333333333
5.1
4.66666666666667
5.875
5.875
4.43333333333333
4
4
4.1
3.7
4.73333333333333
4.83333333333333
4.06666666666667
4.03333333333333
4.53333333333333
4.03333333333333
5.5
3.5
3.5
3.56666666666667
4.16666666666667
4.03333333333333
4
4.3
3.73333333333333
3.76666666666667
4.03333333333333
3.73333333333333
3.8
3.5
3.5
4.66666666666667
6.16666666666667
4.16666666666667
4.1
6.5
3.86666666666667
7.6
7.7
6.66666666666667
7.33333333333333
8.23333333333333
7.5
6.66666666666667
8.5
5.56666666666667
6
5.7
5.6
5.56666666666667
6
6.53333333333333
5.76666666666667
5.5
6.33333333333333
6.13333333333333
5.9
5.96666666666667
7.26666666666667
6.26666666666667
9.53333333333333
6.56666666666667
9.33333333333333
7.16666666666667
6.9
6.8
6.8
6.86666666666667
9
6.23333333333333
9.9
6.4
6.4
6.76666666666667
6.46666666666667
6
6.2
6
6.2
6.2
6.83333333333333
6.38461538461538
6
6.1
7.7
5.83333333333333
6.2
6.23333333333333
6.73333333333333
6.6
6.1
5.93333333333333
5.63333333333333
6
7.16666666666667
5.7
5.56666666666667
5.93333333333333
7.83333333333333
16.5
4
3.36666666666667
3
3
4.03333333333333
3.26666666666667
3.1
3.2
3.16666666666667
