1.51666666666667
1.5
1.51666666666667
1.5
1.75
1.5
1.51666666666667
1.5
1.51666666666667
1.86666666666667
1.85
1.5
1.53333333333333
1.5
1.55
1.5
1.78333333333333
1.5
1.5
1.5
1.53333333333333
1.5
1.53333333333333
1.5
1.55
1.5
1.5
1.5
1.76666666666667
1.5
1.51666666666667
1.5
1.51666666666667
1.5
1.5
1.5
1.53333333333333
1.5
1.5
1.5
1.86666666666667
1.5
1.63333333333333
1.5
1.53333333333333
1.5
1.5
1.5
3.3
1.5
1.53333333333333
1.5
1.83333333333333
1.5
1.51666666666667
1.5
1.53333333333333
1.5
1.61666666666667
1.5
1.58333333333333
1.5
1.5
1.5
1.76666666666667
1.5
1.5
1.5
2.08333333333333
2.41666666666667
5.23333333333333
1.5
1.51666666666667
1.5
1.51666666666667
1.5
1.76666666666667
1.5
1.61666666666667
1.5
1.53333333333333
1.5
1.51666666666667
1.5
1.53333333333333
1.5
1.5
1.51666666666667
1.81666666666667
1.5
1.51666666666667
1.55
1.53333333333333
1.5
1.51666666666667
1.5
1.51666666666667
1.5
1.51666666666667
1.5
1.76666666666667
1.5
1.51666666666667
1.5
1.51666666666667
1.5
1.56666666666667
1.51666666666667
1.71666666666667
1.5
1.5
1.58333333333333
2.03333333333333
1.58333333333333
1.6
1.51666666666667
1.53333333333333
1.5
1.53333333333333
1.53333333333333
1.51666666666667
1.5
1.5
1.75
2.03333333333333
1.7
1.66666666666667
1.68333333333333
1.76666666666667
1.71666666666667
1.73333333333333
1.75
1.78333333333333
1.76666666666667
1.8
1.66666666666667
1.85
1.53333333333333
1.51666666666667
1.53333333333333
1.55
1.53333333333333
1.55
1.65
1.6
1.63333333333333
1.6
1.65
1.96666666666667
1.55
1.6
1.73333333333333
1.56666666666667
1.51666666666667
1.53333333333333
1.55
1.68333333333333
1.55
1.55
1.55
1.86666666666667
1.75
1.53333333333333
1.53333333333333
1.55
1.55
1.55
1.55
1.55
1.55
1.7
1.55
2.1
1.55
1.55
1.5
1.51666666666667
4.41666666666667
1.55
1.53333333333333
1.56666666666667
1.55
1.53333333333333
1.5
1.86666666666667
1.65
1.55
1.55
1.55
1.53333333333333
1.58333333333333
1.6
1.6
1.65
1.65
1.63333333333333
1.86666666666667
1.66666666666667
1.66666666666667
2.21153846153846
1.71666666666667
1.71666666666667
1.58333333333333
1.55
1.6
1.5
1.6
1.56666666666667
1.81666666666667
1.55
1.55
1.55
1.6
1.5
1.55
1.55
1.86666666666667
1.6
1.56666666666667
1.55
1.85
1.5
1.56666666666667
1.68333333333333
1.56666666666667
1.55
1.55
1.53333333333333
1.56666666666667
1.55
1.55
1.53333333333333
1.85
1.55
1.55
1.5
1.61666666666667
1.55
1.55
1.55
1.6
1.51666666666667
1.55
1.55
1.8
1.55
1.53333333333333
1.55
1.58333333333333
1.5
1.55
1.55
1.6
1.55
1.55
1.55
1.8
1.51666666666667
1.53333333333333
1.55
1.55
1.55
1.55
1.51666666666667
1.58333333333333
1.55
1.55
1.55
1.8
1.51666666666667
1.53333333333333
1.55
1.58333333333333
1.55
1.55
1.55
1.6
1.5
1.55
1.55
1.8
1.55
1.55
1.55
1.53333333333333
1.53333333333333
1.53333333333333
1.55
