1.6
1.7
1.66666666666667
1.6
1.6
1.73333333333333
1.6
1.53333333333333
2.16666666666667
1.6
1.6
1.6
1.6
1.63333333333333
1.63333333333333
1.56666666666667
1.56666666666667
1.6
1.63333333333333
1.6
2.06666666666667
1.6
1.56666666666667
1.5
1.6
1.6
1.6
1.6
1.6
1.8
1.56666666666667
1.53333333333333
1.96666666666667
1.6
1.63333333333333
1.6
1.6
1.6
1.8
1.53333333333333
1.56666666666667
1.6
1.6
1.6
2.03333333333333
1.6
1.6
1.7
1.53333333333333
1.53333333333333
1.63333333333333
1.6
1.6
1.73333333333333
1.6
1.6
2.03333333333333
1.53333333333333
1.56666666666667
1.6
1.6
1.6
1.66666666666667
1.6
1.56666666666667
1.56666666666667
1.6
1.6
1.96666666666667
1.6
1.6
1.6
1.6
1.6
1.6
1.53333333333333
1.6
1.63333333333333
1.6
1.6
1.96666666666667
1.6
1.6
1.6
1.6
1.6
1.63333333333333
1.6
1.6
1.63333333333333
1.56666666666667
1.6
2
1.6
1.6
1.6
1.6
1.6
1.6
1.6
1.5
1.3
1.1
1.13333333333333
1.53333333333333
1.13333333333333
1
1.46666666666667
2.16666666666667
1.16666666666667
1.13333333333333
1.1
1
1.2
1
1.13333333333333
1.5
1.2
1.03333333333333
1.1
1.1
1.13333333333333
1.1
1.1
1.4
2.33333333333333
8.9
1.1
1.46666666666667
1.1
1
1.1
1.1
1.1
1.2
1.1
1.1
1.2
1.1
1.1
1.63333333333333
1.13333333333333
1.13333333333333
1.1
1.13333333333333
1.13333333333333
1.2
1.1
3.2
2.7
1.13333333333333
1.7
1.76666666666667
1.26666666666667
1.2
1.1
1.3
1.1
1.2
1.1
1.1
1.2
1.1
1.1
1.56666666666667
1.1
1.1
1.1
1.1
1.13333333333333
1.2
1.1
1.1
1.2
1.1
1.1
1.6
1.2
1.1
1.1
1.13333333333333
1.26666666666667
1.2
1.13333333333333
1.1
1.2
1.1
1.1
1.56666666666667
1.1
1.1
1.1
1.1
1.1
1.23333333333333
1.1
1.43333333333333
1.3
1.1
1.1
1.53333333333333
1.3
1.23333333333333
1.1
1.1
1.1
1.16666666666667
1.1
1.16666666666667
1.23333333333333
1.1
1.13333333333333
1.53333333333333
1.1
1.1
1.1
1.1
1.1
1.1
1.1
1.1
1.2
1.1
1.1
1.6
1.1
1.1
1.13333333333333
1.13333333333333
1.1
1.13333333333333
1.1
1.1
1.2
1.13333333333333
1.1
1.76666666666667
1.26666666666667
1.1
1.1
1.13333333333333
1.1
1.2
1.13333333333333
1.2
1.53333333333333
1.13333333333333
1.1
1.76666666666667
1.1
1.1
1.1
1.1
1.1
1.2
1.1
1.1
1.56666666666667
1.1
1.1
1.63333333333333
1.13333333333333
1.1
1.1
1.3
1.13333333333333
1.2
1.1
1.1
1.23333333333333
1.2
1.1
1.63333333333333
1.1
1.13333333333333
1.26666666666667
1.6
1.6
1.6
1.6
1.53333333333333
1.6
1.6
1.56666666666667
2
1.6
1.6
1.6
