1.73333333333333
1.73333333333333
1.71666666666667
1.7
1.75
1.78333333333333
1.71666666666667
1.71666666666667
1.91666666666667
1.7
1.76666666666667
1.76666666666667
1.73333333333333
1.76666666666667
1.75
1.71666666666667
1.71666666666667
1.71666666666667
1.66666666666667
1.71666666666667
1.9
1.66666666666667
1.66666666666667
1.66666666666667
1.61666666666667
1.66666666666667
1.65
1.65
1.66666666666667
1.71666666666667
1.66666666666667
1.6
1.91666666666667
1.63333333333333
1.65
1.68333333333333
1.65
1.65
1.68333333333333
1.66666666666667
1.65
1.75
1.7
1.66666666666667
1.83333333333333
1.7
1.66666666666667
1.63333333333333
1.71666666666667
1.66666666666667
1.66666666666667
1.65
1.7
1.7
1.7
1.66666666666667
1.9
1.76666666666667
1.65
1.7
1.71666666666667
1.66666666666667
1.66666666666667
1.71666666666667
1.68333333333333
1.75
1.7
1.66666666666667
1.88333333333333
1.71666666666667
1.66666666666667
1.66666666666667
1.66666666666667
1.7
1.73333333333333
1.66666666666667
1.68333333333333
1.71666666666667
1.68333333333333
1.68333333333333
1.9
1.65
1.66666666666667
1.63333333333333
1.61666666666667
1.68333333333333
1.68333333333333
1.68333333333333
1.66666666666667
1.7
1.65
1.66666666666667
1.9
1.63333333333333
1.68333333333333
1.66666666666667
1.63333333333333
1.63333333333333
1.7
1.75
1.55
1.65
1.41666666666667
1.45
1.66666666666667
1.43333333333333
1.46666666666667
1.45
1.43333333333333
1.48333333333333
1.43333333333333
1.51666666666667
1.45
1.5
1.48333333333333
1.48333333333333
1.65
1.45
1.43333333333333
1.5
1.45
1.51666666666667
1.41666666666667
1.48333333333333
1.46666666666667
1.48333333333333
1.46666666666667
1.51666666666667
1.65
1.48333333333333
1.43333333333333
1.45
1.5
1.46666666666667
1.46666666666667
1.5
1.5
1.51666666666667
1.5
1.51666666666667
1.7
1.5
1.53333333333333
1.53333333333333
1.5
1.5
1.5
1.5
2.2
2.53333333333333
1.5
1.48333333333333
1.7
1.48333333333333
1.5
1.53333333333333
1.46666666666667
1.5
1.51666666666667
1.5
1.5
1.55
1.46666666666667
1.46666666666667
1.71666666666667
1.48333333333333
1.48333333333333
1.51666666666667
1.5
1.5
1.5
1.5
1.5
1.53333333333333
1.53333333333333
1.5
1.68333333333333
1.5
1.48333333333333
1.46666666666667
1.53333333333333
1.51666666666667
1.5
1.51666666666667
1.51666666666667
1.51666666666667
1.5
1.5
1.71666666666667
1.51666666666667
1.55
1.51666666666667
1.53333333333333
1.53333333333333
1.5
1.55
1.53333333333333
1.55
1.55
1.51666666666667
1.7
1.5
1.5
1.5
1.53333333333333
1.51666666666667
1.5
1.55
1.55
1.55
1.51666666666667
1.55
1.66666666666667
1.48333333333333
1.51666666666667
1.5
1.46666666666667
1.5
1.51666666666667
1.48333333333333
1.55
1.55
1.48333333333333
1.53333333333333
1.71666666666667
1.46666666666667
1.51666666666667
1.5
1.45
1.5
1.48333333333333
1.46666666666667
1.51666666666667
1.5
1.46428571428571
1.5
1.68333333333333
1.45
1.53333333333333
1.5
1.5
1.5
1.48333333333333
1.48333333333333
1.5
1.53333333333333
1.46666666666667
1.5
1.73333333333333
1.48333333333333
1.5
1.51666666666667
1.5
1.5
1.5
1.53333333333333
1.5
1.53333333333333
1.5
1.48333333333333
1.66666666666667
1.51666666666667
1.55
1.55
1.55
1.53333333333333
1.53333333333333
1.55
1.55
1.53333333333333
1.55
1.53333333333333
1.75
1.55
1.53333333333333
1.5
1.7
1.7
1.75
1.75
1.75
1.75
1.78333333333333
1.68333333333333
1.93333333333333
1.75
1.75
1.76666666666667
