3.53333333333333
3.1
3.06666666666667
3.13333333333333
3.66666666666667
3.9
3.13333333333333
3.46666666666667
3.23333333333333
3.6
3.26666666666667
3.23333333333333
3.33333333333333
4.1
3.06666666666667
3.26666666666667
3.56666666666667
3.7
3.13333333333333
3.76666666666667
3.1
3.66666666666667
3.53333333333333
3.23333333333333
3.26666666666667
3.2
3.33333333333333
3.03333333333333
3.6
3.76666666666667
3.33333333333333
3.63333333333333
3
3.76666666666667
3.23333333333333
3.33333333333333
3.26666666666667
3.16666666666667
2.96666666666667
3.2
3.8
3.53333333333333
2.93333333333333
3.23333333333333
3.1
4.5
5.33333333333333
5.13333333333333
3.2
3.03333333333333
3.06666666666667
3.2
3.5
3.7
2.9
3.5
2.86666666666667
3.73333333333333
5.4
4.16666666666667
3.13333333333333
3.1
3.03333333333333
3.03333333333333
3.43333333333333
3.56666666666667
3.13333333333333
3.2
3.2
3.6
3.3
3.43333333333333
3.3
3.3
3.3
3.56666666666667
7.23333333333333
10.8
3.13333333333333
3.26666666666667
3.76666666666667
3.66666666666667
3.2
3.5
6.16666666666667
3.23333333333333
3.03333333333333
3.36666666666667
3.5
3.8
3.33333333333333
4
3.06666666666667
3.8
3.4
3.5
3.16666666666667
3.73333333333333
3.83333333333333
3.43333333333333
3.76666666666667
5.8
3.86666666666667
3.16666666666667
3.2
4.03333333333333
3.9
4.33333333333333
3.13333333333333
3.96666666666667
3.7
4.16666666666667
5.66666666666667
7.33333333333333
3.16666666666667
3.66666666666667
4.5
3.83333333333333
3.26666666666667
3.8
4.83333333333333
3.43333333333333
3.33333333333333
3.46666666666667
5.43333333333333
7.73333333333333
3.26666666666667
3.13333333333333
4.1
3.8
3.3
3.53333333333333
3.2
4.63333333333333
3.06666666666667
3.13333333333333
3.33333333333333
3.86666666666667
3
3.7
3.46666666666667
3.6
3.33333333333333
3.43333333333333
3.06666666666667
3.23333333333333
5.53333333333333
3.36666666666667
3.6
4.13333333333333
3.36666666666667
4.2
3.16666666666667
3.96666666666667
3.33333333333333
3.83333333333333
2.93333333333333
4.1
3.1
3.23333333333333
3.5
4.43333333333333
3.03333333333333
3.43333333333333
4.2
3.56666666666667
3.23333333333333
3.16666666666667
3
3.4
3.16666666666667
4.36666666666667
3.6
3.56666666666667
3.06666666666667
3.3
3.1
3.63333333333333
3.33333333333333
3.46666666666667
3.13333333333333
3.26666666666667
3.2
3.46666666666667
3.53333333333333
3.9
3.36666666666667
3.2
3.36666666666667
3.56666666666667
3.23333333333333
3.46666666666667
3.23333333333333
3.1
3.13333333333333
3.3
3.46666666666667
3.43333333333333
3.3
3.2
3.23333333333333
3.6
3.23333333333333
3.7
3.26666666666667
3.2
3.16666666666667
3.8
3.56666666666667
4.06666666666667
3.2
3.96666666666667
3.9
3.73333333333333
3.5
3.43333333333333
3.3
3.5
3.33333333333333
3.03333333333333
3.43333333333333
3.6
2.96666666666667
4.6
3.36666666666667
3.9
3.26666666666667
3.36666666666667
3.13333333333333
3.26666666666667
3
3.13333333333333
3.66666666666667
3.66666666666667
3.86666666666667
4.53333333333333
3.1
3.6
3.26666666666667
3.66666666666667
3.06666666666667
3.36666666666667
3.33333333333333
3.3
3.53333333333333
4
3.26666666666667
3.26666666666667
3.03333333333333
3.96666666666667
3.36666666666667
3.46666666666667
2.93333333333333
3.66666666666667
3.06666666666667
3.13333333333333
3.36666666666667
3.63333333333333
3.16666666666667
3.56666666666667
3.16666666666667
4.3
3.73333333333333
4.53333333333333
3.23333333333333
3.36666666666667
3.1
3.06666666666667
3.7
3.7
4.26666666666667
3.43333333333333
3.56666666666667
3.9
3.4
3.3
3.03333333333333
3.13333333333333
4.46666666666667
3.8
3.66666666666667
3.63333333333333
3.23333333333333
3.63333333333333
3.1
3.73333333333333
3.43333333333333
3.43333333333333
