2.55
2.5
2.46666666666667
2.48333333333333
2.46666666666667
2.85
2.5
2.45
2.46666666666667
2.48333333333333
2.41666666666667
2.61666666666667
2.53333333333333
2.48333333333333
2.53333333333333
2.45
2.5
2.65
2.43333333333333
2.46666666666667
2.5
2.48333333333333
2.48333333333333
2.55
2.4
2.48333333333333
2.56666666666667
2.5
2.46666666666667
3.06666666666667
2.48333333333333
2.68333333333333
2.81666666666667
2.55
2.61666666666667
2.6
2.66666666666667
2.53333333333333
3.03333333333333
5.98333333333333
2.53333333333333
2.78333333333333
2.58333333333333
2.56666666666667
2.73333333333333
2.55
2.53333333333333
2.63333333333333
2.6
2.51666666666667
2.58333333333333
2.61666666666667
2.56666666666667
2.73333333333333
2.53333333333333
2.5
2.48333333333333
2.5
2.43333333333333
2.63333333333333
2.46666666666667
2.56666666666667
2.6
2.53333333333333
2.5
2.81666666666667
2.58333333333333
2.55
2.5
2.43333333333333
2.53333333333333
2.7
2.58333333333333
2.46666666666667
2.7
2.55
2.58333333333333
2.78333333333333
2.56666666666667
2.53333333333333
2.6
2.51666666666667
2.48333333333333
2.66666666666667
2.53333333333333
2.5
2.48333333333333
2.55
2.55
2.75
2.56666666666667
2.45
2.55
2.46666666666667
2.5
2.56666666666667
2.63333333333333
2.55
2.5
2.43333333333333
2.45
2.55
2.43333333333333
2.35
2.45
2.35
2.43333333333333
2.48333333333333
3.58333333333333
2.36666666666667
2.4
2.35
2.4
2.73333333333333
2.5
2.36666666666667
2.41666666666667
2.36666666666667
2.4
2.46666666666667
2.48333333333333
2.36666666666667
2.6
2.38333333333333
2.41666666666667
2.6
2.41666666666667
2.38333333333333
2.41666666666667
2.38333333333333
2.41666666666667
2.48333333333333
2.55
3.03333333333333
5.5
4.3
2.55
2.6
2.38333333333333
2.4
2.36666666666667
2.4
2.36666666666667
2.53333333333333
2.46666666666667
2.41666666666667
2.41666666666667
2.43333333333333
3.75
3.95
2.56666666666667
4.7
2.4
2.38333333333333
2.36666666666667
2.53333333333333
2.46666666666667
2.41666666666667
2.41666666666667
2.56666666666667
2.36666666666667
2.56666666666667
2.43333333333333
2.53333333333333
2.43333333333333
2.4
2.45
2.58333333333333
2.43333333333333
2.36666666666667
2.5
2.38333333333333
2.45
2.56666666666667
2.43333333333333
2.38333333333333
2.43333333333333
2.4
2.4
2.56666666666667
2.43333333333333
2.41666666666667
2.4
2.4
2.38333333333333
2.66666666666667
2.43333333333333
2.41666666666667
2.43333333333333
2.41666666666667
2.41666666666667
2.51666666666667
2.48333333333333
2.41666666666667
2.43333333333333
2.41666666666667
2.41666666666667
2.66666666666667
2.41666666666667
2.41666666666667
2.4
2.43333333333333
2.38333333333333
2.56666666666667
2.48333333333333
2.6
2.36666666666667
2.38333333333333
2.35
2.66666666666667
2.36666666666667
2.43333333333333
2.4
2.43333333333333
2.41666666666667
2.53333333333333
2.48333333333333
2.43333333333333
2.43333333333333
2.41666666666667
2.43333333333333
2.8
2.4
2.38333333333333
2.4
2.4
2.43333333333333
2.55
2.48333333333333
2.4
2.48333333333333
2.51666666666667
2.35
2.58333333333333
2.35
2.23333333333333
2.31666666666667
2.35
2.36666666666667
2.4
2.4
2.35
2.35
2.38333333333333
2.33333333333333
2.51666666666667
2.28333333333333
2.26666666666667
2.31666666666667
2.21666666666667
2.26666666666667
2.36666666666667
2.46666666666667
2.33333333333333
2.41666666666667
2.36666666666667
2.41666666666667
2.61666666666667
2.38333333333333
2.43333333333333
2.43333333333333
2.38333333333333
2.58333333333333
2.7
2.58333333333333
2.48333333333333
2.58333333333333
2.4
2.36666666666667
2.66666666666667
2.4
2.4
2.43333333333333
2.43333333333333
2.38333333333333
2.6
2.46666666666667
2.48333333333333
2.41666666666667
2.53333333333333
2.33333333333333
2.63333333333333
2.55
2.53333333333333
2.48333333333333
2.55
2.5
2.73333333333333
