1.6
1.4
1
1.2
1.13333333333333
1.2
1.2
1.13333333333333
1.13333333333333
1.2
1.2
1.2
1.53333333333333
1.4
1
1.13333333333333
1.13333333333333
1.13333333333333
1.06666666666667
1.2
1.13333333333333
1.2
1.2
1.13333333333333
1.6
1.4
1
1.2
1.13333333333333
1.2
1.2
1.13333333333333
1.2
1.06666666666667
1.2
1.13333333333333
1.6
1.4
1.13333333333333
1.2
1.2
1.06666666666667
1.2
1.06666666666667
1.13333333333333
1.2
1.2
1.2
1.6
1.4
1
1.13333333333333
1.13333333333333
1.2
1.06666666666667
1.2
1.2
1.2
1.2
1.13333333333333
1.53333333333333
13.5333333333333
1
1.2
1.2
1.2
1.2
1.13333333333333
1.13333333333333
1.2
1.2
1.2
1.6
1.4
1.2
1.13333333333333
1.13333333333333
1.13333333333333
1.13333333333333
1.2
1.13333333333333
1.2
1.2
1.13333333333333
1.6
1.4
1.13333333333333
1.2
1.13333333333333
1.2
1.2
1.13333333333333
1.2
1.06666666666667
1.2
1.2
1.46666666666667
1.4
1.2
1.13333333333333
1.2
1.13333333333333
1.13333333333333
1.2
1.06666666666667
1.2
1.13333333333333
1.2
1.66666666666667
1.4
1.13333333333333
1.13333333333333
1.06666666666667
1.2
1.13333333333333
1.2
1.2
1.13333333333333
1.2
1.13333333333333
1.53333333333333
1.6
2.86666666666667
1.2
1.2
1.13333333333333
1.06666666666667
1.13333333333333
1.06666666666667
1.2
1.13333333333333
1.2
1.66666666666667
1.46666666666667
1
1.13333333333333
1.06666666666667
1.2
1.13333333333333
1.2
1.2
1.13333333333333
1.2
1.13333333333333
3.26666666666667
1.73333333333333
1.2
2.13333333333333
1.2
1.13333333333333
1.2
1.13333333333333
1.13333333333333
1.13333333333333
1.2
1.2
1.66666666666667
1.46666666666667
1.13333333333333
1.06666666666667
1.2
1.13333333333333
1.13333333333333
1.13333333333333
1.2
1.2
1.2
1.2
1.8
1.4
1.06666666666667
1.13333333333333
1.2
1.2
1.2
1.13333333333333
1.2
1.13333333333333
1.2
1.2
1.73333333333333
1.46666666666667
1.13333333333333
1.06666666666667
1.2
1.13333333333333
1.13333333333333
1.2
1.2
1.13333333333333
2.6
1.13333333333333
1.8
1.4
1.06666666666667
1.13333333333333
1.13333333333333
1.13333333333333
1.2
1.2
1.2
1.13333333333333
1.2
1.2
1.73333333333333
1.33333333333333
1.13333333333333
1.06666666666667
1.2
1.2
1.2
1.2
1.13333333333333
1.2
1.2
1.13333333333333
1.66666666666667
1.53333333333333
1.2
1.13333333333333
1.2
1.13333333333333
1.2
1.06666666666667
1.2
1.2
1.2
1.13333333333333
1.73333333333333
1.4
1.2
1.06666666666667
1.2
1.2
1.2
1.2
1.2
1.13333333333333
1.33333333333333
1.06666666666667
1.6
1.53333333333333
1.13333333333333
1.06666666666667
1.2
1.13333333333333
1.2
1.13333333333333
1.2
1.13333333333333
1.2
1.2
1.66666666666667
1.4
1.2
1.13333333333333
1.2
1.06666666666667
1.2
1.2
1.2
1.2
1.26666666666667
1.06666666666667
1.73333333333333
1.53333333333333
1.2
1.2
1.2
1.2
1.2
1.13333333333333
1.2
1.73333333333333
1.2
1.13333333333333
1.73333333333333
1.46666666666667
1.2
1.13333333333333
1.2
1.13333333333333
1.2
1.2
1.2
1.2
1.2
1.2
