2.7
2.5
2.73333333333333
2.5
2.7
2.5
2.7
2.5
2.7
2.5
2.53333333333333
2.96666666666667
5.6
5.2
4.43333333333333
2.5
2.7
2.5
2.7
2.5
6.43333333333333
2.56666666666667
2.7
2.4
2.7
6.28571428571429
2.8
3.06666666666667
5.6
2.9
3.13333333333333
3.9
7
3.3
3.33333333333333
4.26666666666667
2.6
2.4
2.93333333333333
2.46666666666667
3.13333333333333
3.96666666666667
2.7
2.5
2.7
2.33333333333333
3.2
2.53333333333333
2.7
5.13333333333333
2.7
2.36666666666667
2.73333333333333
5.7
2.93333333333333
5.13333333333333
2.53333333333333
2.5
2.9
2.6
2.7
2.6
2.76666666666667
4.96666666666667
3.8
2.8
2.86666666666667
8.33333333333333
6.16666666666667
2.5
2.56666666666667
2.5
3
2.63333333333333
2.76666666666667
2.56666666666667
2.73333333333333
5.1
2.73333333333333
2.5
3.2
7
5.2
4.83333333333333
2.73333333333333
2.6
2.7
2.46666666666667
2.7
3.53333333333333
3.46666666666667
2.73333333333333
3.46666666666667
2.93333333333333
3.16666666666667
2.76666666666667
2.7
2.5
3.73333333333333
4.06666666666667
2.8
2.83333333333333
2.83333333333333
2.53333333333333
2.7
2.56666666666667
3.56666666666667
4.96666666666667
2.76666666666667
2.5
2.7
2.5
3.23333333333333
3.73333333333333
2.7
2.5
2.7
2.5
2.7
2.5
2.7
2.5
2.7
2.5
2.7
5.56666666666667
7.63333333333333
5.83333333333333
2.7
3.3
5.06666666666667
2.5
2.73333333333333
5.23333333333333
7.03333333333333
2.5
2.7
2.56666666666667
2.7
2.5
2.7
2.5
2.7
2.5
2.7
2.5
2.8
3
2.7
2.56666666666667
2.7
3.43333333333333
6.3
2.5
2.7
2.5
2.7
2.5
4
4.43333333333333
2.7
2.53333333333333
2.7
3.93333333333333
4.06666666666667
2.5
2.7
2.6
2.7
4.7
7.23333333333333
5.36666666666667
2.8
2.6
3.7
2.5
2.7
4.2
7.23333333333333
6.6
4.03333333333333
7
6.4
2.5
2.7
2.93333333333333
3
2.6
3.4
3.93333333333333
2.7
2.5
2.7
2.5
2.7
2.5
2.7
2.7
2.7
2.5
2.7
2.5
2.7
3.1
4.1
2.4
2.2
2
2.3
2.63333333333333
4.83333333333333
2.23333333333333
2.2
4.5
2.63333333333333
2
2.2
4.2
4.26666666666667
2.06666666666667
2.23333333333333
3.3
4.2
3.4
2.76666666666667
5
2.13333333333333
2.06666666666667
2.23333333333333
2.1
2.13333333333333
2.06666666666667
3.83333333333333
2.1
2.13333333333333
2.06666666666667
3.6
5.2
2.7
3.3
2.06666666666667
2.13333333333333
2.16666666666667
3.83333333333333
3.3
3.2
2.93333333333333
2.13333333333333
2.13333333333333
2.66666666666667
4.7
2.23333333333333
2
2.2
2
2.2
2
2.23333333333333
3.4
2.2
2.23333333333333
5.66666666666667
5.36666666666667
2.2
2.7
2.33333333333333
2
2.2
2
2.36666666666667
2
2.23333333333333
2
2.2
2.1
5.5
2.5
2.66666666666667
2.56666666666667
3.13333333333333
3
3.06666666666667
2.63333333333333
2.9
6
4.76666666666667
2.53333333333333
5.76666666666667
