2.9
2.88333333333333
2.61666666666667
2.6
2.6
2.55
2.68333333333333
3.8
2.76666666666667
2.58333333333333
2.6
2.55
2.71666666666667
2.85
2.66666666666667
2.58333333333333
2.56666666666667
2.6
2.66666666666667
2.66666666666667
2.66666666666667
2.61666666666667
2.65
2.56666666666667
2.65
2.86666666666667
2.61666666666667
2.51666666666667
2.61666666666667
2.53333333333333
2.61666666666667
2.6
2.63333333333333
2.53333333333333
2.61666666666667
2.53333333333333
2.93333333333333
3.31666666666667
2.68333333333333
2.63333333333333
2.7
2.9
14.9833333333333
18.7333333333333
18.8
6.03333333333333
2.61666666666667
2.55
5.71666666666667
2.86666666666667
2.65
2.56666666666667
2.98333333333333
2.61666666666667
2.7
2.68333333333333
2.65
2.55
2.58333333333333
2.53333333333333
2.7
2.83333333333333
2.61666666666667
2.58333333333333
2.65
2.56666666666667
2.66666666666667
2.65
2.73333333333333
2.61666666666667
2.61666666666667
2.71666666666667
2.73333333333333
2.88333333333333
2.65
2.58333333333333
2.61666666666667
2.58333333333333
2.63333333333333
2.61666666666667
2.75
2.55
2.63333333333333
2.61666666666667
2.65
2.85
2.66666666666667
2.6
2.53333333333333
2.61666666666667
2.63333333333333
2.73333333333333
2.55
2.6
2.58333333333333
2.61666666666667
2.88333333333333
2.61666666666667
2.65
2.58333333333333
2.61666666666667
2.61666666666667
2.63333333333333
2.75
2.63333333333333
2.83333333333333
2.61666666666667
2.81666666666667
2.86666666666667
2.58333333333333
2.55
2.6
2.58333333333333
2.58333333333333
2.61666666666667
2.73333333333333
2.61666666666667
2.83333333333333
2.55
2.66666666666667
2.95
2.61666666666667
2.71666666666667
2.75
2.65
2.7
2.8
2.78333333333333
2.65
2.75
2.76666666666667
2.76666666666667
2.96666666666667
2.63333333333333
2.7
2.85
2.75
2.78333333333333
3.15
2.91666666666667
2.73333333333333
3.11666666666667
2.68333333333333
2.95
3.25
2.81666666666667
2.7
2.63333333333333
2.66666666666667
2.65
2.81666666666667
2.75
2.65
2.6
2.61666666666667
3.93333333333333
5.83333333333333
2.83333333333333
4.36666666666667
2.85
3.28333333333333
3.21666666666667
3.13333333333333
2.71666666666667
2.73333333333333
2.83333333333333
2.95
2.8
3.03333333333333
2.88333333333333
3
3.08333333333333
2.76666666666667
2.76666666666667
2.75
2.98333333333333
2.91666666666667
2.93333333333333
6.58333333333333
3.16666666666667
3.13333333333333
2.98333333333333
3.03333333333333
2.88333333333333
2.8
2.88333333333333
2.81666666666667
2.8
2.81666666666667
2.81666666666667
2.7
2.83333333333333
2.98333333333333
2.8
2.91666666666667
2.68333333333333
2.7
2.88333333333333
2.88333333333333
2.71666666666667
2.73333333333333
2.68333333333333
2.68333333333333
2.83333333333333
3.01666666666667
2.76666666666667
3.03333333333333
2.78333333333333
2.85
2.88333333333333
2.81666666666667
2.8
2.85
2.9
2.83333333333333
2.96666666666667
3.13333333333333
2.83333333333333
3.08333333333333
2.76666666666667
2.7
2.8
2.76666666666667
2.75
2.65
2.78333333333333
2.71666666666667
2.88333333333333
3
2.8
3.01666666666667
2.81666666666667
2.7
3
2.9
2.78333333333333
2.78333333333333
2.75
2.75
2.78333333333333
3.03333333333333
2.71666666666667
2.98333333333333
2.8
2.81666666666667
2.8
2.76666666666667
2.75
2.78333333333333
2.7
2.7
2.73333333333333
2.96666666666667
2.7
2.96666666666667
2.75
2.73333333333333
2.91666666666667
2.71666666666667
2.7
2.73333333333333
2.73333333333333
2.71666666666667
2.8
2.98333333333333
2.73333333333333
2.88333333333333
2.73333333333333
2.8
2.85
2.83333333333333
2.86666666666667
2.78333333333333
2.78333333333333
2.75
2.85
3.05
2.8
2.98333333333333
2.78333333333333
2.78333333333333
2.85
2.83333333333333
2.76666666666667
2.66666666666667
2.78333333333333
2.78333333333333
2.78333333333333
