1.6
1.4
1.59166666666667
1.4
1.58333333333333
1.4
1.59166666666667
1.4
1.59166666666667
1.4
1.58333333333333
1.39166666666667
1.58333333333333
1.4
1.59166666666667
1.4
1.59166666666667
1.4
1.58333333333333
1.4
1.59166666666667
1.4
1.59166666666667
1.4
1.58333333333333
1.4
1.59166666666667
1.4
1.6
1.4
1.6
1.4
1.59166666666667
1.4
1.59166666666667
1.4
1.59166666666667
1.4
1.6
1.4
1.58333333333333
1.4
1.575
1.40833333333333
1.575
1.40833333333333
1.575
1.4
1.59166666666667
1.39166666666667
1.63333333333333
1.39166666666667
1.59166666666667
1.4
1.58333333333333
1.40833333333333
1.575
1.40833333333333
1.56666666666667
1.40833333333333
1.58333333333333
1.40833333333333
1.59166666666667
1.39166666666667
1.59166666666667
1.39166666666667
1.60833333333333
1.4
1.59166666666667
1.4
1.59166666666667
1.4
1.59166666666667
1.40833333333333
1.59166666666667
1.39166666666667
1.59166666666667
1.4
1.59166666666667
1.4
1.6
1.38333333333333
1.59166666666667
1.4
1.6
1.39166666666667
1.6
1.4
1.60833333333333
1.4
1.6
1.4
1.59166666666667
1.40833333333333
1.59166666666667
1.39166666666667
1.60833333333333
1.4
1.58333333333333
1.38333333333333
1.58333333333333
1.39166666666667
1.60833333333333
1.39166666666667
1.90833333333333
1.43333333333333
1.625
1.40833333333333
1.58333333333333
1.4
1.6
1.4
1.58333333333333
1.4
1.59166666666667
1.39166666666667
1.56666666666667
1.4
1.58333333333333
1.4
1.6
1.39166666666667
1.60833333333333
1.4
1.56666666666667
1.38333333333333
1.575
1.39166666666667
1.58333333333333
1.39166666666667
1.575
1.39166666666667
1.56666666666667
1.4
1.58333333333333
1.39166666666667
1.58333333333333
1.4
1.575
1.41666666666667
1.58333333333333
1.39166666666667
1.6
1.4
1.58333333333333
1.4
1.58333333333333
1.39166666666667
1.59166666666667
1.38333333333333
1.59166666666667
1.4
1.58333333333333
1.39166666666667
1.6
1.36666666666667
1.56666666666667
1.39166666666667
1.58333333333333
1.4
1.60833333333333
1.39166666666667
1.58333333333333
1.4
1.59166666666667
1.4
1.60833333333333
1.4
1.6
1.4
1.59166666666667
1.4
1.6
1.4
1.6
1.4
1.6
1.4
1.6
1.4
1.6
1.4
1.575
1.4
1.6
1.4
1.59166666666667
1.39166666666667
1.59166666666667
1.39166666666667
1.625
1.4
1.59166666666667
1.4
1.59166666666667
1.4
1.59166666666667
1.4
1.59166666666667
1.4
1.59166666666667
1.4
1.59166666666667
1.4
1.59166666666667
1.4
1.59166666666667
1.4
1.59166666666667
1.425
1.63333333333333
1.4
1.58333333333333
1.39166666666667
1.59166666666667
1.38333333333333
1.58333333333333
1.39166666666667
1.60833333333333
1.4
1.58333333333333
1.40833333333333
1.60833333333333
1.40833333333333
1.60833333333333
1.4
1.60833333333333
1.4
1.60833333333333
1.4
1.59166666666667
1.4
1.58333333333333
1.39166666666667
1.61666666666667
1.4
1.60833333333333
1.4
1.6
1.4
1.625
1.38333333333333
1.60833333333333
1.425
1.60833333333333
1.41666666666667
1.60833333333333
1.4
1.60833333333333
1.56666666666667
1.60833333333333
1.4
1.625
1.44166666666667
1.64166666666667
1.41666666666667
1.61666666666667
1.39166666666667
1.80833333333333
1.5
1.65
1.41666666666667
1.69166666666667
1.48333333333333
1.64166666666667
1.41666666666667
1.625
1.41666666666667
1.65833333333333
1.43333333333333
1.65833333333333
1.40833333333333
1.63333333333333
1.41666666666667
1.64166666666667
1.425
1.70833333333333
1.44166666666667
1.65833333333333
1.425
1.60833333333333
1.41666666666667
1.65
1.45
1.69166666666667
1.425
1.65
1.41666666666667
