1.53333333333333
1.55
1.56666666666667
1.55
1.58333333333333
1.73333333333333
1.61666666666667
1.56666666666667
1.55
1.51666666666667
1.61666666666667
1.56666666666667
1.56666666666667
1.56666666666667
1.55
1.55
1.56666666666667
1.7
1.63333333333333
1.55
1.56666666666667
1.55
1.55
1.7
1.58333333333333
1.53333333333333
1.53333333333333
1.55
1.56666666666667
1.73333333333333
1.61666666666667
1.55
1.55
1.56666666666667
1.6
1.56666666666667
1.56666666666667
1.55
1.55
1.55
1.55
1.76666666666667
1.6
1.53333333333333
1.55
1.56666666666667
1.58333333333333
1.55
1.55
1.53333333333333
1.55
1.68333333333333
1.53333333333333
1.7
1.61666666666667
1.55
1.56666666666667
1.55
1.71666666666667
1.53333333333333
1.55
1.55
1.58333333333333
1.56666666666667
1.71666666666667
1.75
1.63333333333333
1.53333333333333
1.6
1.56666666666667
1.61666666666667
1.58333333333333
1.58333333333333
1.55
1.55
1.56666666666667
1.55
1.71666666666667
1.65
1.56666666666667
1.68333333333333
1.55
1.61666666666667
1.6
1.56666666666667
1.55
1.56666666666667
1.56666666666667
1.55
1.71666666666667
1.61666666666667
1.53333333333333
1.56666666666667
1.66666666666667
1.65
1.56666666666667
1.58333333333333
1.56666666666667
1.55
1.55
1.53333333333333
1.56666666666667
1.46666666666667
1.4
1.38333333333333
1.43333333333333
1.43333333333333
1.43333333333333
1.46666666666667
1.43333333333333
1.45
1.43333333333333
1.43333333333333
1.61666666666667
1.55
1.43333333333333
1.5
1.41666666666667
1.48333333333333
1.45
1.43333333333333
1.45
1.46666666666667
1.46666666666667
1.45
1.58333333333333
1.51666666666667
1.45
1.43333333333333
1.4
1.48333333333333
1.45
1.45
1.41666666666667
1.43333333333333
1.45
1.41666666666667
1.61666666666667
1.51666666666667
1.45
1.46666666666667
1.46666666666667
1.45
1.46666666666667
1.5
1.43333333333333
1.48333333333333
1.46666666666667
2.15
2.31666666666667
1.51666666666667
1.41666666666667
1.46666666666667
1.73333333333333
1.48333333333333
1.45
1.48333333333333
1.41666666666667
1.5
1.43333333333333
1.5
1.61666666666667
1.5
1.45
1.46666666666667
1.48333333333333
1.46666666666667
1.45
1.43333333333333
1.43333333333333
1.4
1.41666666666667
1.43333333333333
1.58333333333333
1.53333333333333
1.43333333333333
1.38333333333333
1.45
1.48333333333333
1.45
1.41666666666667
1.5
1.45
1.41666666666667
1.43333333333333
1.61666666666667
1.51666666666667
1.43333333333333
1.43333333333333
1.4
1.45
1.46666666666667
1.45
1.43333333333333
1.45
1.43333333333333
1.45
1.58333333333333
1.53333333333333
1.45
1.45
1.46666666666667
1.48333333333333
1.5
1.45
1.53333333333333
1.48333333333333
1.43333333333333
1.41666666666667
1.6
1.58333333333333
1.46666666666667
1.46666666666667
1.48333333333333
1.46666666666667
1.46666666666667
1.48333333333333
1.46666666666667
1.45
1.5
1.5
1.58333333333333
1.53333333333333
1.45
1.48333333333333
1.46666666666667
1.46666666666667
1.45
1.43333333333333
1.46666666666667
1.45
1.46666666666667
1.46666666666667
1.55
1.51666666666667
1.4
1.43333333333333
1.41666666666667
1.48333333333333
1.51666666666667
1.4
1.45
1.45
1.43333333333333
1.46666666666667
1.6
1.51666666666667
1.5
1.45
1.46666666666667
1.45
1.5
1.48333333333333
1.45
1.41666666666667
1.43333333333333
1.43333333333333
1.63333333333333
1.53333333333333
1.43333333333333
1.43333333333333
1.41666666666667
1.46666666666667
1.46666666666667
1.46666666666667
1.43333333333333
1.45
1.43333333333333
1.48333333333333
1.76666666666667
1.5
1.48333333333333
1.38333333333333
1.4
1.45
1.48333333333333
1.53333333333333
1.56666666666667
1.55
1.58333333333333
1.56666666666667
1.73333333333333
1.61666666666667
1.53333333333333
1.55
1.56666666666667
1.58333333333333
1.56666666666667
