1.38333333333333
1.46666666666667
1.35
1.48333333333333
1.56666666666667
1.58333333333333
1.36666666666667
1.5
1.46666666666667
1.41666666666667
1.46666666666667
1.55
1.36666666666667
1.43333333333333
1.35
1.35
1.41666666666667
1.58333333333333
1.35
1.5
1.3
1.3
1.26666666666667
1.28333333333333
1.38333333333333
1.26666666666667
1.51666666666667
1.51666666666667
1.51666666666667
2.5
1.43333333333333
1.5
1.3
1.3
1.3
1.3
1.26666666666667
1.31666666666667
1.5
1.43333333333333
1.28333333333333
1.31666666666667
1.28333333333333
1.45
1.3
1.25
1.25
1.28333333333333
1.3
1.3
1.3
1.3
1.3
1.3
1.25
1.45
1.3
1.3
1.3
1.3
1.28333333333333
1.3
1.26666666666667
1.25
1.25
1.3
1.45
1.63333333333333
1.3
1.3
1.45
1.3
1.28333333333333
1.3
1.3
1.51666666666667
1.51666666666667
1.51666666666667
1.51666666666667
1.66666666666667
1.45
1.3
1.26666666666667
1.3
1.26666666666667
1.28333333333333
1.26666666666667
1.36666666666667
1.51666666666667
1.45
1.35
1.65
1.5
1.33333333333333
1.3
1.3
1.3
1.31666666666667
1.3
1.3
1.25
1.06666666666667
1.15
1.25
1.05
1
1.06666666666667
1
1.05
1.05
1.21666666666667
1
1.05
1.06666666666667
1.05
1.28333333333333
1.25
1
1.05
1.01666666666667
1.05
1.05
1.05
1
1.05
1.05
1.05
1.2
1.05
1
1.05
1
1.23333333333333
1.05
1.03333333333333
1.05
1.05
1.1
1.05
1.25
1.03333333333333
1.1
1.06666666666667
1.05
1.08333333333333
1.23333333333333
1.05
1.05
1.71666666666667
1.75
1.35
1.25
1.05
1.05
1.08333333333333
1.05
1.05
1.1
1.05
1.05
1.08333333333333
1.06666666666667
1.05
1.25
1.05
1.05
1.08333333333333
1.06666666666667
1.05
1.1
1.05
1.05
1.08333333333333
1.1
1.05
1.25
1.05
1.05
1.08333333333333
1.06666666666667
1.05
1.1
1.05
1.05
1.05
1.11666666666667
1.05
1.25
1.05
1.05
1.13333333333333
1.05
1.05
1.1
1.05
1.05
1.08333333333333
1.1
1.05
1.25
1.05
1.05
1.06666666666667
1.05
1.05
1.03333333333333
1.03333333333333
1.18333333333333
1.25
1.25
1.3
1.46666666666667
1.25
1.26666666666667
1.3
1.25
1.28333333333333
1.25
1.25
1.26666666666667
1.25
1.25
1.25
1.46666666666667
1.25
1.28333333333333
1.26666666666667
1.25
1.26666666666667
1.26666666666667
1.25
1.25
1.28333333333333
1.25
1.25
1.45
1.25
1.25
1.28333333333333
1.25
1.25
1.3
1.26666666666667
1.25
1.28333333333333
1.26666666666667
1.25
1.45
1.25
1.25
1.25
1.25
1.25
1.26666666666667
1.28333333333333
1.25
1.25
1.31666666666667
1.25
1.45
1.25
1.25
1.3
1.25
1.25
1.25
1.25
1.25
1.25
1.28333333333333
1.25
1.45
1.28333333333333
1.25
1.25
1.11666666666667
1.25
1.26666666666667
1.31666666666667
1.43333333333333
1.4
1.41666666666667
1.55
1.7
1.51666666666667
1.38333333333333
1.25
1.3
