3.4
3.13333333333333
3.4
3.26666666666667
3.26666666666667
3.06666666666667
3.26666666666667
3.2
3.4
3.13333333333333
3.46666666666667
3.53333333333333
3.66666666666667
3.33333333333333
3.33333333333333
3.06666666666667
3.26666666666667
3.2
3.33333333333333
3.46666666666667
4
3.46666666666667
3.33333333333333
3.33333333333333
3.46666666666667
3
3.33333333333333
3.2
3.46666666666667
3.2
3.26666666666667
3.33333333333333
3.2
3.2
3.33333333333333
3
3.46666666666667
3.33333333333333
3.46666666666667
3.06666666666667
3.33333333333333
3.26666666666667
3.33333333333333
3.6
5.33333333333333
3
3.33333333333333
3.06666666666667
3.6
3
3.33333333333333
3.46666666666667
3.4
3.06666666666667
3.86666666666667
3.53333333333333
3.6
3
3.26666666666667
3
3.46666666666667
3.06666666666667
3.4
3
3.4
3.2
3.46666666666667
3.33333333333333
3.46666666666667
3.13333333333333
3.8
3.26666666666667
3.4
3.06666666666667
3.4
3.13333333333333
3.2
3.06666666666667
3.26666666666667
3.2
3.4
3.13333333333333
3.4
3.13333333333333
3.46666666666667
3.73333333333333
3.33333333333333
3.2
3.46666666666667
3.46666666666667
3.26666666666667
3.2
3.4
3.13333333333333
3.26666666666667
3.13333333333333
3.53333333333333
3.13333333333333
3.4
3
3.33333333333333
3
3.46666666666667
3.33333333333333
3.13333333333333
3.4
3.4
3.4
3.2
3.33333333333333
3.26666666666667
3.33333333333333
3.13333333333333
3.33333333333333
3.2
4.06666666666667
3
3.33333333333333
3.06666666666667
3.53333333333333
3.33333333333333
4.46666666666667
3.26666666666667
3.46666666666667
3.13333333333333
3.26666666666667
3.26666666666667
3.73333333333333
3.06666666666667
3.4
3.66666666666667
4.4
3.13333333333333
4.06666666666667
3
3.93333333333333
3.13333333333333
3.33333333333333
3.2
3.4
3.2
3.2
3
3.73333333333333
3.06666666666667
3.46666666666667
3.6
3.6
3.4
3.2
3.13333333333333
3.33333333333333
3.2
3.66666666666667
3.26666666666667
4.26666666666667
3.2
3.4
3.13333333333333
3.26666666666667
3
3.4
3.26666666666667
3.53333333333333
3.06666666666667
3.33333333333333
3.13333333333333
3.4
3.2
3.4
3.06666666666667
3.46666666666667
3
3.46666666666667
3.2
3.33333333333333
3
3.46666666666667
3.06666666666667
3.53333333333333
3.8
3.73333333333333
3.4
3.46666666666667
3.13333333333333
3.26666666666667
3.2
3.4
3
3.4
3.33333333333333
3.86666666666667
3.13333333333333
3.4
3.33333333333333
3.53333333333333
3.26666666666667
3.46666666666667
3.2
3.6
3.2
3.33333333333333
3.66666666666667
3.6
3.2
3.6
3.33333333333333
3.4
3.6
3.4
3.2
3.46666666666667
3
3.33333333333333
3.2
3.53333333333333
3.33333333333333
3.4
3.06666666666667
3.26666666666667
3.13333333333333
3.26666666666667
3.26666666666667
3.53333333333333
3.13333333333333
3.53333333333333
3.06666666666667
3.53333333333333
3.26666666666667
3.86666666666667
3.13333333333333
3.46666666666667
3.2
3.4
3.53333333333333
3.73333333333333
3.06666666666667
3.4
3.73333333333333
3.46666666666667
3.06666666666667
3.33333333333333
3.2
3.33333333333333
3
3.26666666666667
3.2
3.33333333333333
3.06666666666667
3.46666666666667
3.8
3.66666666666667
3.2
3.53333333333333
3.86666666666667
3.86666666666667
3.53333333333333
3.4
3.2
3.4
3.06666666666667
3.4
3.06666666666667
3.46666666666667
3.26666666666667
3.53333333333333
3.06666666666667
3.26666666666667
3.26666666666667
3.33333333333333
3.13333333333333
3.4
3.13333333333333
3.4
3.26666666666667
3.46666666666667
3.06666666666667
3.33333333333333
3.26666666666667
3.86666666666667
3.53333333333333
3.66666666666667
3.26666666666667
3.8
3.33333333333333
3.4
3
3.66666666666667
