1.76666666666667
1.78333333333333
1.78333333333333
1.78333333333333
1.8
1.78333333333333
1.8
1.75
1.75
1.76666666666667
1.8
1.95
9.16666666666667
1.75
1.75
2.03333333333333
9.6
1.8
1.78333333333333
1.81666666666667
1.9
1.73333333333333
1.76666666666667
1.95
1.78333333333333
8.36666666666667
1.8
1.8
1.8
1.8
1.83333333333333
1.75
1.76666666666667
1.76666666666667
1.78333333333333
2
1.8
1.78333333333333
1.76666666666667
1.78333333333333
1.76666666666667
1.8
1.8
1.8
1.8
1.78333333333333
1.78333333333333
1.93333333333333
1.78333333333333
1.75
1.8
1.78333333333333
1.8
1.81666666666667
1.8
1.8
1.8
1.75
1.75
1.95
1.8
1.8
1.8
1.76666666666667
1.75
1.8
1.78333333333333
1.75
1.8
1.8
1.78333333333333
1.93333333333333
1.8
1.78333333333333
1.78333333333333
1.75
1.76666666666667
1.8
1.75
1.8
1.8
1.8
1.8
1.95
1.8
1.8
1.8
1.78333333333333
1.78333333333333
1.75
1.78333333333333
1.76666666666667
1.75
1.8
1.8
1.93333333333333
1.8
1.76666666666667
1.78333333333333
1.76666666666667
1.7
1.6
1.5
1.58333333333333
1.5
1.55
1.5
1.75
1.5
1.55
1.5
1.55
1.5
1.58333333333333
1.5
1.6
1.5
1.55
1.5
1.75
1.5
1.55
1.5
1.55
1.5
1.6
1.5
1.55
1.5
1.55
1.5
1.73333333333333
1.5
1.55
1.55
1.55
1.55
1.6
1.53333333333333
1.56666666666667
1.55
1.55
1.55
1.75
1.55
1.55
1.55
1.55
1.55
1.6
1.56666666666667
1.88333333333333
1.55
1.55
1.55
1.75
1.55
1.55
1.55
1.55
1.55
1.6
1.55
1.55
1.55
1.55
1.55
1.75
1.51666666666667
1.55
1.55
1.55
1.55
1.6
1.55
1.6
1.55
1.55
1.53333333333333
1.75
1.55
1.55
1.55
1.55
1.55
1.56666666666667
1.55
1.58333333333333
1.55
1.55
1.55
1.73333333333333
1.55
1.55
1.53333333333333
1.55
1.55
1.6
1.55
1.55
1.55
1.55
1.55
1.71666666666667
1.55
1.55
1.55
1.51666666666667
1.55
1.58333333333333
1.55
1.55
1.55
1.55
1.55
1.7
1.55
1.55
1.55
1.55
1.55
1.7
1.55
1.55
1.55
1.55
1.55
1.73333333333333
1.55
1.55
1.55
1.55
1.53333333333333
1.6
1.56666666666667
1.55
1.55
1.55
1.55
1.75
1.55
1.55
1.55
1.55
1.55
1.6
1.55
1.58333333333333
1.55
1.55
1.55
1.7
1.55
1.71666666666667
1.78333333333333
1.78333333333333
2.08333333333333
9.06666666666667
1.8
1.8
1.8
1.86666666666667
1.8
2
1.8
1.8
1.75
1.55
1.55
1.6
1.55
8.96666666666667
1.55
1.51666666666667
1.55
1.73333333333333
1.86666666666667
1.76666666666667
1.8
1.8
1.76666666666667
1.8
1.78333333333333
1.78333333333333
7.11666666666667
3.01666666666667
1.78333333333333
2.1
