1.9
1.86666666666667
1.85
2.06666666666667
1.93333333333333
1.88333333333333
1.93333333333333
1.8
1.78333333333333
1.8
1.88333333333333
1.85
1.81666666666667
1.8
1.8
1.98333333333333
1.8
1.85
1.8
1.8
1.8
2
1.88333333333333
1.85
2.06666666666667
2.2
2.46666666666667
2.53333333333333
2.36666666666667
2.36666666666667
2.43333333333333
2.43333333333333
2.36666666666667
2.38333333333333
2.48333333333333
2.48333333333333
2.38333333333333
2.46666666666667
2.38333333333333
2.63333333333333
2.45
2.43333333333333
2.4
2.41666666666667
2.36666666666667
2.36666666666667
2.43333333333333
2.41666666666667
2.36666666666667
2.35
2.31666666666667
2.6
2.28333333333333
2.46666666666667
2.43333333333333
2.4
2.3
2.3
2.33333333333333
2.3
2.35
2.33333333333333
2.36666666666667
2.5
2.4
2.43333333333333
2.31666666666667
2.28333333333333
2.45
2.4
2.35
2.35
2.31666666666667
2.33333333333333
2.3
2.48333333333333
2.35
2.36666666666667
2.31666666666667
2.35
2.43333333333333
2.35
2.38333333333333
2.36666666666667
2.31666666666667
2.35
2.31666666666667
2.5
2.31666666666667
2.5
2.4
2.31666666666667
2.28333333333333
2.3
2.35
2.33333333333333
2.3
2.3
2.23333333333333
2.5
2.26666666666667
2.11666666666667
2.03333333333333
2.03333333333333
2.03333333333333
2.08333333333333
2.13333333333333
2.1
2.95
2.01666666666667
2
2.23333333333333
2.01666666666667
2.13333333333333
2.03333333333333
2.11666666666667
2.1
2.01666666666667
2.13333333333333
2.01666666666667
2.03333333333333
2.01666666666667
2.08333333333333
2.21666666666667
2.05
2.08333333333333
2.03333333333333
2.06666666666667
2.08333333333333
2.01666666666667
2.3
2.25
2.26666666666667
2.28333333333333
2.28333333333333
2.46666666666667
2.26666666666667
2.28333333333333
2.86666666666667
3.16666666666667
6.15
2.26666666666667
2.35
2.3
2.25
2.26666666666667
2.3
2.46666666666667
2.9
3.06666666666667
2.25
2.46666666666667
2.4
2.3
2.3
2.3
2.25
2.26666666666667
2.3
2.45
2.26666666666667
2.33333333333333
2.3
2.26666666666667
2.28333333333333
2.25
2.3
2.25
2.25
2.28333333333333
2.28333333333333
2.31666666666667
2.05
2.16666666666667
2.05
2.08333333333333
2.05
2.03333333333333
2.1
2.08333333333333
2.05
1.98333333333333
2.05
2.31666666666667
2.11666666666667
2.21666666666667
2.26666666666667
2.05
2.05
2.05
2.11666666666667
2.05
2.05
2.05
2.11666666666667
2.3
2.1
2.11666666666667
2.06666666666667
2.06666666666667
2.11666666666667
2.05
2.13333333333333
2.13333333333333
2.11666666666667
2.1
2.06666666666667
2.25
2.3
2.18333333333333
2.05
2.08333333333333
2.21666666666667
2.16666666666667
2.18333333333333
2.2
2.13333333333333
2.16666666666667
2.1
2.3
2.2
2.21666666666667
2.26666666666667
2.25
2.3
2.28333333333333
2.3
2.33333333333333
2.26666666666667
2.26666666666667
2.3
2.46666666666667
2.21666666666667
2.3
2.25
2.21666666666667
2.06666666666667
2.25
2.3
2.28333333333333
2.28333333333333
2.26666666666667
2.26666666666667
2.48333333333333
2.1
1.88333333333333
1.8
2.23333333333333
2.2
2.26666666666667
2.33333333333333
2.31666666666667
1.93333333333333
1.76666666666667
1.75
2.06666666666667
2.15
2.2
2.25
2.21666666666667
1.81666666666667
1.95
1.86666666666667
1.86666666666667
1.8
1.75
1.75
1.96666666666667
1.75
1.78333333333333
1.76666666666667
1.75
1.75
1.75
1.8
1.75
1.86666666666667
1.83333333333333
2.05
2.2
1.91666666666667
2.5
1.98333333333333
1.95
1.96666666666667
2.03333333333333
1.98333333333333
2
