5.76666666666667
5.7
5.48333333333333
5.23333333333333
6.11666666666667
12.2166666666667
6.16666666666667
6.58333333333333
6.28333333333333
5.75
5.61666666666667
5.23333333333333
5.2
5.48333333333333
6
5.91666666666667
5.93333333333333
6.43333333333333
7.03333333333333
6.81666666666667
5.85
5.55
5.46666666666667
5.6
5
6.06666666666667
5.36666666666667
4.91666666666667
19.4166666666667
19.2833333333333
13.0666666666667
6.1
5.58333333333333
4.85
4.75
9
11.5666666666667
8.73333333333333
4.95
4.68333333333333
4.75
5.7
4.63333333333333
5.3
5.45
4.36666666666667
4.5
5.23333333333333
4.98333333333333
4.9
4.53333333333333
4.43333333333333
4.36666666666667
5.31666666666667
4.85
4.81666666666667
4.48333333333333
4.55
4.45
5.33333333333333
5.33333333333333
4.88333333333333
5.05
5.45
4.7
5.78333333333333
5.48333333333333
5.51666666666667
5.55
4.78333333333333
4.93333333333333
4.85
5.4
6.53333333333333
5.6
5.05
5.13333333333333
5.23333333333333
5.46666666666667
5.18333333333333
5.33333333333333
5.5
5.91666666666667
5.31666666666667
5.11666666666667
5.55
5.96666666666667
5.51666666666667
5.48333333333333
5.78333333333333
5.21666666666667
5.5
5.56666666666667
5.11666666666667
5.1
5.48333333333333
4.91666666666667
5.23333333333333
5.65
5.5
4.66666666666667
5.73333333333333
4.98333333333333
5.3
5.83333333333333
5.13333333333333
5
5.4
5.43333333333333
4.53333333333333
5.18333333333333
5.08333333333333
4.83333333333333
5.63333333333333
5.08333333333333
5.7
4.91666666666667
4.36666666666667
5.03333333333333
5.58333333333333
4.63333333333333
6.06666666666667
5.03333333333333
5.16666666666667
4.91666666666667
5.46666666666667
4.55
4.66666666666667
4.75
4.85
4.46666666666667
5.08333333333333
5.31666666666667
5.16666666666667
4.61666666666667
5.21666666666667
5.65
5.61666666666667
5.38333333333333
5.6
5.83333333333333
4.63333333333333
4.71666666666667
5.08333333333333
5.65
5.68333333333333
4.68333333333333
4.93333333333333
4.88333333333333
5.65
4.13333333333333
5.2
4.65
4.58333333333333
4.76666666666667
4.83333333333333
5.26666666666667
5.88333333333333
4.4
4.36666666666667
4.91666666666667
4.6
4.91666666666667
5.03333333333333
4.43333333333333
4.6
4.95
4.56666666666667
4.63333333333333
4.75
4.68333333333333
4.41666666666667
4.95
6.18333333333333
23.9166666666667
28.95
28.4666666666667
13.3833333333333
5.1
4.81666666666667
6.36666666666667
5.1
5.78333333333333
5.55
5.56666666666667
4.95
5.58333333333333
5.15
5.7
5.11666666666667
5.33333333333333
4.8
5.56666666666667
5.08333333333333
4.91666666666667
5.05
5.38333333333333
4.81666666666667
5.41666666666667
6.18333333333333
5.35
4.81666666666667
4.66666666666667
4.81666666666667
4.68333333333333
5.15
5.15
8.95
12.1833333333333
12.1666666666667
8.35
5.8
5.25
5.08333333333333
5.56666666666667
5.26666666666667
5.16666666666667
5.98333333333333
5.03333333333333
4.8
6.06666666666667
15.9166666666667
10.9666666666667
16.0666666666667
8.4
15.8666666666667
26.4
11.7
10.0666666666667
11.1
11.8166666666667
7.53333333333333
8.68333333333333
8.21666666666667
9.25
8.91666666666667
12.0333333333333
10.25
10.8333333333333
12.45
12.0666666666667
15.65
9.56666666666667
8.15
8.21666666666667
7.4
8.35
11.8166666666667
13.3166666666667
15.6
12.8166666666667
12.55
10.4
9.61666666666667
8.86666666666667
9.91666666666667
11.9166666666667
21.1
13.35
12.5333333333333
12.4166666666667
11.7166666666667
10.0166666666667
10.1
10.65
10.15
11.9
8.45
8.45
7.26666666666667
9.95
9.68333333333333
9.38333333333333
8.88333333333333
9.41666666666667
7.76666666666667
8.46666666666667
9.35
8.15
9.45
10.6666666666667
12.0666666666667
12.2333333333333
11.1333333333333
9.76666666666667
10.1833333333333
10.3666666666667
10.9833333333333
