3.96666666666667
4.15
4.06666666666667
4
4.11666666666667
4.01666666666667
3.96666666666667
4.16666666666667
3.96666666666667
4.08333333333333
4.46666666666667
4.48333333333333
4.63333333333333
4.23333333333333
4.01666666666667
4.18333333333333
4.18333333333333
4.03333333333333
4.13333333333333
4.11666666666667
4
4.1
4.13333333333333
4.5
4.16666666666667
4.01666666666667
4.08333333333333
4.16666666666667
4.33333333333333
4.13333333333333
3.98333333333333
4
4.03333333333333
4
4.06666666666667
4.46666666666667
3.95
4
4.01666666666667
3.95
4.06666666666667
3.91666666666667
3.9
4.06666666666667
4
3.9
4.08333333333333
4.53333333333333
4.03333333333333
4.1
3.91666666666667
4.05
4.1
3.95
4.01666666666667
4.05
4.03333333333333
4
4.03333333333333
4.41666666666667
4.05
3.95
3.93333333333333
4.08333333333333
3.95
4.13333333333333
4.25
4.11666666666667
4.15
4.06666666666667
4.1
4.41666666666667
3.91666666666667
3.98333333333333
4.05
4.05
4.06666666666667
3.96666666666667
3.88333333333333
4.03333333333333
3.96666666666667
3.91666666666667
4.06666666666667
4.31666666666667
4.11666666666667
4.4
4.06666666666667
4.25
4.16666666666667
4
4.13333333333333
4.16666666666667
4.08333333333333
4.2
4.15
4.61666666666667
4.1
4.05
4.11666666666667
4.15
4.11666666666667
4.13333333333333
4.16666666666667
4.11666666666667
4.4
4.08333333333333
4.15
4.58333333333333
4.08333333333333
4.3
4.13333333333333
4.7
4.51666666666667
4.45
4.43333333333333
4.55
4.31666666666667
4.35
4.4
4.65
4.3
4.38333333333333
4.68333333333333
4.73333333333333
4.55
4.36666666666667
5.01666666666667
4.91666666666667
4.56666666666667
4.61666666666667
4.5
4.88333333333333
4.56666666666667
4.41666666666667
4.46666666666667
4.51666666666667
4.4
4.45
4.48333333333333
4.38333333333333
4.38333333333333
5.86666666666667
4.65
6.2
4.81666666666667
34.15
18.0833333333333
14.8666666666667
38.6833333333333
12.5666666666667
31.0333333333333
31.1
7.81666666666667
4.9
4.88333333333333
16.5333333333333
27.45
4.86666666666667
4.6
4.81666666666667
5.36666666666667
5.13333333333333
4.78333333333333
4.91666666666667
4.61666666666667
4.71666666666667
4.61666666666667
4.81666666666667
4.5
5.11666666666667
5.35
5.03333333333333
4.83333333333333
4.73333333333333
4.71666666666667
4.71666666666667
4.71666666666667
4.81666666666667
4.7
5.1
5
4.71666666666667
4.8
4.83333333333333
5.25
4.96666666666667
4.78333333333333
4.8
4.71666666666667
4.41666666666667
5.55
7.65
5.51666666666667
4.8
7.06666666666667
8.81666666666667
7.68333333333333
7.11666666666667
5.91666666666667
7.25
7.6
8.45
7.56666666666667
7.76666666666667
7.56666666666667
7.56666666666667
7.48333333333333
7.61666666666667
7.73333333333333
7.66666666666667
7.65
6.83333333333333
4.38333333333333
5.28333333333333
4.75
6.65
5.3
5.06666666666667
4.86666666666667
4.71666666666667
4.63333333333333
4.66666666666667
4.56666666666667
4.6
4.63333333333333
4.56666666666667
4.55
5.11666666666667
4.5
4.61666666666667
4.63333333333333
4.56666666666667
4.58333333333333
4.58333333333333
4.45
4.66666666666667
4.58333333333333
4.76666666666667
4.71666666666667
5.01666666666667
4.61666666666667
4.73333333333333
4.56666666666667
4.6
5.2
4.56666666666667
4.65
4.63333333333333
4.51666666666667
4.56666666666667
4.58333333333333
4.91666666666667
6.68333333333333
8.6
7.61666666666667
4.63333333333333
4.75
4.51666666666667
4.43333333333333
4.46666666666667
4.46666666666667
4.4
4.36666666666667
4.88333333333333
4.4
4.5
4.48333333333333
4.45
4.51666666666667
4.46666666666667
4.36666666666667
4.58333333333333
4.41666666666667
4.31666666666667
4.56666666666667
5.06666666666667
4.58333333333333
4.58333333333333
4.4
4.43333333333333
4.51666666666667
4.35
4.36666666666667
4.58333333333333
4.33333333333333
4.38333333333333
4.4
4.73333333333333
