5.1
4.66666666666667
5.8
4.5
5
5.5
4.5
5.66666666666667
5.83333333333333
5
5.7
4.53333333333333
5.5
5
5
5.5
4.5
5.46666666666667
6.7
6.1
5.8
4.5
4.96666666666667
5.46666666666667
4.6
5.7
4.8
5
5.5
4.5
5.46666666666667
5
5
5.5
4.56666666666667
5.66666666666667
5.4
5.16666666666667
6.33333333333333
5.63333333333333
5.36666666666667
5.56666666666667
4.6
5.66666666666667
5.23333333333333
5.06666666666667
5.5
4.53333333333333
5.9
5.53333333333333
5.03333333333333
5.56666666666667
4.46666666666667
5.23333333333333
5.26666666666667
4.5
5.96666666666667
4.53333333333333
5.06666666666667
5.5
4.5
5.5
5
5
5.5
4.5
5.5
4.96666666666667
5
5.46666666666667
4.5
5.3
5.16666666666667
4.53333333333333
5.93333333333333
4.6
5.1
5.5
4.5
5.53333333333333
4.96666666666667
5
5.46666666666667
4.5
5.5
5.03333333333333
5
5.5
4.46666666666667
5.3
5.2
4.56666666666667
5.93333333333333
4.5
5
5.6
4.53333333333333
5.56666666666667
4.93333333333333
4.96666666666667
5.5
4.5
5.5
5
4.63333333333333
5.86666666666667
4.6
5.3
5.2
4.5
6
4.5
5.16666666666667
5.63333333333333
4.83333333333333
5.7
5.3
5.13333333333333
5.6
4.5
5.56666666666667
5.96666666666667
7.33333333333333
7.4
4.6
5.16666666666667
5.53333333333333
4.5
5.66666666666667
5
5.03333333333333
5.6
5.16666666666667
5.53333333333333
5.03333333333333
5.13333333333333
7.73333333333333
8.23333333333333
5.5
6
5
5.73333333333333
6.5
9.13333333333333
8.66666666666667
4.63333333333333
5
5.6
4.63333333333333
8.4
6.5
6.5
6.1
4.63333333333333
5.33333333333333
5.23333333333333
4.6
6.03333333333333
4.5
5
5.6
8.3
7.23333333333333
5.4
5
6.26666666666667
4.76666666666667
5.3
5.5
4.5
5.96666666666667
4.66666666666667
5.3
5.56666666666667
4.7
6.86666666666667
5.6
5.03333333333333
5.76666666666667
4.5
5.56666666666667
5.1
4.5
6
4.8
5.5
5.96666666666667
4.96666666666667
6.1
5.26666666666667
5.2
5.56666666666667
4.5
5.7
5.06666666666667
4.66666666666667
6.76666666666667
9.06666666666667
8.96666666666667
5.56666666666667
4.6
5.76666666666667
7.73333333333333
4.96666666666667
6.03333333333333
4.7
5.5
5.13333333333333
4.53333333333333
5.83333333333333
5.16666666666667
5
5.73333333333333
4.66666666666667
5.53333333333333
5.03333333333333
5.03333333333333
5.53333333333333
4.56666666666667
5.8
5.06666666666667
4.56666666666667
6
4.53333333333333
5.33333333333333
5.36666666666667
4.53333333333333
5.56666666666667
4.96666666666667
5
5.53333333333333
5.1
5.5
5.1
5.23333333333333
6
4.7
5.7
5.16666666666667
4.5
5.96666666666667
4.73333333333333
5.13333333333333
5.46666666666667
4.53333333333333
5.5
5
5
5.56666666666667
4.66666666666667
5.5
5.03333333333333
4.9
5.6
4.5
6.66666666666667
5.23333333333333
4.5
5.73333333333333
4.8
5
5.5
4.5
5.53333333333333
5
5
5.7
4.6
5.5
5.26666666666667
4.76666666666667
5.8
4.93333333333333
5.4
5.13333333333333
4.66666666666667
5.66666666666667
4.83333333333333
5
5.1
4.5
5.46666666666667
5
5
5.6
4.5
5.46666666666667
5
