1.26666666666667
1.2
1.2
1.2
1.2
1.2
1.2
1.26666666666667
1.13333333333333
1.2
1.2
1.2
1.26666666666667
1.2
1.2
1.2
1.2
1.2
1.13333333333333
1.06666666666667
1.2
1.2
1.2
1.2
1.2
1.2
1.2
1.2
1.2
1.13333333333333
1.06666666666667
1.2
1.2
1.2
1.2
1.2
1.33333333333333
1.4
1.2
1.2
1.13333333333333
1.06666666666667
1.2
1.2
1.2
1.2
1.2
1.2
1.4
1.26666666666667
1.2
1.13333333333333
1.06666666666667
1.2
1.2
1.2
4.73333333333333
16.8666666666667
5.93333333333333
1.46666666666667
1.26666666666667
1.2
1.13333333333333
1.06666666666667
1.26666666666667
1.4
1.2
1.2
1.2
1.2
1.2
1.2
1.53333333333333
1.13333333333333
1.06666666666667
1.2
1.2
1.2
1.2
1.2
1.33333333333333
1.4
1.2
1.2
1.2
1.06666666666667
1.2
1.2
1.26666666666667
1.26666666666667
1.2
1.2
1.2
1.2
1.2
1.13333333333333
1.46666666666667
1.2
1.2
1.2
1.2
1.2
1.33333333333333
1.4
1.33333333333333
1.2
1.26666666666667
1.06666666666667
1.2
1.2
1.4
1.2
1.2
1.2
1.26666666666667
1.2
1.2
1.13333333333333
1.06666666666667
1.4
1.6
1.2
1.46666666666667
1.4
1.4
1.33333333333333
1.4
1.2
1.13333333333333
1.26666666666667
1.2
1.2
1.26666666666667
1.2
1.26666666666667
1.2
1.2
1.2
1.2
1.13333333333333
1.06666666666667
1.2
1.2
1.2
1.6
1.2
1.26666666666667
1.53333333333333
1.26666666666667
1.2
1.26666666666667
1.06666666666667
1.2
1.2
1.26666666666667
1.2
1.33333333333333
1.2
1.2
1.4
1.2
1.53333333333333
2.06666666666667
2.13333333333333
1.6
1.4
1.4
1.4
1.6
1.2
1.26666666666667
1.2
1.13333333333333
1.06666666666667
1.2
1.2
1.6
1.2
1.2
1.2
1.46666666666667
1.2
1.2
1.13333333333333
1.06666666666667
1.2
1.2
1.2
1.2
1.26666666666667
1.2
1.2
1.6
1.2
1.2
1.06666666666667
1.2
1.2
1.2
1.2
1.4
1.2
1.26666666666667
1.2
1.2
1.13333333333333
1.06666666666667
1.2
1.2
1.2
1.2
1.2
1.2
1.2
1.26666666666667
1.2
1.53333333333333
1.06666666666667
1.2
1.2
1.2
1.2
1.33333333333333
1.2
1.2
1.2
1.2
1.13333333333333
1.06666666666667
1.2
1.2
1.2
1.2
1.2
1.4
1.2
1.2
1.2
1.2
1.06666666666667
1.46666666666667
1.2
1.2
1.2
1.2
1.26666666666667
1.2
1.2
1.2
1.2
1.06666666666667
1.13333333333333
1.2
1.2
1.2
1.2
1.2
1.2
1.2
1.2
1.2
1.06666666666667
1.26666666666667
1.2
1.53333333333333
1.2
1.2
1.4
1.2
1.2
1.2
1.2
1.06666666666667
1.13333333333333
1.2
1.2
1.33333333333333
1.2
1.2
1.13333333333333
1.2
1.2
1.2
1.06666666666667
1.13333333333333
1.2
1.2
1.2
