2
2
2.01666666666667
2.05
2.05
2.21666666666667
2.01666666666667
2
2.01666666666667
2.03333333333333
2.03333333333333
2.05
2.05
2.05
2.05
2
2.06666666666667
2.4
2.03333333333333
2.01666666666667
2.03333333333333
2.03333333333333
2.01666666666667
1.98333333333333
2
2.01666666666667
2
1.98333333333333
2.05
2.21666666666667
1.98333333333333
2.01666666666667
2
2.03333333333333
2.05
2.05
2
2.01666666666667
2
2.03333333333333
2.01666666666667
2.23333333333333
2.01666666666667
2.05
2.03333333333333
2.01666666666667
2.01666666666667
2
2
2
2.05
2.03333333333333
2.05
2.2
2
2
2
2
2.01666666666667
2
2.1
2.01666666666667
2.01666666666667
2
2.03333333333333
2.25
2.05
2.05
2.11666666666667
2.03333333333333
2
2.01666666666667
2.01666666666667
1.98333333333333
2
2.03333333333333
2.03333333333333
2.2
2.03333333333333
2.01666666666667
2.01666666666667
2.01666666666667
2
2.01666666666667
2
2.03333333333333
2
1.98333333333333
2
2.23333333333333
2.05
2
2.05
2.05
2
2
2.03333333333333
2.03333333333333
2.03333333333333
2
1.91666666666667
1.98333333333333
1.75
1.75
1.75
1.8
1.75
1.78333333333333
1.75
1.75
1.75
1.76666666666667
1.75
1.98333333333333
1.75
1.75
1.75
1.76666666666667
1.75
1.8
1.75
1.75
1.75
1.78333333333333
1.75
2.03333333333333
1.75
1.76666666666667
1.75
1.75
1.75
1.8
1.75
1.75
1.78333333333333
1.81666666666667
1.75
1.98333333333333
1.8
1.76666666666667
1.78333333333333
1.78333333333333
1.75
1.76666666666667
1.8
1.75
1.75
1.8
2.53333333333333
2.55
1.8
1.8
1.76666666666667
2.13333333333333
1.75
1.75
1.75
1.75
1.75
1.8
1.8
2
1.78333333333333
1.75
1.75
1.78333333333333
1.76666666666667
1.75
1.75
1.75
1.78333333333333
1.76666666666667
1.78333333333333
1.95
1.78333333333333
1.78333333333333
1.78333333333333
1.78333333333333
1.75
1.75
1.76666666666667
1.78333333333333
1.78333333333333
1.78333333333333
1.75
1.95
1.76666666666667
1.75
1.76666666666667
1.75
1.75
1.75
1.75
1.76666666666667
1.76666666666667
1.78333333333333
1.78333333333333
1.98333333333333
1.78333333333333
1.75
1.76666666666667
1.8
1.76666666666667
1.76666666666667
1.76666666666667
1.76666666666667
1.76666666666667
1.78333333333333
1.78333333333333
1.98333333333333
1.76666666666667
1.76666666666667
1.75
1.78333333333333
1.76666666666667
1.75
1.75
1.76666666666667
1.75
1.75
1.76666666666667
2
1.78333333333333
1.76666666666667
1.75
1.75
1.78333333333333
1.75
1.75
1.76666666666667
1.75
1.76666666666667
1.76666666666667
2
1.78333333333333
1.78333333333333
1.75
1.75
1.78333333333333
1.75
1.75
1.78333333333333
1.75
1.75
1.8
1.98333333333333
1.78333333333333
1.78333333333333
1.75
1.75
1.78333333333333
1.76666666666667
1.75
1.8
1.75
1.76666666666667
1.8
1.95
1.71666666666667
1.8
1.75
1.75
1.8
1.75
1.75
1.78333333333333
1.78333333333333
1.75
1.8
1.95
1.75
1.76666666666667
1.78333333333333
1.75
1.8
1.81666666666667
1.95
2.03333333333333
2.03333333333333
2.03333333333333
2.01666666666667
2.23333333333333
2
2.05
2.03333333333333
2.05
2.05
2.03333333333333
