1.8
1.5
1.7
1.5
1.7
1.5
1.7
1.5
1.7
1.5
1.7
1.5
1.8
1.5
1.8
1.5
1.7
1.5
1.7
1.5
1.7
1.5
1.7
1.5
1.86666666666667
1.5
2.1
1.5
1.7
1.5
1.7
1.5
1.7
1.5
1.7
1.5
1.8
1.5
1.7
1.76666666666667
2.23333333333333
1.5
1.7
1.5
1.7
1.5
1.7
1.5
1.76666666666667
1.5
1.7
1.5
1.7
1.5
1.7
1.5
1.7
1.5
1.7
1.5
1.8
1.5
1.66666666666667
1.5
1.5
1.7
1.5
1.7
1.5
1.7
1.5
1.83333333333333
1.5
1.7
1.5
1.7
1.5
1.7
1.5
1.66666666666667
1.5
1.63333333333333
1.56666666666667
1.73333333333333
1.56666666666667
1.63333333333333
1.63333333333333
1.56666666666667
1.63333333333333
1.56666666666667
1.63333333333333
1.56666666666667
1.63333333333333
1.56666666666667
1.7
1.6
1.56666666666667
1.63333333333333
1.56666666666667
1.63333333333333
1.56666666666667
1.63333333333333
1.56666666666667
1.63333333333333
1.56666666666667
1.63333333333333
1.76666666666667
1.63333333333333
1.53333333333333
1.56666666666667
1.5
1.63333333333333
1.5
1.7
1.5
1.7
1.5
1.7
1.66666666666667
1.7
1.5
1.7
1.5
1.66666666666667
1.5
1.7
1.5
1.7
1.5
1.7
1.6
1.7
1.5
1.7
1.5
1.7
1.5
1.7
1.5
1.6
1.5
1.6
1.66666666666667
1.7
1.5
1.7
1.5
1.6
1.5
1.7
1.5
1.63333333333333
1.5
1.7
1.6
1.66666666666667
1.5
1.66666666666667
1.5
1.63333333333333
1.5
1.63333333333333
1.5
1.7
1.5
1.63333333333333
1.5
1.7
1.5
1.6
1.5
1.7
1.5
1.7
1.5
1.6
1.5
1.7
1.56666666666667
1.63333333333333
1.5
1.7
1.5
1.66666666666667
1.5
1.6
1.5
1.63333333333333
1.5
1.63333333333333
1.6
1.7
1.5
1.7
1.5
1.7
1.5
1.7
1.5
1.66666666666667
1.5
1.7
1.6
1.7
1.5
1.66666666666667
1.5
1.66666666666667
1.5
1.7
1.5
1.7
1.5
1.66666666666667
1.53333333333333
1.7
1.5
1.7
1.5
1.7
1.5
1.7
1.5
1.7
1.5
1.7
1.6
1.7
1.5
1.7
1.5
1.7
1.5
1.7
1.5
1.66666666666667
1.5
1.7
1.56666666666667
1.7
1.5
1.7
1.46666666666667
1.7
1.5
1.7
1.5
1.7
1.5
1.7
1.63333333333333
1.7
1.5
1.66666666666667
1.5
1.7
1.5
1.66666666666667
1.5
1.7
1.5
1.7
3.7
1.7
1.5
1.7
1.5
1.7
1.5
1.7
1.5
1.7
1.5
1.7
1.63333333333333
1.66666666666667
1.5
1.7
1.5
1.7
1.5
1.7
1.5
1.7
1.5
1.7
1.6
1.5
