3.95
11.7666666666667
5.33333333333333
6.76666666666667
4.28333333333333
12.5666666666667
4.51666666666667
5.38333333333333
5.13333333333333
11.9166666666667
17.7166666666667
14.4
16.5833333333333
14.4
4.53333333333333
5.33333333333333
5.2
6.83333333333333
4.7
4.48333333333333
4.96666666666667
3.81666666666667
3.68333333333333
5.81666666666667
3.73333333333333
5
4.3
4.63333333333333
3.63333333333333
9.9
9.11666666666667
9.41666666666667
10.3666666666667
5.76666666666667
11.15
10.2666666666667
9.85
9.63333333333333
8.4
11.0666666666667
9.85
18.05
11.3166666666667
10.5833333333333
12.0166666666667
10.4333333333333
9.51666666666667
16.2666666666667
10.9
9.51666666666667
9.71666666666667
11.55
10.05
18.4333333333333
9.61666666666667
9.63333333333333
9.13333333333333
9.83333333333333
10.15
13.3
13.05
10.0333333333333
9.53333333333333
11.0833333333333
10.4
13.4333333333333
10.2
9.36666666666667
9.16666666666667
10.65
8.98333333333333
10.5333333333333
9.36666666666667
9.1
9.36666666666667
10.8166666666667
10.3833333333333
18.9
11.75
12.1
10.0333333333333
11.9166666666667
10.5333333333333
13.05
11.5833333333333
12.5333333333333
16.95
12.7333333333333
10.5666666666667
12.2333333333333
11.8
14.4333333333333
10.3
11.5
10.8666666666667
13.0666666666667
12.3
11.85
8.98333333333333
11.85
11.1666666666667
9.56666666666667
6.11666666666667
4.28333333333333
4.78333333333333
6.05
4.3
10.1166666666667
4.38333333333333
5.73333333333333
4.38333333333333
6
4.76666666666667
7.11666666666667
4.11666666666667
5.1
6.36666666666667
5.13333333333333
4.91666666666667
6.65
5.6
12.3833333333333
5.45
5.4
5.3
9.78333333333333
6.25
3.76666666666667
4.75
6.5
4.8
5.23333333333333
4.71666666666667
6.56666666666667
4.26666666666667
5.15
6.5
5.31666666666667
4.43333333333333
3.45
4.91666666666667
5.28333333333333
4.93333333333333
6.13333333333333
4.1
7.8
4.05
6.36666666666667
6.33333333333333
7.55
6
4.06666666666667
4.7
5.06666666666667
3.76666666666667
3.85
11.15
3.8
6.08333333333333
6.48333333333333
7
5.56666666666667
4.11666666666667
8.51666666666667
4.33333333333333
4.1
5.18333333333333
6.6
3.73333333333333
4.73333333333333
3.93333333333333
6.66666666666667
5.96666666666667
5.38333333333333
3.83333333333333
3.91666666666667
4.21666666666667
4.35
3.68333333333333
4.56666666666667
13.7666666666667
3.56666666666667
4.25
7.35
12.6666666666667
4.31666666666667
4.05
3.68333333333333
8.86666666666667
4.4
4.26666666666667
4.31666666666667
4.8
5.41666666666667
4.61666666666667
5.61666666666667
4.61666666666667
4.5
4.86666666666667
3.81666666666667
3.6
4.88333333333333
4.46666666666667
4.11666666666667
3.71666666666667
4.43333333333333
3.8
4.91666666666667
4.6
5.95
6.7
3.53333333333333
4.71666666666667
5.16666666666667
4.63333333333333
8.76666666666667
6.1
4.13333333333333
5.01666666666667
5.16666666666667
13.4
4.76666666666667
4.18333333333333
3.18333333333333
4.13333333333333
5.71666666666667
6.41666666666667
3.98333333333333
4.33333333333333
12.7
8.98333333333333
6.51666666666667
5.66666666666667
10.7
4.63333333333333
3.48333333333333
4.78333333333333
7.71666666666667
4.38333333333333
12.9333333333333
13.2833333333333
5.45
5.68333333333333
6.28333333333333
7.33333333333333
7.85
14.1
4.48333333333333
5.2
5.23333333333333
4.08333333333333
4.43333333333333
4.36666666666667
3.51666666666667
5.58333333333333
5.81666666666667
4.33333333333333
4.66666666666667
3.81666666666667
5.38333333333333
4.41666666666667
6.23333333333333
4.75
5.01666666666667
4.26666666666667
3.7
3.8
6.35
4.93333333333333
6.6
3.78333333333333
3.93333333333333
6.46666666666667
5.5
3.86666666666667
5.38333333333333
10.8166666666667
10.8166666666667
5.26666666666667
6.13333333333333
5.21666666666667
4.53333333333333
4.56666666666667
3.68333333333333
4.23333333333333
7.23333333333333
3.5
4.75
