2
2
2
2
2.13333333333333
2.06666666666667
2
2
2
2
2.2
2
2
2
2
2
2.4
2.6
2.4
2
2
2
2
2
2
2
2
2
2.13333333333333
2.06666666666667
2
2
2.2
2
2
2
2
2
2
2
2.13333333333333
2.06666666666667
2
2
2
2
2
2
2
2
2
2
2.13333333333333
2.06666666666667
2
2
2.2
2
2
2
2
2
2
2
2.93333333333333
2.06666666666667
2
2
2
2
2
2
2
2
2
2
2.33333333333333
2.06666666666667
2
2
2
2
2
2
2
2
2.71428571428571
2
2.13333333333333
2.06666666666667
2
2
2
2
2
2
2.2
2
2
2
2.13333333333333
2.06666666666667
2
2
2
2
2.13333333333333
3.73333333333333
2
2
2
2
2.13333333333333
2.06666666666667
2
2
2
2.13333333333333
2
2
2
2.71428571428571
2
2
2.13333333333333
2.06666666666667
2
2
2
2
2
2
2
2
2
2
2.13333333333333
2.06666666666667
2
2.2
2
2
2
2
2
2.71428571428571
2
2
2.13333333333333
2.06666666666667
2.13333333333333
2
2
2
2
2
2.71428571428571
2
2.2
2
2.13333333333333
2.06666666666667
2
2.6
2
2
2
2
2
2
2
2
2.13333333333333
2.06666666666667
2
2
2
2
2
2
2.69230769230769
2.2
2
2
2.13333333333333
2.06666666666667
2
2
2
2
2
2
2
2
2
2
2.13333333333333
2.06666666666667
2
2
2
2
2
2.2
2
2
2
2
2.13333333333333
2.06666666666667
2
2
2
2
2
2
2
2
2
2
2.13333333333333
2.06666666666667
2
2
2.2
2
2
2
2
2
2
2
2.13333333333333
2.64285714285714
2.06666666666667
2
2
2
3
2
2.76923076923077
2
2
2.2
2.13333333333333
2.06666666666667
2.2
2
2
2
2
2
2
2
2
2
2.13333333333333
2.06666666666667
2
1.93333333333333
2
2
2
2.13333333333333
2.06666666666667
2
2
2
2.13333333333333
2.06666666666667
2
2
2
2
2
2
2
2
2
2
2.13333333333333
2.06666666666667
2.66666666666667
2.2
2
2
2
2
