1.5
1.56666666666667
1.5
1.5
1.66666666666667
1.56666666666667
1.5
1.5
1.53333333333333
1.5
1.5
1.43333333333333
1.46666666666667
1.5
1.5
1.43333333333333
1.66666666666667
1.53333333333333
1.43333333333333
1.46666666666667
1.43333333333333
1.43333333333333
1.46666666666667
1.46666666666667
1.43333333333333
1.5
1.43333333333333
1.4
1.56666666666667
1.53333333333333
1.4
1.43333333333333
1.46666666666667
1.46666666666667
1.5
1.46666666666667
1.36666666666667
1.46666666666667
1.5
1.36666666666667
1.56666666666667
1.5
1.46666666666667
1.43333333333333
1.46666666666667
1.46666666666667
1.46666666666667
1.46666666666667
1.43333333333333
1.53333333333333
1.46666666666667
1.46666666666667
1.53333333333333
1.5
1.46666666666667
1.4
1.4
1.46666666666667
1.43333333333333
1.43333333333333
1.46666666666667
1.43333333333333
1.43333333333333
1.4
1.5
1.4
1.43333333333333
1.4
1.46666666666667
1.46666666666667
1.46666666666667
1.46666666666667
1.46666666666667
1.53333333333333
1.46666666666667
1.46666666666667
1.56666666666667
1.46666666666667
1.46666666666667
1.43333333333333
1.4
1.4
1.46666666666667
1.46666666666667
1.36666666666667
1.36666666666667
1.36666666666667
1.43333333333333
2.16666666666667
1.8
1.3
1.4
1.4
1.33333333333333
1.5
1.5
1.43333333333333
1.56666666666667
1.5
1.33333333333333
1.46666666666667
1.5
1.43333333333333
1.36666666666667
1.46666666666667
1.36666666666667
1.43333333333333
1.46666666666667
1.43333333333333
1.36666666666667
1.46666666666667
1.43333333333333
1.5
1.46666666666667
1.36666666666667
1.43333333333333
1.4
1.4
1.4
1.4
1.36666666666667
1.5
1.4
1.4
1.63333333333333
1.5
1.33333333333333
1.4
1.4
1.4
1.43333333333333
1.36666666666667
1.36666666666667
1.33333333333333
1.4
1.4
1.56666666666667
1.5
1.46666666666667
1.4
1.46666666666667
1.46666666666667
1.43333333333333
1.43333333333333
1.4
1.53333333333333
1.4
1.4
1.5
1.56666666666667
1.33333333333333
1.3
1.3
1.36666666666667
1.6
1.36666666666667
1.3
1.43333333333333
1.3
1.3
1.5
1.46666666666667
1.43333333333333
1.43333333333333
1.4
1.43333333333333
1.46666666666667
1.46666666666667
1.36666666666667
1.56666666666667
1.4
1.33333333333333
1.5
1.43333333333333
1.4
1.4
1.46666666666667
1.36666666666667
1.5
1.46666666666667
1.46666666666667
1.43333333333333
1.4
1.43333333333333
1.6
1.5
1.33333333333333
1.43333333333333
1.5
1.4
1.4
1.4
1.3
1.46666666666667
1.46666666666667
1.36666666666667
1.46666666666667
1.46666666666667
1.43333333333333
1.46666666666667
1.5
1.5
1.5
1.46666666666667
1.46666666666667
1.4
1.43333333333333
1.4
1.56666666666667
1.46666666666667
1.4
1.36666666666667
1.4
1.46666666666667
1.5
1.5
1.5
1.56666666666667
1.43333333333333
1.4
1.56666666666667
1.5
1.33333333333333
1.4
1.46666666666667
1.43333333333333
1.43333333333333
1.46666666666667
1.5
1.46666666666667
1.46666666666667
1.46666666666667
1.56666666666667
1.53333333333333
1.43333333333333
1.43333333333333
1.36666666666667
1.43333333333333
1.4
1.36666666666667
1.4
1.5
1.43333333333333
1.3
1.53333333333333
1.5
1.36666666666667
1.43333333333333
1.5
1.4
1.43333333333333
1.4
1.33333333333333
1.46666666666667
1.46666666666667
1.4
1.56666666666667
1.4
1.43333333333333
1.36666666666667
1.36666666666667
3.33333333333333
1.6
1.5
1.5
1.6
1.5
1.5
1.63333333333333
1.56666666666667
1.5
1.5
1.5
1.5
1.5
1.5
3.5
1.53333333333333
1.5
1.5
1.63333333333333
1.56666666666667
1.5
1.46666666666667
1.5
1.43333333333333
1.46666666666667
1.5
