2.33333333333333
2.73333333333333
2.8
2.46666666666667
2.5
2.56666666666667
2.36666666666667
2.63333333333333
2.5
2.43333333333333
2.76666666666667
2.73333333333333
2.53333333333333
2.53333333333333
2.5
2.6
1.96666666666667
1.96666666666667
2.13333333333333
1.96666666666667
2.26666666666667
1.86666666666667
1.93333333333333
1.86666666666667
1.8
1.76666666666667
1.86666666666667
1.83333333333333
1.96666666666667
1.9
2.03333333333333
1.86666666666667
1.76666666666667
1.73333333333333
1.8
1.83333333333333
1.7
2.03333333333333
1.7
1.83333333333333
1.86666666666667
1.76666666666667
1.73333333333333
2.03333333333333
2.9
1.66666666666667
1.8
1.7
1.7
2.1
1.86666666666667
1.63333333333333
1.76666666666667
1.83333333333333
1.7
1.93333333333333
1.83333333333333
1.73333333333333
2
1.93333333333333
1.7
1.8
1.83333333333333
1.73333333333333
1.9
1.8
1.76666666666667
1.8
2
1.7
1.83333333333333
1.7
1.66666666666667
1.76666666666667
1.7
1.83333333333333
1.86666666666667
2.2
2.06666666666667
2
1.96666666666667
1.8
1.93333333333333
1.83333333333333
1.7
1.76666666666667
1.8
1.86666666666667
1.83333333333333
1.9
1.8
1.83333333333333
1.8
1.66666666666667
1.8
1.8
1.8
2
1.66666666666667
1.7
1.8
1.86666666666667
1.8
1.9
1.83333333333333
1.73333333333333
2.13333333333333
1.83333333333333
1.86666666666667
1.96666666666667
1.76666666666667
1.76666666666667
1.73333333333333
1.76666666666667
1.8
1.93333333333333
2.03333333333333
1.66666666666667
1.8
1.86666666666667
1.66666666666667
2
1.8
1.83333333333333
2.2
7.23333333333333
1.7
1.9
1.8
1.66666666666667
1.73333333333333
1.7
1.7
1.73333333333333
1.76666666666667
2
3.23333333333333
3.96666666666667
1.7
1.86666666666667
1.76666666666667
1.73333333333333
1.86666666666667
1.7
1.93333333333333
1.73333333333333
1.73333333333333
1.73333333333333
1.8
1.73333333333333
1.63333333333333
1.8
1.76666666666667
1.76666666666667
2.2
1.8
1.7
1.73333333333333
1.76666666666667
1.66666666666667
1.8
1.8
1.7
1.76666666666667
1.96666666666667
1.76666666666667
1.8
1.73333333333333
1.66666666666667
1.83333333333333
1.73333333333333
1.66666666666667
1.76666666666667
1.73333333333333
1.96666666666667
1.93333333333333
1.8
1.66666666666667
1.8
1.73333333333333
1.73333333333333
1.83333333333333
1.8
1.8
1.93333333333333
1.73333333333333
1.7
1.86666666666667
1.76666666666667
1.7
1.76666666666667
1.73333333333333
1.7
1.96666666666667
1.8
1.73333333333333
1.8
1.8
1.66666666666667
1.8
1.73333333333333
1.73333333333333
1.86666666666667
1.86666666666667
1.63333333333333
1.8
1.76666666666667
1.73333333333333
1.86666666666667
1.86666666666667
1.7
1.83333333333333
2.13333333333333
1.86666666666667
2.43333333333333
2.4
1.86666666666667
1.96666666666667
1.83333333333333
1.8
1.96666666666667
2.06666666666667
2.1
2
1.93333333333333
1.9
2
1.96666666666667
2.13333333333333
1.96666666666667
2.06666666666667
2.3
2.03333333333333
1.93333333333333
1.8
1.96666666666667
1.93333333333333
1.9
1.9
2
1.76666666666667
2.23333333333333
2.1
2
2
1.8
2.03333333333333
1.9
2.1
1.76666666666667
2.3
1.9
2
2.06666666666667
2.16666666666667
1.9
2.1
1.83333333333333
1.9
2.13333333333333
2.3
1.86666666666667
2.03333333333333
1.9
1.93333333333333
1.93333333333333
2
1.83333333333333
2
2.1
1.86666666666667
2.13333333333333
1.83333333333333
1.83333333333333
2.23333333333333
2.03333333333333
2
1.93333333333333
2
2.2
1.96666666666667
1.8
1.76666666666667
1.96666666666667
1.93333333333333
2.06666666666667
1.96666666666667
1.83333333333333
