1.5
1.53333333333333
1.56666666666667
1.6
1.6
1.7
1.66666666666667
1.6
1.93333333333333
1.5
1.5
1.6
1.66666666666667
1.6
3.4
2.1
1.93333333333333
1.73333333333333
1.66666666666667
1.7
2.13333333333333
1.63333333333333
1.7
1.76666666666667
1.93333333333333
1.7
1.66666666666667
1.6
1.83333333333333
1.73333333333333
1.76666666666667
1.7
2.1
1.76666666666667
1.66666666666667
1.66666666666667
1.7
1.63333333333333
1.6
1.6
1.66666666666667
1.83333333333333
1.73333333333333
1.7
2.06666666666667
1.63333333333333
1.66666666666667
1.63333333333333
1.76666666666667
1.7
1.7
1.7
1.63333333333333
2
1.76666666666667
1.73333333333333
2.06666666666667
1.7
1.6
1.66666666666667
1.83333333333333
1.7
1.66666666666667
1.66666666666667
1.73333333333333
1.9
1.76666666666667
1.7
2.06666666666667
1.76666666666667
1.63333333333333
1.66666666666667
1.63333333333333
1.6
1.7
1.76666666666667
1.56666666666667
1.76666666666667
1.73333333333333
1.6
1.96666666666667
1.6
1.7
1.8
1.73333333333333
1.83333333333333
1.7
1.6
1.73333333333333
1.76666666666667
1.63333333333333
1.6
1.96666666666667
1.73333333333333
1.66666666666667
1.76666666666667
1.73333333333333
1.63333333333333
1.73333333333333
1.76666666666667
1.56666666666667
1.3
1.43333333333333
1.5
1.86666666666667
1.53333333333333
1.5
1.5
2.8
1.5
1.5
1.5
1.5
1.83333333333333
1.5
1.5
1.86666666666667
1.56666666666667
1.53333333333333
1.5
1.5
1.5
1.5
1.5
1.5
1.5
1.46666666666667
1.5
1.83333333333333
1.5
1.5
1.5
1.5
1.5
1.5
1.53333333333333
1.53333333333333
1.53333333333333
1.5
1.53333333333333
1.86666666666667
1.5
1.53333333333333
1.53333333333333
1.5
1.53333333333333
1.53333333333333
1.5
3.83333333333333
3
1.5
1.5
2.5
1.5
1.5
1.53333333333333
1.5
1.5
1.5
1.5
1.53333333333333
1.56666666666667
1.5
1.5
1.9
1.5
1.5
1.5
1.5
1.5
1.5
1.5
1.5
1.5
1.5
1.5
1.9
1.5
1.5
1.5
1.5
1.5
1.5
1.5
1.5
1.5
1.5
1.5
1.9
1.56666666666667
1.5
1.56666666666667
1.53333333333333
1.5
1.53333333333333
1.5
1.5
1.5
1.56666666666667
1.5
1.9
1.5
1.5
1.6
1.56666666666667
1.5
1.26666666666667
1.3
1.33333333333333
1.3
1.36666666666667
1.33333333333333
1.56666666666667
1.33333333333333
1.33333333333333
1.2
1.43333333333333
1.46666666666667
1.23333333333333
1.36666666666667
1.36666666666667
1.33333333333333
1.33333333333333
1.3
1.6
1.33333333333333
1.33333333333333
1.23333333333333
1.4
1.33333333333333
1.3
1.33333333333333
1.5
1.33333333333333
1.36666666666667
1.33333333333333
1.63333333333333
1.3
1.33333333333333
1.33333333333333
1.33333333333333
1.33333333333333
1.3
1.3
1.33333333333333
1.36666666666667
1.4
1.26666666666667
1.63333333333333
1.3
1.33333333333333
1.36666666666667
1.4
1.3
1.36666666666667
1.33333333333333
1.3
1.4
1.36666666666667
1.3
1.83333333333333
1.43333333333333
1.33333333333333
1.36666666666667
1.5
1.36666666666667
1.33333333333333
1.33333333333333
1.33333333333333
1.36666666666667
1.4
1.36666666666667
1.73333333333333
1.3
1.36666666666667
1.36666666666667
1.8
1.73333333333333
1.6
1.6
1.63333333333333
1.7
1.7
1.73333333333333
2.06666666666667
1.63333333333333
1.53333333333333
1.63333333333333
