2.46666666666667
1.26666666666667
1.16666666666667
1.16666666666667
1.3
1.16666666666667
1.16666666666667
1.26666666666667
1.16666666666667
1.16666666666667
1.26666666666667
1.16666666666667
1.16666666666667
1.3
1.16666666666667
1.16666666666667
1.26666666666667
1.16666666666667
1.16666666666667
1.26666666666667
1.16666666666667
1.16666666666667
1.3
1.16666666666667
1.2
1.26666666666667
1.16666666666667
1.16666666666667
1.26666666666667
1.16666666666667
1.16666666666667
1.3
1.16666666666667
1.16666666666667
1.3
1.16666666666667
1.16666666666667
1.26666666666667
1.16666666666667
1.16666666666667
1.26666666666667
1.16666666666667
1.16666666666667
1.26666666666667
1.16666666666667
1.16666666666667
1.26666666666667
1.16666666666667
10.3
1.73333333333333
1.13333333333333
1.16666666666667
1.3
1.13333333333333
1.16666666666667
1.26666666666667
1.16666666666667
1.16666666666667
1.3
1.16666666666667
1.16666666666667
1.36666666666667
1.23333333333333
1.23333333333333
1.36666666666667
1.3
1.46666666666667
1.7
1.53333333333333
1.53333333333333
1.63333333333333
1.33333333333333
1.33333333333333
1.43333333333333
1.26666666666667
1.26666666666667
1.6
1.26666666666667
1.46666666666667
1.66666666666667
1.2
1.16666666666667
1.3
1.16666666666667
1.26666666666667
1.46666666666667
1.3
1.43333333333333
1.6
1.3
1.23333333333333
1.5
1.26666666666667
1.23333333333333
1.46666666666667
1.3
1.26666666666667
1.63333333333333
1.33333333333333
1.26666666666667
1.43333333333333
1.16666666666667
1.2
1.3
1.2
1.16666666666667
1.46666666666667
1.16666666666667
1.2
1.4
1.23333333333333
1.23333333333333
1.33333333333333
1.2
1.16666666666667
1.33333333333333
1.16666666666667
1.16666666666667
1.3
1.16666666666667
1.2
1.3
1.16666666666667
1.16666666666667
1.3
1.13333333333333
1.16666666666667
1.26666666666667
1.1
1.1
1.23333333333333
1.13333333333333
1.13333333333333
1.33333333333333
1.16666666666667
1.2
1.5
1.23333333333333
1.2
1.46666666666667
1.26666666666667
1.26666666666667
1.6
1.3
1.36666666666667
1.5
1.3
1.46666666666667
1.6
1.56666666666667
1.4
1.4
1.13333333333333
1.13333333333333
1.23333333333333
1.13333333333333
1.13333333333333
1.23333333333333
1.16666666666667
1.13333333333333
1.3
1.26666666666667
1.13333333333333
1.33333333333333
1.23333333333333
1.23333333333333
1.23333333333333
1.1
1.1
1.13333333333333
1.1
1.06666666666667
1.13333333333333
1.1
1.1
1.1
1.1
1.1
1.23333333333333
1.1
1.1
1.16666666666667
1.1
1.16666666666667
1.4
1.1
1.1
1.1
1.1
1.1
1.1
1.1
1.1
1.1
1.06666666666667
1.06666666666667
1.1
1.06666666666667
1.06666666666667
1.1
1.06666666666667
1.1
1.1
1.1
1.06666666666667
1.1
1.1
1.1
1.1
1.1
1.1
1.1
1.1
1.1
1.1
1.06666666666667
1.1
1.1
1.1
1.1
1.1
1.06666666666667
1.06666666666667
1.1
1.06666666666667
1.1
1.1
1.06666666666667
1.1
1.06666666666667
1.06666666666667
1.1
1.1
1.1
1.06666666666667
1.1
1.1
1.1
1.1
1.1
1.1
1.1
1.1
1.1
1.1
1.1
1.1
1.1
1.1
1.1
1.1
1.1
1.1
1.1
1.1
1.1
1.1
1.1
1.1
1.1
1.1
1.1
1.1
1.1
1.1
1.1
1.1
1.1
1.1
1.1
1.1
1.1
1.1
1.1
1.1
1.1
1.6
1.26666666666667
1.13333333333333
1.16666666666667
1.26666666666667
1.13333333333333
1.13333333333333
1.26666666666667
1.13333333333333
1.1
1.26666666666667
1.16666666666667
