2.53333333333333
3.73333333333333
37.5333333333333
5.33333333333333
11
2.66666666666667
2
3.46666666666667
4.46666666666667
2.73333333333333
4
2.33333333333333
3.86666666666667
4.33333333333333
3.66666666666667
3.2
4.06666666666667
4.2
2.86666666666667
3.13333333333333
2.93333333333333
3.4
1.93333333333333
1.8
1.86666666666667
4.4
5.06666666666667
1.73333333333333
2.53333333333333
2.26666666666667
7.26666666666667
4.4
2.4
2.26666666666667
3.4
1.73333333333333
2.2
3.46666666666667
7.66666666666667
3.86666666666667
4.46666666666667
4.53333333333333
4.66666666666667
3.13333333333333
2.93333333333333
3.26666666666667
2.46666666666667
1.73333333333333
2.13333333333333
2
2.06666666666667
2.86666666666667
3.8
2.13333333333333
1.86666666666667
1.8
3.4
2
2.06666666666667
2.06666666666667
2
1.53333333333333
2.33333333333333
2
2.6
2.06666666666667
7.53333333333333
1.86666666666667
3.26666666666667
1.86666666666667
2.6
1.66666666666667
1.86666666666667
1.93333333333333
7.13333333333333
3.4
2.6
2.2
2.75
2.8
3.53333333333333
3.26666666666667
3
3.13333333333333
3.53333333333333
5.4
4.33333333333333
3.2
2.8
2.93333333333333
3.6
2.46666666666667
3.13333333333333
3.13333333333333
3.73333333333333
2.86666666666667
2.8
2.33333333333333
2.73333333333333
2
2.13333333333333
2.26666666666667
2.4
2.86666666666667
5.75
1.8
2.4
1.33333333333333
2.13333333333333
1.33333333333333
2.73333333333333
1.6
1.93333333333333
1.46666666666667
3.46666666666667
2.66666666666667
1.93333333333333
1.46666666666667
1.8
1.33333333333333
2
1.53333333333333
4.06666666666667
3.2
1.86666666666667
2.73333333333333
2.26666666666667
4.13333333333333
4.93333333333333
3.6
2.33333333333333
1.6
2.2
2.26666666666667
2.6
2.53333333333333
2
2.4
3.53333333333333
2.26666666666667
3.06666666666667
1.86666666666667
2.46666666666667
1.6
1.53333333333333
1.53333333333333
3.06666666666667
2.26666666666667
1.86666666666667
2.6
1.46666666666667
2
1.86666666666667
1.53333333333333
1.46666666666667
2.6
1.33333333333333
2.46666666666667
1.8
1.8
2.33333333333333
2
1.26666666666667
4.6
2.4
1.66666666666667
1.73333333333333
2
1.66666666666667
2.66666666666667
3.33333333333333
4.6
1.66666666666667
2.73333333333333
3.33333333333333
2.46666666666667
1.93333333333333
2.26666666666667
2.6
1.73333333333333
1.4
2.66666666666667
3.93333333333333
2.46666666666667
1.66666666666667
2.13333333333333
1.4
2.26666666666667
1.86666666666667
2.46666666666667
1.8
2.06666666666667
2
1.86666666666667
1.6
2.4
1.53333333333333
1.86666666666667
3
3.33333333333333
2
3.4
3.8
4.46666666666667
3
3.66666666666667
2.33333333333333
2.33333333333333
1.26666666666667
2.13333333333333
2.33333333333333
4.13333333333333
2.26666666666667
2.86666666666667
2.73333333333333
2.4
1.86666666666667
2.6
3.8
5.46666666666667
3.46666666666667
4.26666666666667
2.2
2.46666666666667
2.53333333333333
2.33333333333333
2
2.2
2.66666666666667
2.86666666666667
2.26666666666667
3.4
2.53333333333333
2.73333333333333
1.6
1.8
5
2.6
2.13333333333333
2.66666666666667
1.53333333333333
4
3.33333333333333
3.86666666666667
4.2
4.33333333333333
3.93333333333333
3.6
4.4
11.75
5.2
8.46666666666667
3.46666666666667
4.2
5.86666666666667
4.46666666666667
4.66666666666667
5.6
7.46666666666667
13.1333333333333
10.2666666666667
6.46666666666667
4
4.33333333333333
4.6
3.26666666666667
6.73333333333333
5.46666666666667
10.0666666666667
17.1333333333333
5.33333333333333
5.6
4.66666666666667
4.53333333333333
4.93333333333333
4.66666666666667
3.4
5
4.4
5.53333333333333
3.73333333333333
4.6
4.93333333333333
4.4
3.86666666666667
3.46666666666667
4.26666666666667
3.86666666666667
