1.43333333333333
1.16666666666667
1.3
1.03333333333333
1.33333333333333
1
1.2
1.1
1.26666666666667
1.13333333333333
1.33333333333333
1.1
1.4
1.2
1.2
1.06666666666667
1.3
1
1.2
1.1
1.23333333333333
1.13333333333333
1.33333333333333
1
1.43333333333333
1.16666666666667
1.2
1.03333333333333
1.3
1.53333333333333
1.2
1.06666666666667
1.2
1.06666666666667
1.3
1
1.4
1.23333333333333
1.16666666666667
1
1.3
0.966666666666667
1.2
1.03333333333333
1.83333333333333
1.1
1.23333333333333
0.933333333333333
1.33333333333333
1.2
1.2
0.966666666666667
1.2
0.966666666666667
1.2
1.1
1.16666666666667
1.13333333333333
1.23333333333333
1.06666666666667
1.33333333333333
1.26666666666667
1.53333333333333
1.76666666666667
1.73076923076923
1.13333333333333
1.3
1.13333333333333
1.16666666666667
1.3
1.13333333333333
1.16666666666667
1.13333333333333
1.03333333333333
1.06666666666667
1.06666666666667
1.06666666666667
1.06666666666667
1.2
0.966666666666667
1.16666666666667
1.03333333333333
1.03333333333333
1.2
1.13333333333333
0.966666666666667
1.13333333333333
1.46666666666667
1.2
1
1.3
1
1.3
1.03333333333333
1.13333333333333
1.16666666666667
1.26666666666667
0.9
1.13333333333333
1.03333333333333
1.1
1.5
1.4
1
1.33333333333333
1.1
1.1
1.16666666666667
1.2
0.866666666666667
1.16666666666667
1.13333333333333
1.16666666666667
1
1.3
0.9
1.16666666666667
1
1.2
1.16666666666667
1.26666666666667
0.966666666666667
1.1
1.03333333333333
1.06666666666667
1
1.26666666666667
0.9
1.2
1.03333333333333
1.13333333333333
1.16666666666667
1.3
1
1.16666666666667
1.1
1
0.9
1.2
0.9
3.33333333333333
1.16666666666667
1.16666666666667
1.16666666666667
1.63333333333333
1
1.03333333333333
0.966666666666667
1.13333333333333
0.966666666666667
1.76666666666667
1.1
1.33333333333333
1.13333333333333
1.2
1.13333333333333
1.2
0.966666666666667
1.73333333333333
1.2
1.2
1.5
1.56666666666667
1
1.3
1.1
1.2
1.1
1.2
0.933333333333333
1.2
1.06666666666667
1.2
0.966666666666667
1.2
0.933333333333333
1.26666666666667
1.1
1.13333333333333
1.1
1.26666666666667
0.9
1.16666666666667
0.966666666666667
1.13333333333333
0.966666666666667
1.2
1
1.26666666666667
1
1.03333333333333
1.06666666666667
1.2
0.966666666666667
1.23333333333333
1.06666666666667
1.06666666666667
1.03333333333333
1.2
0.933333333333333
1.23333333333333
1.1
1.06666666666667
1.13333333333333
1.23333333333333
0.9
1.16666666666667
1.03333333333333
1.16666666666667
0.933333333333333
1.2
0.866666666666667
1.26666666666667
0.966666666666667
1.16666666666667
1.16666666666667
1.2
0.9
1.1
0.966666666666667
1.1
0.933333333333333
1.2
0.9
1.23333333333333
1.03333333333333
1.1
1.03333333333333
1.23333333333333
0.966666666666667
1.16666666666667
1
1.1
0.933333333333333
1.13333333333333
0.9
1.26666666666667
0.933333333333333
1.1
1.1
1.2
0.933333333333333
1.13333333333333
0.933333333333333
1.06666666666667
0.9
1.2
0.933333333333333
1.26666666666667
1.03333333333333
1.1
1.03333333333333
1.2
0.966666666666667
1.13333333333333
0.966666666666667
1.13333333333333
0.933333333333333
1.2
0.933333333333333
1.23333333333333
0.966666666666667
1.1
7.23333333333333
1.36666666666667
1
1.16666666666667
1
1.13333333333333
0.966666666666667
1.13333333333333
1
1.2
1.13333333333333
1.13333333333333
1.23333333333333
1.16666666666667
1.03333333333333
0.933333333333333
0.966666666666667
0.833333333333333
0.966666666666667
1.03333333333333
0.966666666666667
1.03333333333333
1.1
1.03333333333333
1.33333333333333
