1.4
1.53333333333333
1.53333333333333
1.2
1.33333333333333
1.26666666666667
1.26666666666667
1.26666666666667
1.4
1.33333333333333
1.46666666666667
1.46666666666667
1.2
1.53333333333333
1.46666666666667
1.2
1.26666666666667
1.73333333333333
1.33333333333333
1.6
1.6
1.26666666666667
1.6
1.53333333333333
1.66666666666667
1.53333333333333
1.66666666666667
1.6
1.6
1.66666666666667
1.2
1.53333333333333
1.66666666666667
1.2
1.33333333333333
1.4
1.46666666666667
1.4
1.33333333333333
1.26666666666667
1.13333333333333
1.46666666666667
1.26666666666667
1.33333333333333
1.8
1.33333333333333
1.66666666666667
1.26666666666667
1.66666666666667
1.4
3.26666666666667
1.33333333333333
1.4
1.4
1.66666666666667
1.46666666666667
8.8
1.73333333333333
1.46666666666667
1.6
1.33333333333333
1.66666666666667
1.46666666666667
1.2
1.4
1.73333333333333
1.2
1.4
1
1.2
1.4
1.86666666666667
1.4
1.66666666666667
1.4
1.33333333333333
1.4
1.6
1.26666666666667
1.6
1.2
1.2
1.53333333333333
1.2
1.46666666666667
1.6
1.53333333333333
1.33333333333333
1.46666666666667
1.46666666666667
2.33333333333333
3.2
3.06666666666667
3.13333333333333
1.46666666666667
1.26666666666667
1.26666666666667
1.33333333333333
1.26666666666667
1.33333333333333
1.6
1.6
1.33333333333333
1.6
1.06666666666667
1.26666666666667
5
16.5333333333333
5
1.8
1.4
1.2
1.6
1.6
1.26666666666667
1.46666666666667
1.33333333333333
1.2
1.46666666666667
1.53333333333333
1.6
5.26666666666667
1.4
1.33333333333333
1.53333333333333
1.4
1.2
1.66666666666667
1.8
1.33333333333333
1.4
1.4
1.6
1.46666666666667
1.4
1.2
1.6
1.4
1.2
1.46666666666667
1.6
1.4
1.6
1.53333333333333
1.33333333333333
1.4
1.46666666666667
1.2
1.4
1.46666666666667
1.26666666666667
1.33333333333333
1.6
1.4
1.53333333333333
1.53333333333333
1.33333333333333
1.33333333333333
1.2
1.26666666666667
1.33333333333333
1.46666666666667
1.33333333333333
1.4
1.4
1.26666666666667
1.33333333333333
1.46666666666667
1.46666666666667
1.6
1.6
1.26666666666667
1.4
1.26666666666667
1.2
1.53333333333333
1.33333333333333
1.2
1.26666666666667
1.53333333333333
1.46666666666667
1.33333333333333
1.66666666666667
1.26666666666667
1.26666666666667
1.26666666666667
1.2
1.53333333333333
1.26666666666667
1.33333333333333
1.6
1.33333333333333
1.33333333333333
1.53333333333333
1.6
1.26666666666667
1.73333333333333
1.4
1.26666666666667
1.53333333333333
1.6
1.4
1.26666666666667
1.13333333333333
1.33333333333333
1.53333333333333
1.46666666666667
1.33333333333333
1.26666666666667
1.6
1.33333333333333
1.53333333333333
1.2
1.2
1.4
1.6
1.26666666666667
1.2
1.66666666666667
1.2
1.4
1.46666666666667
1.26666666666667
1.53333333333333
1.6
1.46666666666667
1.6
1.53333333333333
1.33333333333333
1.53333333333333
1.33333333333333
1.2
1.26666666666667
1.6
1.26666666666667
1.26666666666667
1.66666666666667
1.26666666666667
1.33333333333333
1.6
1.26666666666667
1.53333333333333
1.66666666666667
1.4
1.53333333333333
1.4
1.26666666666667
1.6
1.6
1.4
1.6
1.66666666666667
1.26666666666667
1.33333333333333
1.66666666666667
1.2
1.33333333333333
1.2
1.33333333333333
1.4
1.2
1.2
1.33333333333333
1.2
1.26666666666667
1.46666666666667
1.13333333333333
1.2
1.53333333333333
1.53333333333333
1.33333333333333
1.4
1.46666666666667
1.2
1.53333333333333
1.6
1.26666666666667
1.53333333333333
1.73333333333333
1.26666666666667
1.33333333333333
1.46666666666667
1.26666666666667
1.4
1.8
1.33333333333333
1.6
1.6
