8.21666666666667
2.2
0.866666666666667
1.16666666666667
1.15
0.983333333333333
1.2
0.683333333333333
0.716666666666667
1.06666666666667
0.7
1.86666666666667
7.6
2
0.75
1.23333333333333
0.516666666666667
0.733333333333333
1.28333333333333
0.866666666666667
2.71666666666667
8.73333333333333
0.65
1.91666666666667
7.36666666666667
2
0.75
1.23333333333333
0.633333333333333
0.95
1.15
0.7
0.633333333333333
1.06666666666667
0.733333333333333
2.8
8.5
2.41666666666667
0.816666666666667
1.21666666666667
0.6
0.85
1.26666666666667
0.933333333333333
0.916666666666667
1.95
0.833333333333333
3.38333333333333
6.73333333333333
2.15
0.8
1.21666666666667
0.666666666666667
0.85
1.21666666666667
0.716666666666667
0.666666666666667
1.08333333333333
1.26666666666667
1.9
7.56666666666667
2.11666666666667
0.8
1.31666666666667
0.65
0.8
1.35
15.35
0.966666666666667
1.91666666666667
0.8
2.01666666666667
9.2
3.01666666666667
1.66666666666667
1.53333333333333
0.95
1.26666666666667
1.46666666666667
1.13333333333333
1.01666666666667
1.41666666666667
1.46666666666667
3.25
7.26666666666667
2.4
0.883333333333333
1.3
0.6
0.9
2.16666666666667
1.31666666666667
1.25
1.96666666666667
0.833333333333333
1.95
7.23333333333333
2.25
1.55
25.7666666666667
13.3666666666667
6.43333333333333
1.08333333333333
0.683333333333333
0.716666666666667
1.08333333333333
2.53333333333333
2.85
9.88333333333333
5.18333333333333
3.18333333333333
1.26666666666667
0.733333333333333
0.783333333333333
1.3
1.13333333333333
0.95
2.73333333333333
1.81666666666667
3.33333333333333
8.21666666666667
3.1
0.9
1.26666666666667
0.683333333333333
0.983333333333333
1.28333333333333
0.716666666666667
0.8
2.01666666666667
1.06666666666667
2.05
7.38333333333333
2.46666666666667
0.85
1.3
0.733333333333333
1.21666666666667
1.43333333333333
16.5
1.05
2.08333333333333
1.15
2.05
8.31666666666667
3.9
0.95
1.31666666666667
0.816666666666667
1.2
1.28333333333333
1.73333333333333
1.76666666666667
1.35
0.9
2.03333333333333
8.5
19.7666666666667
1.68333333333333
2.01666666666667
2.26666666666667
3.01666666666667
5.61666666666667
9.28333333333333
2.56666666666667
4.15
1.96666666666667
3.68333333333333
7.56666666666667
4.28333333333333
8.2
8.68333333333333
1.26666666666667
2.7
2.31666666666667
2.05
7.6
27.2
27.3833333333333
28.3
36.5833333333333
13.3166666666667
1.68333333333333
2.75
1.91666666666667
1.95
2.55
2.1
2
3.3
1.98333333333333
5.58333333333333
11.9666666666667
27
11.25
3.21666666666667
2.68333333333333
2.91666666666667
3.15
2.81666666666667
2.55
2.83333333333333
2.91666666666667
5.51666666666667
8.83333333333333
3.51666666666667
2.13333333333333
4.81666666666667
2.6
4.13333333333333
3.33333333333333
16.8833333333333
2.55
4.01666666666667
1.98333333333333
3.41666666666667
8.58333333333333
3.75
3.06666666666667
2.9
11.8166666666667
28.75
29.55
28.5666666666667
28.8666666666667
29.1166666666667
28.5333333333333
28.65
35.15
28.9
28.2833333333333
28.1166666666667
28.4
27.65
28.2833333333333
27.6833333333333
27.8666666666667
28.2333333333333
28
29.55
34.0333333333333
29.7833333333333
27.9833333333333
29.0166666666667
28.3166666666667
28.05
2.4
1.03333333333333
2.36666666666667
1.85
1.11666666666667
2.9
7.38333333333333
2.23333333333333
1.05
1.16666666666667
0.65
1.26666666666667
3.46666666666667
4.28333333333333
0.966666666666667
1.83333333333333
0.65
5.38333333333333
7.26666666666667
2.13333333333333
1.81666666666667
1.16666666666667
0.7
0.95
1.53333333333333
0.65
0.683333333333333
1.16666666666667
0.816666666666667
1.9
7.76666666666667
2.2
0.95
1.23333333333333
0.666666666666667
0.8
1.26666666666667
15.3166666666667
0.8
1.85
0.816666666666667
5.03333333333333
