1.18333333333333
1.51666666666667
1.3
1.16666666666667
1.31666666666667
1.2
1.21666666666667
1.31666666666667
1.16666666666667
1.08333333333333
1.18333333333333
1.18333333333333
1.03333333333333
1.13333333333333
1.15
1.16666666666667
1.51666666666667
1.21666666666667
1.05
1.1
1.18333333333333
1.25
1.3
1.16666666666667
1.08333333333333
1.1
1.25
1.35
1.4
1.4
1.03333333333333
1.31666666666667
1.25
1.01666666666667
1.15
1.15
1.03333333333333
1.35
1.36666666666667
1.33333333333333
1.23333333333333
1.16666666666667
1.05
1.23333333333333
1.16666666666667
1.05
1.1
1.25
1.15
1.13333333333333
1.15
1.01666666666667
1.4
1.53333333333333
1.13333333333333
1.2
2.95
4.13333333333333
1.58333333333333
1.4
1.3
1.1
1.15
1.16666666666667
1.16666666666667
1.31666666666667
1.13333333333333
1.31666666666667
1.26666666666667
1.36666666666667
1.31666666666667
1.41666666666667
1.38333333333333
1.56666666666667
1.48333333333333
1.25
1.36666666666667
1.38333333333333
1.25
1.35
1.38333333333333
1.25
1.35
1.25
1.26666666666667
1.33333333333333
1.36666666666667
1.2
1.36666666666667
1.33333333333333
1.13333333333333
1.26666666666667
1.4
1.13333333333333
1.5
1.4
1.2
1.26666666666667
1.35
1.28333333333333
1.55
1.51666666666667
1.28333333333333
1.36666666666667
1.45
1.36666666666667
1.36666666666667
6.15
3.85
3
1.46666666666667
1.43333333333333
1.43333333333333
1.43333333333333
1.23333333333333
1.35
1.41666666666667
1.4
1.5
1.41666666666667
1.86666666666667
2.1
1.36666666666667
1.36666666666667
1.4
1.51666666666667
1.51666666666667
1.31666666666667
1.35
1.33333333333333
1.35
1.33333333333333
1.36666666666667
1.43333333333333
1.36666666666667
1.45
1.31666666666667
1.65
1.61666666666667
1.5
1.45
1.28333333333333
1.36666666666667
1.35
1.45
1.31666666666667
1.31666666666667
1.25
1.7
1.66666666666667
1.31666666666667
1.31666666666667
1.38333333333333
1.3
1.3
1.5
1.33333333333333
1.36666666666667
1.25
1.21666666666667
1.38333333333333
1.45
1.5
1.35
1.56666666666667
1.5
1.53333333333333
1.4
1.35
1.41666666666667
1.45
1.35
1.58333333333333
1.56666666666667
1.51666666666667
1.61666666666667
1.4
1.3
1.31666666666667
1.58333333333333
1.73333333333333
1.68333333333333
1.65
1.58333333333333
1.6
1.65
1.55
1.6
1.73333333333333
1.68333333333333
1.61666666666667
1.41666666666667
1.43333333333333
1.3
1.33333333333333
1.26666666666667
1.6
1.33333333333333
1.35
1.28333333333333
1.41666666666667
1.25
1.31666666666667
1.51666666666667
1.28333333333333
1.23333333333333
1.36666666666667
1.2
1.35
1.56666666666667
1.38333333333333
1.15
1.21666666666667
1.45
1.45
1.56666666666667
1.2
1.23333333333333
1.33333333333333
1.1
1.2
1.26666666666667
1.28333333333333
1.31666666666667
1.35
1.13333333333333
1.26666666666667
1.15
1.08333333333333
1.1
1.26666666666667
1.08333333333333
1.1
1.15
1.05
1.1
1.51666666666667
1.18333333333333
1.26666666666667
1.23333333333333
1.61666666666667
1.88333333333333
1.76666666666667
1.55
1.6
1.58333333333333
1.38333333333333
1.5
1.16666666666667
1.3
1.13333333333333
1.26666666666667
1.16666666666667
1.78333333333333
1.73333333333333
1.55
1.56666666666667
1.68333333333333
1.3
1.33333333333333
1.38333333333333
1.3
1.35
1.31666666666667
1.18333333333333
1.15
1.15
1.1
1.38333333333333
1.33333333333333
1.23333333333333
1.1
1.26666666666667
1.25
1.1
1.21666666666667
1.05
1.26666666666667
1.28333333333333
1.21666666666667
1.38333333333333
1.3
1.33333333333333
1.11666666666667
1.16666666666667
1.08333333333333
1.36666666666667
1.16666666666667
