1.9
1.93333333333333
1.9
1.93333333333333
1.96666666666667
1.96666666666667
2.06666666666667
1.9
2.33333333333333
1.93333333333333
1.9
1.96666666666667
1.96666666666667
1.96666666666667
1.93333333333333
1.9
1.9
1.93333333333333
1.93333333333333
1.83333333333333
2.46666666666667
1.93333333333333
1.8
2
1.8
1.9
1.83333333333333
1.9
1.83333333333333
1.9
1.86666666666667
1.86666666666667
2.23333333333333
1.86666666666667
1.9
1.86666666666667
1.93333333333333
1.93333333333333
1.83333333333333
1.76666666666667
1.76666666666667
1.8
1.86666666666667
1.9
2.3
1.83333333333333
1.83333333333333
1.76666666666667
1.9
1.8
1.9
1.86666666666667
1.83333333333333
1.86666666666667
1.96666666666667
1.86666666666667
2.23333333333333
1.86666666666667
1.93333333333333
1.9
1.86666666666667
1.86666666666667
1.8
1.76666666666667
1.8
1.96666666666667
1.93333333333333
1.86666666666667
2.3
2.1
1.83333333333333
1.83333333333333
1.93333333333333
1.86666666666667
1.83333333333333
1.86666666666667
1.93333333333333
1.93333333333333
1.9
1.8
2.16666666666667
1.83333333333333
1.8
1.9
1.93333333333333
1.8
1.73333333333333
1.76666666666667
1.86666666666667
2.2
1.96666666666667
1.93333333333333
2.36666666666667
1.86666666666667
1.86666666666667
1.9
1.93333333333333
1.96666666666667
1.9
1.93333333333333
1.73333333333333
1.5
1.5
1.5
1.9
1.5
1.5
1.5
1.5
1.5
1.5
1.6
1.5
1.5
1.5
1.56666666666667
1.9
1.5
1.5
1.5
1.5
1.5
1.5
1.5
1.5
1.5
1.5
1.5
1.8
1.5
1.5
1.5
1.5
1.5
1.5
1.5
1.5
1.5
1.5
1.5
1.9
1.5
1.56666666666667
1.5
1.6
1.5
1.5
1.5
3.76666666666667
2.96666666666667
2.1
1.5
1.9
1.5
1.5
1.5
1.5
1.5
1.5
1.5
1.5
1.5
1.5
1.5
1.86666666666667
1.5
1.56666666666667
1.53333333333333
1.5
1.5
1.53333333333333
1.5
1.5
1.5
1.5
1.5
1.86666666666667
1.5
1.5
1.5
1.5
1.5
1.5
1.5
1.5
1.56666666666667
1.5
1.5
1.93333333333333
1.5
1.5
1.5
1.5
1.5
1.56666666666667
1.5
1.5
1.5
1.5
1.5
1.93333333333333
1.5
1.53333333333333
1.5
1.53333333333333
1.5
1.53333333333333
1.5
1.5
1.56666666666667
1.56666666666667
1.5
1.9
1.53333333333333
1.5
1.5
1.6
1.5
1.5
1.6
1.5
1.6
1.6
1.5
1.9
1.53333333333333
1.5
1.5
1.56666666666667
1.5
1.5
1.5
1.5
1.53333333333333
1.53333333333333
1.5
1.9
1.5
1.53333333333333
1.5
1.5
1.5
1.5
1.5
1.5
1.5
1.5
1.5
1.86666666666667
1.5
1.5
1.5
1.5
1.5
1.53333333333333
1.5
1.5
1.5
1.5
1.5
1.83333333333333
1.53333333333333
1.5
1.5
1.56666666666667
1.5
1.5
1.53333333333333
1.5
1.53333333333333
1.56666666666667
1.5
1.96666666666667
1.56666666666667
1.53333333333333
1.6
2
2.1
2.1
2.03333333333333
2.1
2.03333333333333
2
2.06666666666667
2.4
2.1
2.1
2.1
