1.51666666666667
1.51666666666667
1.48333333333333
1.7
1.5
1.51666666666667
1.48333333333333
1.51666666666667
1.5
1.53333333333333
1.5
1.51666666666667
1.5
1.55
1.51666666666667
1.7
1.5
1.5
1.51666666666667
1.51666666666667
1.55
1.53333333333333
1.56666666666667
1.51666666666667
1.46666666666667
1.5
1.55
1.8
1.55
1.6
1.56666666666667
1.55
1.55
1.56666666666667
1.51666666666667
1.55
1.6
1.58333333333333
1.56666666666667
1.73333333333333
1.53333333333333
1.58333333333333
1.53333333333333
1.53333333333333
1.6
1.58333333333333
1.55
1.55
1.55
1.58333333333333
1.71666666666667
1.73333333333333
1.55
1.55
1.61666666666667
1.55
1.55
1.61666666666667
1.6
1.51666666666667
1.53333333333333
1.6
1.56666666666667
1.85
1.7
1.6
1.61666666666667
1.53333333333333
1.51666666666667
1.55
1.56666666666667
1.55
1.55
1.6
1.55
1.71666666666667
1.55
1.56666666666667
1.55
1.56666666666667
1.68333333333333
1.55
1.55
1.56666666666667
1.55
1.58333333333333
1.56666666666667
1.75
1.53333333333333
1.6
1.53333333333333
1.56666666666667
1.53333333333333
1.7
1.56666666666667
1.56666666666667
1.55
1.56666666666667
1.56666666666667
1.75
1.51666666666667
1.45
1.4
1.36666666666667
1.38333333333333
1.38333333333333
1.43333333333333
1.4
1.4
1.45
1.4
1.6
1.45
1.45
1.41666666666667
1.43333333333333
1.41666666666667
1.4
1.38333333333333
1.4
1.36666666666667
1.45
1.45
1.6
1.41666666666667
1.43333333333333
1.41666666666667
1.43333333333333
1.45
1.36666666666667
1.43333333333333
1.41666666666667
1.4
1.43333333333333
1.43333333333333
1.6
1.41666666666667
1.48333333333333
1.43333333333333
1.43333333333333
1.43333333333333
1.41666666666667
1.41666666666667
1.43333333333333
1.41666666666667
1.43333333333333
1.43333333333333
1.61666666666667
2.06666666666667
2.1
1.45
1.43333333333333
1.6
1.53333333333333
1.41666666666667
1.4
1.45
1.46666666666667
1.48333333333333
1.61666666666667
1.4
1.43333333333333
1.46666666666667
1.41666666666667
1.35
1.43333333333333
1.41666666666667
1.43333333333333
1.45
1.43333333333333
1.4
1.65
1.43333333333333
1.41666666666667
1.48333333333333
1.4
1.4
1.43333333333333
1.43333333333333
1.4
1.43333333333333
1.41666666666667
1.4
1.6
1.45
1.41666666666667
1.43333333333333
1.41666666666667
1.4
1.4
1.41666666666667
1.41666666666667
1.36666666666667
1.36666666666667
1.4
1.58333333333333
1.45
1.48333333333333
1.35
1.41666666666667
1.45
1.36666666666667
1.46666666666667
1.43333333333333
1.36666666666667
1.56666666666667
1.5
1.63333333333333
1.48333333333333
1.5
1.55
1.48333333333333
1.48333333333333
1.46666666666667
1.48333333333333
1.48333333333333
1.48333333333333
1.5
1.48333333333333
1.75
1.5
1.48333333333333
1.5
1.48333333333333
1.48333333333333
1.5
1.48333333333333
1.46666666666667
1.5
1.48333333333333
1.45
1.63333333333333
1.53333333333333
1.5
1.48333333333333
1.48333333333333
1.5
1.5
1.45
1.3
1.26666666666667
1.26666666666667
1.28333333333333
1.45
1.26666666666667
1.28333333333333
1.25
1.25
1.28333333333333
1.25
1.25
1.28333333333333
1.25
1.25
1.25
1.45
1.25
1.3
1.25
1.25
1.3
1.25
1.67857142857143
1.31666666666667
1.3
1.31666666666667
1.3
2.03571428571429
1.4
1.7
1.51666666666667
1.46666666666667
1.43333333333333
1.36666666666667
1.36666666666667
1.38333333333333
1.5
1.55
1.56666666666667
1.73333333333333
1.5
1.43333333333333
1.56666666666667
1.55
1.58333333333333
1.58333333333333
1.51666666666667
1.56666666666667
