6.56666666666667
6.33333333333333
6.46666666666667
8.46666666666667
6.4
6.53333333333333
6.36666666666667
6.4
6.5
6.4
6.53333333333333
6.46666666666667
23.9666666666667
31.4666666666667
31.2666666666667
29.4333333333333
22.8
23.5666666666667
30.2666666666667
26.1333333333333
10.0333333333333
7.8
22.8333333333333
15.3333333333333
16.8333333333333
24.2
15.6333333333333
15.5666666666667
19.9666666666667
12.3666666666667
14
14.7666666666667
14.7666666666667
14.9
14.8333333333333
14.9
14.9333333333333
15.1333333333333
15.1
15.3
15.6
15.5333333333333
15.5333333333333
15.6666666666667
15.7666666666667
16.3333333333333
16.4666666666667
17
16.9
16.5
16.6333333333333
17.4
18.5
17.4
16.4666666666667
17.2
17.3
16.6
16.7
17.5333333333333
10.1666666666667
6.3
6.2
6.33333333333333
6.33333333333333
6.5
6.26666666666667
6.3
6.26666666666667
6.4
6.4
6.4
6.33333333333333
6.4
6.33333333333333
6.3
6.36666666666667
6.26666666666667
6.36666666666667
6.26666666666667
6.4
6.36666666666667
6.33333333333333
6.3
6.4
6.33333333333333
6.4
6.36666666666667
6.4
6.43333333333333
6.3
6.46666666666667
6.4
6.36666666666667
6.33333333333333
6.5
6.4
6.43333333333333
6.36666666666667
6.53333333333333
6.43333333333333
6.43333333333333
6.9
7
7.26666666666667
7.43333333333333
7.93333333333333
8
8.93333333333333
8.9
9.56666666666667
9.26666666666667
7.26666666666667
6.23333333333333
6.13333333333333
7.1
7.4
6.23333333333333
6.06666666666667
6.23333333333333
6.13333333333333
6.13333333333333
6.23333333333333
6.23333333333333
6.16666666666667
6.13333333333333
6.2
6.2
6.16666666666667
6.43333333333333
6.66666666666667
6
6.2
6.16666666666667
6.23333333333333
6.16666666666667
6.13333333333333
6.26666666666667
6.8
7.6
6.16666666666667
6.63333333333333
6.66666666666667
6.16666666666667
6.26666666666667
6.23333333333333
6.13333333333333
6.16666666666667
6.2
6.1
6.16666666666667
6.13333333333333
6.23333333333333
6.23333333333333
6.1
6.23333333333333
6.16666666666667
6.13333333333333
6.16666666666667
6.33333333333333
6.16666666666667
6.2
6.2
6.16666666666667
6.3
6.26666666666667
6.23333333333333
6.13333333333333
6.2
6.13333333333333
6.23333333333333
6.06666666666667
6.2
6.13333333333333
6.16666666666667
6.2
6.13333333333333
6.43333333333333
6.23333333333333
6.16666666666667
6.13333333333333
6.2
6.2
6.3
6.13333333333333
6.26666666666667
6.13333333333333
6.16666666666667
6.33333333333333
6.2
6.4
6.13333333333333
6.23333333333333
6.2
6.13333333333333
6.23333333333333
6.2
6.2
6.06666666666667
6.2
6.16666666666667
6.26666666666667
6.2
6.1
6.2
6.2
6.2
6.23333333333333
6.16666666666667
6.43333333333333
6.2
6.23333333333333
6.2
6.33333333333333
6.16666666666667
6.16666666666667
6.33333333333333
6.26666666666667
6.43333333333333
6.46666666666667
6.33333333333333
6.5
6.3
6.23333333333333
6.13333333333333
6.3
6.13333333333333
6.3
6.26666666666667
6.26666666666667
6.16666666666667
6.23333333333333
6.2
6.26666666666667
6.26666666666667
6.16666666666667
6.23333333333333
6.2
6.36666666666667
6.4
6.43333333333333
6.5
6.33333333333333
6.16666666666667
6.26666666666667
6.23333333333333
6.3
6.2
6.2
6.23333333333333
6.3
6.26666666666667
6.36666666666667
6.33333333333333
6.33333333333333
6.26666666666667
6.16666666666667
6.23333333333333
6.2
6.23333333333333
6.2
6.16666666666667
6.2
6.1
6.2
6.23333333333333
6.2
6.2
6.26666666666667
6.2
6.16666666666667
6.36666666666667
6.16666666666667
6.16666666666667
6.23333333333333
6.16666666666667
6.23333333333333
6.13333333333333
6.16666666666667
6.2
6.23333333333333
6.13333333333333
6.16666666666667
6.2
6
6.16666666666667
6.2
6.2
