2
2.13333333333333
2.13333333333333
2
2.13333333333333
2.26666666666667
2
2
2.06666666666667
1.86666666666667
2.13333333333333
2.06666666666667
2.06666666666667
2.06666666666667
2.06666666666667
2
2.13333333333333
2.06666666666667
2
2.13333333333333
2.06666666666667
2
2.13333333333333
2.06666666666667
2
2
2
2
2.13333333333333
2.06666666666667
2
2.13333333333333
2.06666666666667
2
1.86666666666667
2.06666666666667
2
2.13333333333333
2.06666666666667
2
2.13333333333333
2.06666666666667
2
2.13333333333333
2.06666666666667
2
2.06666666666667
2.06666666666667
2
2.13333333333333
2.06666666666667
2
2.13333333333333
2.06666666666667
2
2.13333333333333
2
2
2.13333333333333
2.06666666666667
2
2.13333333333333
2
2
2.13333333333333
2.06666666666667
2
2.13333333333333
2.06666666666667
2
2.13333333333333
2.06666666666667
2
2.13333333333333
2.06666666666667
2
2.26666666666667
4.66666666666667
2
2.13333333333333
2
1.86666666666667
2.13333333333333
2.06666666666667
2
2.13333333333333
2.06666666666667
2
2.13333333333333
2.06666666666667
2
2.13333333333333
2.06666666666667
2
2.13333333333333
2.06666666666667
2
2.13333333333333
2.06666666666667
2
2.06666666666667
2.06666666666667
1.93333333333333
2.13333333333333
2.06666666666667
2
2.13333333333333
2.06666666666667
2
2.06666666666667
2.06666666666667
2
2.13333333333333
2.06666666666667
2.2
2.13333333333333
2.4
1.8
2.13333333333333
2.06666666666667
1.93333333333333
2.13333333333333
2.06666666666667
1.93333333333333
2.13333333333333
2.06666666666667
2
2.13333333333333
2
1.86666666666667
2.06666666666667
2
2
2.06666666666667
2
1.46666666666667
1.93333333333333
2
1.93333333333333
2.06666666666667
1.93333333333333
1.93333333333333
2
2.06666666666667
2
2
2.06666666666667
1.73333333333333
2.13333333333333
2.26666666666667
1.86666666666667
2.06666666666667
3.46666666666667
2
2.06666666666667
2.06666666666667
2
2.06666666666667
1.93333333333333
2
2.13333333333333
2.06666666666667
2
2.06666666666667
2.06666666666667
2
2.13333333333333
2.06666666666667
2
2.13333333333333
2.06666666666667
1.73333333333333
1.93333333333333
2
2
2.13333333333333
2.06666666666667
1.93333333333333
2.06666666666667
2
1.93333333333333
1.86666666666667
1.8
2
2.13333333333333
2.06666666666667
2
2.13333333333333
2.06666666666667
2
2.06666666666667
2.06666666666667
2
2.13333333333333
2.2
2
2.13333333333333
2.26666666666667
2
2.13333333333333
2.2
2
2.13333333333333
1.93333333333333
2
2.13333333333333
2.33333333333333
2.06666666666667
2.2
2.53333333333333
2.2
2.26666666666667
2.4
2
2.13333333333333
2.06666666666667
2
1.93333333333333
2.06666666666667
2
2.13333333333333
2.13333333333333
2
2.13333333333333
2.06666666666667
2
2.13333333333333
2.2
2.06666666666667
2.13333333333333
2.06666666666667
2
2.13333333333333
2.06666666666667
2
1.93333333333333
2
2.06666666666667
2.06666666666667
2.06666666666667
2
2.13333333333333
2.06666666666667
2.06666666666667
2.13333333333333
2.13333333333333
2
2.13333333333333
2.06666666666667
2
2.13333333333333
2.13333333333333
2.06666666666667
2.13333333333333
2.2
2
2.13333333333333
2
1.93333333333333
2.13333333333333
2.06666666666667
2
2.13333333333333
2.06666666666667
2
2.13333333333333
2.26666666666667
2.4
2.2
2.26666666666667
2
2.13333333333333
2.2
2.06666666666667
2.26666666666667
2.6
2
2.13333333333333
2
2.06666666666667
2.13333333333333
2.2
2.2
2.13333333333333
2.33333333333333
2.4
2.13333333333333
2.33333333333333
