12.3666666666667
12.4333333333333
12
12.1333333333333
12
12.4333333333333
12.4666666666667
12.2666666666667
12.3666666666667
12.4666666666667
12.2333333333333
12
12
11.9
12
12
11.9
12.3
11.9
12.5
12.5333333333333
12.1333333333333
12.1
12.1
12
12.0666666666667
11.9333333333333
12.1666666666667
11.9333333333333
12.4666666666667
12.1333333333333
12.2666666666667
13.1
12.6
12.1
12
12
11.9333333333333
12.0333333333333
12.9666666666667
12.7666666666667
12.2
12.7
12.2
12.5
12.6
12.1333333333333
12.0333333333333
12
11.9333333333333
12.0666666666667
11.9666666666667
12.0666666666667
12.1333333333333
12.1333333333333
12
12.2
12.6
12.5333333333333
12.1
12
11.9
12.0666666666667
12
12.0666666666667
12.1666666666667
12.0666666666667
11.9
12
12.5666666666667
12.1666666666667
13.1
11.9
12.2
11.9333333333333
12
12
12.1666666666667
12.0666666666667
11.9
12.1333333333333
12.0333333333333
13.3
12.9333333333333
12.0333333333333
12.1
11.9666666666667
12
12
12.1333333333333
12
11.9
12.1333333333333
11.9666666666667
12.2666666666667
12.3666666666667
13.0666666666667
12.2
11.9333333333333
12.0333333333333
11.9666666666667
12.3666666666667
12.2
12.6666666666667
12.3
12.5666666666667
12.1333333333333
12.7666666666667
12.5
12
11.9333333333333
12
11.9666666666667
12.2333333333333
12
11.9333333333333
12.3333333333333
12.0666666666667
12.3
12.0333333333333
12.6333333333333
12.5666666666667
11.9333333333333
12
11.9333333333333
12.5
12
12
12.0333333333333
11.9666666666667
12.1
12.0666666666667
12.5333333333333
12.2
12.3
12
12.0666666666667
12.3
11.9333333333333
12
11.9333333333333
12.4
12.3
12.1666666666667
12
12.5333333333333
12.5333333333333
11.9666666666667
12
12.1666666666667
11.9666666666667
12.3666666666667
11.9333333333333
12
12.0666666666667
12.0666666666667
12
12.2
12.3333333333333
12.5
11.9333333333333
12.2
11.9333333333333
12
12
12.4333333333333
12.3333333333333
12
12.0666666666667
11.9666666666667
12.6333333333333
12.5333333333333
12
12.4333333333333
12.5666666666667
13
12.0333333333333
12.1
12.1333333333333
12.1666666666667
12.7
12.1666666666667
12.1
12.4666666666667
12.5
12.1
12
11.9333333333333
12.0333333333333
12
11.9666666666667
12.1
11.9
12
11.9333333333333
12.5333333333333
12.3666666666667
12.2333333333333
12.1
11.9
12
11.9333333333333
12.3
12.1333333333333
12
12.2666666666667
12.5
12
12.5666666666667
12.6
12
11.9
12.1666666666667
12
12.1666666666667
12.1
12
12.7666666666667
11.9333333333333
12.0333333333333
12.2333333333333
12.5
13.4333333333333
12.4666666666667
12.1333333333333
11.9333333333333
12.0333333333333
12.0333333333333
12
12
12
12
12.0666666666667
12.7333333333333
12.6
12.0666666666667
12.1
12
12.1
12.3333333333333
12.5333333333333
12
11.9333333333333
12.4666666666667
12.2666666666667
12.6333333333333
13.3666666666667
13.2666666666667
12
12
12.1
12.0666666666667
12
11.9
12
11.9333333333333
12.1
12.7333333333333
12
12.2666666666667
12.3333333333333
12
12
12.4333333333333
12.4666666666667
11.9
12.0666666666667
11.9333333333333
12.1666666666667
12.5666666666667
12
12
12.4666666666667
12
11.9666666666667
12.2
12.2333333333333
12.9666666666667
12.2666666666667
12
12
12.2333333333333
12.7666666666667
12
12.0333333333333
12.5333333333333
12.1
12.1
