1.61666666666667
1.5
1.55
1.5
1.56666666666667
1.6
1.73333333333333
1.53333333333333
2.06666666666667
1.51666666666667
1.55
1.5
1.55
1.55
1.63333333333333
1.5
1.55
1.58333333333333
1.73333333333333
1.5
1.53333333333333
1.5
1.55
1.63333333333333
1.56666666666667
1.55
1.55
1.58333333333333
1.5
1.61666666666667
1.68333333333333
1.55
1.5
1.55
1.53333333333333
1.53333333333333
1.56666666666667
1.56666666666667
1.5
1.55
1.5
1.66666666666667
1.88333333333333
1.56666666666667
1.5
1.56666666666667
1.53333333333333
1.55
3.33333333333333
1.53333333333333
1.83333333333333
1.55
1.5
1.63333333333333
1.68333333333333
1.56666666666667
2.06666666666667
1.71666666666667
5.95
1.55
1.46666666666667
1.55
1.5
1.55
1.65
1.68333333333333
1.55
1.5
1.55
1.51666666666667
1.55
1.53333333333333
1.56666666666667
1.5
1.53333333333333
1.5
1.63333333333333
1.68333333333333
1.55
1.5
1.55
1.51666666666667
1.51666666666667
1.56666666666667
1.56666666666667
1.5
1.5
1.63333333333333
1.7
1.55
1.5
1.56666666666667
1.53333333333333
1.55
1.58333333333333
1.65
1.5
1.53333333333333
1.5
1.65
1.68333333333333
1.56666666666667
1.51666666666667
1.56666666666667
1.51666666666667
1.55
1.68333333333333
1.53333333333333
1.46666666666667
1.48333333333333
1.45
1.55
1.63333333333333
1.53333333333333
1.53333333333333
1.55
1.5
1.53333333333333
1.53333333333333
1.56666666666667
1.5
1.53333333333333
1.55
1.63333333333333
1.73333333333333
1.55
1.51666666666667
1.53333333333333
1.56666666666667
1.55
1.58333333333333
1.58333333333333
1.55
1.55
1.51666666666667
1.61666666666667
1.71666666666667
1.5
1.48333333333333
1.51666666666667
1.55
1.51666666666667
1.61666666666667
1.56666666666667
1.53333333333333
1.55
1.48333333333333
1.58333333333333
1.68333333333333
1.56666666666667
1.53333333333333
1.5
1.53333333333333
1.51666666666667
1.58333333333333
1.5
1.56666666666667
1.55
1.51666666666667
1.58333333333333
1.7
1.51666666666667
1.55
1.56666666666667
1.51666666666667
1.48333333333333
1.5
1.5
1.48333333333333
1.51666666666667
1.83333333333333
1.73333333333333
1.71666666666667
4.33333333333333
1.5
1.51666666666667
1.53333333333333
1.5
1.53333333333333
1.5
1.55
1.55
1.55
1.58333333333333
1.66666666666667
1.48333333333333
1.5
1.5
1.51666666666667
1.51666666666667
1.6
1.56666666666667
1.55
1.51666666666667
1.55
1.65
1.75
1.56666666666667
1.55
1.55
1.56666666666667
1.5
1.56666666666667
1.55
1.55
1.5
1.53333333333333
1.6
1.7
1.5
1.51666666666667
1.5
1.51666666666667
1.51666666666667
1.58333333333333
1.55
1.51666666666667
1.48333333333333
1.48333333333333
1.58333333333333
1.7
1.53333333333333
1.48333333333333
1.51666666666667
1.51666666666667
1.51666666666667
1.61666666666667
1.55
1.51666666666667
1.53333333333333
1.51666666666667
1.61666666666667
1.71666666666667
1.5
1.5
1.48333333333333
1.53333333333333
1.48333333333333
1.61666666666667
1.56666666666667
1.5
1.5
1.51666666666667
1.63333333333333
1.7
1.48333333333333
1.6
1.48333333333333
1.51666666666667
1.55
1.6
1.53333333333333
1.48333333333333
1.53333333333333
1.51666666666667
1.58333333333333
1.68333333333333
1.5
1.5
1.56666666666667
1.63333333333333
1.55
1.58333333333333
1.53333333333333
1.51666666666667
1.5
1.53333333333333
1.58333333333333
1.68333333333333
1.53333333333333
1.51666666666667
1.56666666666667
1.55
1.53333333333333
1.51666666666667
1.48333333333333
1.5
1.51666666666667
1.5
1.58333333333333
1.7
1.5
1.48333333333333
1.51666666666667
1.55
1.51666666666667
1.53333333333333
1.56666666666667
