2
11.1333333333333
2.6
2.1
2.2
2.4
2.1
2.1
2.06666666666667
2
2.1
2.1
2.1
2.1
2.6
2.06666666666667
2.16666666666667
2.1
2.06666666666667
2.1
2.1
2.1
2.1
2.1
2.06666666666667
2.06666666666667
2.56666666666667
2.1
2.1
2.16666666666667
2.1
2.1
2.1
2.1
2
2.1
2.1
2.1
2.7
2.1
2.1
2.1
2
2.1
2.1
2.1
2.1
2.1
2.06666666666667
2.1
2.5
2.1
2.1
2.53333333333333
2.1
2.1
2.1
2.1
2.06666666666667
2.03333333333333
2.1
2.1
2.6
2.1
2.1
2.2
2.1
2.06666666666667
2.03333333333333
2.1
2.1
2.1
2.1
2.1
2.73333333333333
2.06666666666667
2.06666666666667
2.13333333333333
2.03333333333333
2
2
2.03333333333333
2.1
2.1
2.1
2.1
2.6
2.1
2.06666666666667
2.13333333333333
2.06666666666667
2.06666666666667
2.06666666666667
2.1
2.1
2.1
2.1
2.1
2.6
2.1
2.1
1.73333333333333
1.5
1.6
1.6
1.5
1.6
1.5
1.6
1.5
2.13333333333333
1.5
2.73333333333333
1.8
1.66666666666667
1.5
1.6
1.5
1.6
1.5
1.6
1.5
2.1
1.5
1.6
1.6
1.6
1.5
1.6
1.5
1.6
1.53333333333333
1.6
1.6
2.1
1.6
1.6
1.7
1.6
1.6
1.6
1.6
1.6
1.6
1.6
1.6
2
1.6
1.6
1.7
1.73333333333333
1.66666666666667
2.23333333333333
1.6
1.5
1.6
1.6
1.6
2.13333333333333
1.6
1.6
1.7
1.6
1.6
1.6
1.6
1.6
1.63333333333333
1.6
1.6
2.13333333333333
1.6
1.6
1.7
1.56666666666667
1.6
1.6
1.6
1.6
1.6
1.6
1.6
2.1
1.56666666666667
1.6
1.7
1.6
1.6
1.6
1.6
1.6
1.6
1.6
1.6
2.1
1.6
1.6
1.7
1.6
1.6
1.6
1.6
1.6
1.6
1.6
1.6
2.13333333333333
1.6
1.6
1.7
1.6
1.6
1.6
1.6
1.6
1.6
1.7
1.7
2.1
1.86666666666667
1.63333333333333
1.7
1.6
1.6
1.6
1.6
1.6
1.6
1.6
1.6
2.1
1.6
1.63333333333333
1.8
1.6
1.6
1.6
1.6
1.6
1.73333333333333
1.66666666666667
1.6
2.2
1.73333333333333
1.6
1.7
1.6
1.63333333333333
1.6
1.63333333333333
1.6
1.7
1.6
1.93333333333333
2.26666666666667
1.63333333333333
1.63333333333333
2
2.03333333333333
1.6
1.63333333333333
2.03333333333333
2
2.03333333333333
2.1
2.1
2.46666666666667
1.6
1.6
1.7
1.6
1.73333333333333
1.6
1.6
1.6
1.63333333333333
2
2.1
8.66666666666667
2.1
2.06666666666667
2.16666666666667
2.1
2.1
2.13333333333333
2.1
2.16666666666667
2.23333333333333
