4.23333333333333
4.38541666666667
4.26666666666667
4.15625
4.23333333333333
4.15208333333333
4.3875
4.27708333333333
4.24375
4.21458333333333
4.18125
4.21041666666667
4.03958333333333
4.11458333333333
4.41666666666667
4.27708333333333
4.27083333333333
4.16875
4.20208333333333
4.29166666666667
4.34375
4.18958333333333
4.07083333333333
4.29375
4.33541666666667
4.3125
4.14166666666667
4.07708333333333
4.20208333333333
4.18125
4.275
4.09166666666667
4.1125
4.18541666666667
4.24791666666667
4.08958333333333
4.14166666666667
4.28125
4.40416666666667
4.24375
4.18958333333333
4.21666666666667
4.25833333333333
4.26041666666667
4.13958333333333
4.26041666666667
4.42083333333333
4.32916666666667
4.75208333333333
4.10625
4.20416666666667
4.20625
4.14791666666667
4.13958333333333
4.1875
4.3875
4.26875
4.13333333333333
4.06041666666667
4.18958333333333
4.3875
4.26458333333333
4.13541666666667
4.13541666666667
4.2375
4.18125
4.17083333333333
4.17708333333333
4.24375
4.29375
4.20208333333333
4.1625
4.0875
4.26458333333333
4.25625
4.16875
4.08333333333333
4.25
4.30833333333333
4.2875
3.975
4.08541666666667
4.22291666666667
4.36666666666667
4.19375
4.23125
4.21875
4.19583333333333
4.13333333333333
4.175
4.26875
4.31666666666667
4.28958333333333
4.17291666666667
4.22708333333333
4.17916666666667
4.23541666666667
4.10625
4.19791666666667
4.21458333333333
4.33958333333333
4.2
4.25208333333333
4.32291666666667
4.15833333333333
4.2125
4.3125
4.375
4.25
4.23958333333333
4.06875
4.25
4.21041666666667
4.41875
4.125
4.23125
4.16875
4.27708333333333
4.01875
4.10833333333333
4.24583333333333
4.45625
4.14166666666667
4.16458333333333
4.14166666666667
4.38333333333333
4.23333333333333
4.39791666666667
4.17083333333333
4.20416666666667
4.225
4.21875
4.15833333333333
4.22916666666667
4.31666666666667
4.24375
4.06458333333333
4.2625
4.24791666666667
4.3125
4.09791666666667
4.14166666666667
4.11666666666667
4.25208333333333
4.20416666666667
4.29791666666667
4.05833333333333
4.25625
4.31875
4.38541666666667
4.175
4.22916666666667
4.26875
4.3375
4.16458333333333
4.34583333333333
4.2125
4.44791666666667
4.35416666666667
4.34791666666667
4.175
4.25208333333333
4.11041666666667
4.20416666666667
4.14791666666667
4.1625
4.26458333333333
4.23958333333333
4.21875
4.27291666666667
4.42916666666667
4.59791666666667
4.2375
4.225
4.24583333333333
4.38958333333333
4.21041666666667
4.24583333333333
4.25208333333333
4.4125
4.31458333333333
4.25833333333333
4.21875
4.10833333333333
4.20416666666667
4.34375
4.11666666666667
4.09791666666667
4.29375
4.32916666666667
4.21666666666667
4.08541666666667
4.21041666666667
4.33125
4.2125
4.27708333333333
4.26458333333333
4.37083333333333
4.32083333333333
4.25208333333333
4.15208333333333
4.38333333333333
4.32291666666667
4.31875
4.27708333333333
4.20416666666667
4.225
4.30833333333333
4.24791666666667
4.11458333333333
4.20416666666667
4.22291666666667
4.3375
4.10833333333333
4.17083333333333
4.24375
4.2375
4.37708333333333
4.17291666666667
4.2875
4.2125
4.225
4.11458333333333
4.15416666666667
4.27083333333333
4.37708333333333
4.26666666666667
4.1875
4.125
4.27291666666667
4.12708333333333
4.24583333333333
4.07916666666667
4.375
4.26458333333333
4.33958333333333
4.1375
4.16875
4.23333333333333
4.40833333333333
4.23333333333333
4.20208333333333
4.2875
4.33958333333333
4.06875
4.10625
4.2625
4.35416666666667
4.375
4.40625
4.2
4.18333333333333
4.15208333333333
4.225
4.06875
4.19791666666667
4.325
4.3375
4.14166666666667
4.03333333333333
4.18541666666667
4.36666666666667
4.325
4.17708333333333
4.1875
4.32916666666667
4.28541666666667
4.25625
4.16458333333333
4.34375
4.54166666666667
4.36875
4.35416666666667
4.18333333333333
4.36666666666667
4.23125
4.10833333333333
4.15625
4.22083333333333
4.25625
4.275
4.2
4.16458333333333
4.29791666666667
4.24791666666667
4.23125
4.16666666666667
4.3
