1.51666666666667
1.51666666666667
1.55
1.55
1.53333333333333
1.53333333333333
1.51666666666667
1.55
1.5
1.55
1.55
1.65
9.1
1.38333333333333
1.5
1.55
9.46666666666667
1.48333333333333
1.51666666666667
1.51666666666667
1.6
1.53333333333333
1.51666666666667
1.66666666666667
1.5
7.9
1.43333333333333
1.53333333333333
1.53333333333333
1.51666666666667
1.61666666666667
1.51666666666667
1.55
1.55
1.53333333333333
1.75
1.53333333333333
1.5
1.5
1.5
1.51666666666667
1.53333333333333
1.55
1.5
1.5
1.5
1.5
1.7
1.55
1.53333333333333
1.5
1.5
1.5
1.5
1.5
1.53333333333333
1.5
1.5
1.5
1.71666666666667
1.55
1.5
1.5
1.5
1.51666666666667
1.5
1.55
1.51666666666667
1.53333333333333
1.5
1.5
1.65
1.5
1.51666666666667
1.55
1.5
1.55
1.51666666666667
1.5
1.5
1.51666666666667
1.5
1.5
1.65
1.55
1.53333333333333
1.5
1.53333333333333
1.53333333333333
1.58333333333333
1.55
1.55
1.55
1.55
1.55
1.68333333333333
1.53333333333333
1.55
1.58333333333333
1.55
1.41666666666667
1.35
1.25
1.3
1.25
1.33333333333333
1.35
1.5
1.25
1.3
1.26666666666667
1.3
1.25
1.35
1.25
1.3
1.25
1.3
1.26666666666667
1.5
1.3
1.3
1.25
1.3
1.25
1.35
1.25
1.31666666666667
1.25
1.3
1.3
1.5
1.3
1.3
1.3
1.38333333333333
1.3
1.35
1.3
1.3
1.3
1.3
1.3
1.5
1.35
1.3
1.3
1.3
1.35
1.35
1.6
1.33333333333333
1.33333333333333
1.3
1.3
1.5
1.31666666666667
1.28333333333333
1.3
1.3
1.3
1.35
1.3
1.3
1.3
1.35
1.3
1.5
1.31666666666667
1.3
1.28333333333333
1.3
1.3
1.35
1.3
1.3
1.3
1.31666666666667
1.3
1.48333333333333
1.3
1.3
1.33333333333333
1.3
1.3
1.33333333333333
1.28333333333333
1.31666666666667
1.3
1.3
1.31666666666667
1.5
1.33333333333333
1.3
1.33333333333333
1.3
1.3
1.3
1.3
1.31666666666667
1.3
1.3
1.28333333333333
1.46666666666667
1.31666666666667
1.31666666666667
1.3
1.3
1.3
1.33333333333333
1.3
1.26666666666667
1.3
1.3
1.3
1.46666666666667
1.31666666666667
1.3
1.3
1.28333333333333
1.33333333333333
1.46666666666667
1.3
1.31666666666667
1.3
1.3
1.3
1.48333333333333
1.35
1.3
1.3
1.3
1.31666666666667
1.36666666666667
1.3
1.3
1.3
1.3
1.3
1.5
1.35
1.32142857142857
1.3
1.3
1.3
1.35
1.3
1.3
1.3
1.3
1.3
1.5
1.33333333333333
1.33333333333333
1.31666666666667
1.3
1.36666666666667
8.18333333333333
1.16666666666667
1.11666666666667
1.08333333333333
1.16666666666667
1.13333333333333
1.25
1.11666666666667
1.1
1.11666666666667
1.06666666666667
1.1
1.13333333333333
1.06666666666667
7.18333333333333
1.1
1.05
1.1
1.31666666666667
1.36666666666667
1.28333333333333
1.35
1.36666666666667
1.28333333333333
1.31666666666667
1.3
1.28333333333333
4.9
3.96666666666667
1.3
1.5
