2.76666666666667
3.33333333333333
21.6666666666667
6.41666666666667
3.41666666666667
4.2
5.28333333333333
4.85
8.61666666666667
5.28333333333333
4.63333333333333
4.91666666666667
2.63333333333333
2.43333333333333
2.56666666666667
4.63333333333333
6.75
2.41666666666667
3.15
9.75
3.25
2.28333333333333
2.3
2.3
2.4
2.3
4.76666666666667
3.76666666666667
2.83333333333333
4.91666666666667
2.41666666666667
2.36666666666667
2.4
2.45
2.43333333333333
2.46666666666667
2.38333333333333
2.41666666666667
2.38333333333333
2.46666666666667
2.38333333333333
2.36666666666667
2.35
4.75
2.2
3.3
2.21666666666667
2.31666666666667
2.23333333333333
2.23333333333333
2.56666666666667
3.58333333333333
2.4
2.03333333333333
2.01666666666667
2.03333333333333
3.26666666666667
2.26666666666667
3.66666666666667
2.36666666666667
2.15
2
2.16666666666667
2.13333333333333
2.5
3
2.28333333333333
3.48333333333333
2.2
2.1
2.91666666666667
2.75
2.3
3.46666666666667
2.26666666666667
2.26666666666667
3.13333333333333
2.2
2.2
2.23333333333333
2.28333333333333
2.23333333333333
4.43333333333333
2.56666666666667
3.3
2.33333333333333
2.8
3.78333333333333
4.23333333333333
4.7
2.31666666666667
2.7
3.98333333333333
3.73333333333333
3.46666666666667
2.35
2.08333333333333
2.21666666666667
4.95
2.16666666666667
2.06666666666667
2.01666666666667
2.03333333333333
2
1.95
1.93333333333333
4.05
2.66666666666667
1.98333333333333
1.96666666666667
1.93333333333333
2.05
2.03333333333333
1.98333333333333
2
2.01666666666667
2
2
1.96666666666667
2.03333333333333
2.01666666666667
2.13333333333333
5.61666666666667
2.03333333333333
2.01666666666667
1.96666666666667
1.96666666666667
1.96666666666667
1.95
1.96666666666667
1.91666666666667
1.98333333333333
1.98333333333333
1.95
1.96666666666667
2.01666666666667
1.95
1.96666666666667
1.9
1.93333333333333
1.93333333333333
1.91666666666667
1.95
1.96666666666667
1.93333333333333
1.91666666666667
1.91666666666667
2.3
2.51666666666667
1.98333333333333
1.98333333333333
1.96666666666667
1.95
1.96666666666667
1.95
2
1.98333333333333
1.96666666666667
1.96666666666667
2.01666666666667
1.96666666666667
1.95
1.96666666666667
1.98333333333333
1.91666666666667
1.93333333333333
1.93333333333333
2
1.93333333333333
1.93333333333333
1.95
1.96666666666667
1.93333333333333
1.93333333333333
1.9
1.93333333333333
1.9
1.95
1.91666666666667
1.96666666666667
1.9
1.91666666666667
1.95
1.98333333333333
2
1.91666666666667
1.96666666666667
1.95
1.91666666666667
1.93333333333333
1.96666666666667
1.98333333333333
1.96666666666667
1.95
4.11666666666667
2.11666666666667
1.95
2.05
1.93333333333333
1.96666666666667
1.91666666666667
1.95
2.06666666666667
2.01666666666667
2.63333333333333
2.45
4.55
11.75
5
16.4333333333333
10.2166666666667
7.15
6.23076923076923
3.25
1.85
7.7
5.85
5.13333333333333
2.53333333333333
5.41666666666667
4.45
2
1.86666666666667
8
2.26666666666667
4.23333333333333
3.66666666666667
3.05
2.8
6.3
10.3666666666667
12.0333333333333
15.55
15.9166666666667
9.68333333333333
10.5
5.28333333333333
10.3833333333333
7.7
4.85
6
5.56666666666667
8.38333333333333
4.06666666666667
2.6
2.56666666666667
2.7
2.68333333333333
2.91666666666667
2.73333333333333
2.43333333333333
2.46666666666667
6.16666666666667
5.66666666666667
3.56666666666667
3.45
9.56666666666667
10.9666666666667
3.16666666666667
7.83333333333333
4.83333333333333
4.45
8.76666666666667
5.98333333333333
5.21666666666667
7.61666666666667
4.76666666666667
4
3.25
3.03333333333333
2.5
2.31666666666667
2.46666666666667
6.26666666666667
5.66666666666667
4.58333333333333
3.38333333333333
3.48333333333333
6.81666666666667
3.75
3.06666666666667
2.4
3.1
3.43333333333333
4.03333333333333
4.96666666666667
3.71666666666667
7.21666666666667
