1.5
1.48333333333333
1.48333333333333
1.5
1.5
1.5
1.51666666666667
1.48333333333333
1.56666666666667
1.53333333333333
1.51666666666667
1.45
1.48333333333333
1.58333333333333
1.51666666666667
1.5
1.45
1.43333333333333
2
1.36666666666667
1.23333333333333
1.23333333333333
1.2
1.25
1.2
1.2
1.21666666666667
1.26666666666667
1.36666666666667
1.3
1.28333333333333
1.3
1.28333333333333
1.38333333333333
1.26666666666667
1.26666666666667
1.31666666666667
1.26666666666667
1.31666666666667
1.35
1.31666666666667
1.38333333333333
1.28333333333333
1.26666666666667
1.23333333333333
1.25
1.3
1.25
1.31666666666667
1.3
1.26666666666667
1.26666666666667
1.28333333333333
1.3
1.3
1.3
1.3
1.38333333333333
1.33333333333333
1.31666666666667
1.3
1.28333333333333
1.31666666666667
1.45
1.26666666666667
1.3
1.3
1.38333333333333
1.36666666666667
1.36666666666667
1.41666666666667
1.33333333333333
2
1.66666666666667
1.55
1.51666666666667
1.48333333333333
1.56666666666667
1.48333333333333
1.46666666666667
1.48333333333333
1.51666666666667
1.93333333333333
2.35
2.25
2.41666666666667
1.31666666666667
1.26666666666667
1.3
1.33333333333333
1.28333333333333
1.31666666666667
1.26666666666667
1.26666666666667
1.28333333333333
1.4
1.26666666666667
1.36666666666667
1.26666666666667
1.31666666666667
1.875
1.4
1.23333333333333
1.23333333333333
1.25
1.21666666666667
1.23333333333333
1.25
1.25
1.25
1.26666666666667
1.18333333333333
1.23333333333333
1.21666666666667
1.2
1.21666666666667
1.23333333333333
1.2
1.23333333333333
1.23333333333333
1.23333333333333
1.2
1.2
1.23333333333333
1.21666666666667
1.25
1.23333333333333
1.23333333333333
1.23333333333333
1.23333333333333
1.23333333333333
1.23333333333333
1.23333333333333
1.23333333333333
1.2
1.23333333333333
1.26666666666667
1.25
1.33333333333333
1.3
1.23333333333333
1.25
1.71666666666667
1.66666666666667
1.75
1.76666666666667
1.76666666666667
1.71666666666667
1.76666666666667
1.63333333333333
1.76666666666667
1.9375
1.66666666666667
1.68333333333333
1.7
1.66666666666667
1.7
1.61666666666667
1.66666666666667
1.51666666666667
1.53333333333333
1.46666666666667
1.48333333333333
1.48333333333333
1.48333333333333
1.48333333333333
1.48333333333333
1.5
1.5
1.51666666666667
1.51666666666667
2
1.31666666666667
1.3
1.3
1.28333333333333
1.38333333333333
1.38333333333333
1.43333333333333
1.45
1.41666666666667
1.41666666666667
2.08333333333333
1.45
1.41666666666667
1.33333333333333
1.38333333333333
1.4
1.43333333333333
1.45
1.43333333333333
1.38333333333333
1.41666666666667
1.45
1.43333333333333
1.41666666666667
1.45
1.41666666666667
1.45
1.38333333333333
1.4
1.41666666666667
1.45
1.41666666666667
1.35
1.41666666666667
1.4
1.41666666666667
1.38333333333333
1.38333333333333
1.41666666666667
1.43333333333333
1.41666666666667
1.43333333333333
1.45
1.36666666666667
1.41666666666667
1.35
1.45
1.48333333333333
1.43333333333333
1.45
1.48333333333333
1.48333333333333
1.46666666666667
1.46666666666667
1.45
1.46666666666667
1.45
1.58333333333333
1.43333333333333
1.48333333333333
1.43333333333333
1.5
1.5
1.48333333333333
1.91666666666667
1.7
1.56666666666667
1.53333333333333
1.875
1.8
1.7
1.68333333333333
1.7
1.68333333333333
1.6
1.7
1.7
1.71666666666667
1.75
1.75
1.71666666666667
1.73333333333333
1.7
1.68333333333333
1.81666666666667
1.86666666666667
1.78333333333333
1.73333333333333
1.7
1.8
1.73333333333333
1.78333333333333
1.71666666666667
1.66666666666667
1.68333333333333
1.68333333333333
1.68333333333333
1.7
1.71666666666667
1.61666666666667
1.61666666666667
1.68333333333333
1.68333333333333
1.6
1.71666666666667
1.73333333333333
1.78333333333333
1.73333333333333
1.71666666666667
1.73333333333333
1.8
1.8
1.75
1.85
1.88333333333333
1.88333333333333
