1.53333333333333
1.56666666666667
1.56666666666667
1.58333333333333
1.55
1.81666666666667
1.61666666666667
1.58333333333333
1.75
1.55
1.58333333333333
1.61666666666667
1.55
1.56666666666667
1.58333333333333
1.58333333333333
1.55
1.63333333333333
1.56666666666667
1.56666666666667
1.75
1.55
1.58333333333333
1.58333333333333
1.53333333333333
1.58333333333333
1.56666666666667
1.58333333333333
1.61666666666667
1.68333333333333
1.6
1.58333333333333
1.75
1.55
1.56666666666667
1.6
1.6
1.56666666666667
1.56666666666667
1.56666666666667
1.56666666666667
1.61666666666667
1.58333333333333
1.55
1.76666666666667
1.58333333333333
1.56666666666667
1.6
1.55
1.55
1.53333333333333
1.58333333333333
1.58333333333333
1.66666666666667
1.6
1.55
1.75
1.56666666666667
1.56666666666667
1.68333333333333
1.63333333333333
1.58333333333333
1.58333333333333
1.55
1.58333333333333
1.71666666666667
1.61666666666667
1.53333333333333
1.9
1.6
1.58333333333333
1.55
1.56666666666667
1.56666666666667
1.56666666666667
1.56666666666667
1.56666666666667
1.61666666666667
1.56666666666667
1.56666666666667
1.78333333333333
1.6
1.58333333333333
1.56666666666667
1.73333333333333
1.56666666666667
1.56666666666667
1.56666666666667
1.56666666666667
1.65
1.56666666666667
1.56666666666667
1.85
1.6
1.55
1.58333333333333
1.56666666666667
1.56666666666667
1.55
1.6
1.55
1.5
1.5
1.5
1.68333333333333
1.5
1.5
1.5
1.46666666666667
1.5
1.48333333333333
1.48333333333333
1.5
1.5
1.5
1.5
1.66666666666667
1.48333333333333
1.5
1.5
1.5
1.5
1.5
1.5
1.5
1.5
1.5
1.5
1.66666666666667
1.5
1.48333333333333
1.5
1.5
1.48333333333333
1.5
1.55
1.48333333333333
1.53333333333333
1.5
1.51666666666667
1.68333333333333
1.5
1.5
1.5
1.5
1.5
1.5
1.5
2.18333333333333
2.15
1.5
1.51666666666667
1.68333333333333
1.85
1.5
1.5
1.5
1.5
1.5
1.5
1.5
1.51666666666667
1.5
1.5
1.7
1.5
1.51666666666667
1.5
1.5
1.5
1.5
1.5
1.53333333333333
1.5
1.5
1.55
1.68333333333333
1.5
1.5
1.5
1.5
1.5
1.5
1.5
1.48333333333333
1.5
1.5
1.51666666666667
1.66666666666667
1.48333333333333
1.51666666666667
1.5
1.5
1.5
1.5
1.5
1.5
1.5
1.5
1.5
1.68333333333333
1.5
1.51666666666667
1.5
1.5
1.5
1.5
1.5
1.5
1.51666666666667
1.51666666666667
1.5
1.68333333333333
1.5
1.48333333333333
1.5
1.5
1.5
1.5
1.5
1.46666666666667
1.55
1.53333333333333
1.48333333333333
1.66666666666667
1.48333333333333
1.5
1.5
1.48333333333333
1.5
1.5
1.5
1.5
1.55
1.51666666666667
1.5
1.66666666666667
1.5
1.5
1.5
1.5
1.46666666666667
1.51666666666667
1.48333333333333
1.5
1.55
1.51666666666667
1.5
1.68333333333333
1.5
1.5
1.55
1.5
1.5
1.5
1.5
1.45
1.5
1.5
1.5
1.66666666666667
1.48333333333333
1.5
1.5
1.46666666666667
1.48333333333333
1.5
1.5
1.5
1.5
1.79166666666667
1.5
1.68333333333333
1.48333333333333
1.46666666666667
1.51666666666667
1.53333333333333
1.55
1.55
1.58333333333333
1.58333333333333
1.8
1.71666666666667
1.65
1.85
1.73333333333333
1.63333333333333
1.71666666666667
