2.33333333333333
3.06666666666667
2.56666666666667
2.93333333333333
2.26666666666667
3.1
2.4
2.93333333333333
2.3
3.03333333333333
2.8
3.06666666666667
2.26666666666667
3
2.3
2.96666666666667
2.26666666666667
3.3
2.3
2.96666666666667
2.33333333333333
3.06666666666667
2.76666666666667
3.13333333333333
5.36666666666667
5.86666666666667
2.23333333333333
2.9
2.26666666666667
3.03333333333333
2.23333333333333
2.9
2.2
3
2.6
3
2.2
2.9
2.3
2.83333333333333
2.26666666666667
3.33333333333333
2.36666666666667
2.83333333333333
2.23333333333333
2.9
2.73333333333333
3.13333333333333
2.23333333333333
2.9
2.2
2.9
2.23333333333333
3.03333333333333
2.2
2.9
2.2
2.9
2.63333333333333
3
2.23333333333333
2.9
2.26666666666667
2.93333333333333
2.2
3.03333333333333
2.26666666666667
2.93333333333333
2.2
2.86666666666667
2.66666666666667
3
2.2
2.9
2.2
2.83333333333333
2.23333333333333
3.26666666666667
2.26666666666667
2.8
2.2
3.06666666666667
2.8
3.13333333333333
2.26666666666667
2.93333333333333
2.23333333333333
2.96666666666667
2.3
3
2.3
3
2.26666666666667
2.93333333333333
2.7
3.03333333333333
2.2
2.9
2.2
2.9
2.2
2.3
2.33333333333333
2.2
2.2
2.2
2.66666666666667
2.3
2.23333333333333
2.2
2.26666666666667
2.23333333333333
2.2
2.4
2.2
2.2
2.2
2.26666666666667
2.7
2.36666666666667
2.23333333333333
2.23333333333333
2.3
2.26666666666667
2.23333333333333
2.26666666666667
2.2
2.2
2.23333333333333
2.2
2.6
2.3
2.2
2.2
2.2
2.2
2.4
2.5
2.23333333333333
2.2
2.2
2.2
2.7
2.3
2.26666666666667
2.2
2.3
2.2
2.2
2.93333333333333
2.76666666666667
2.73333333333333
2.7
2.66666666666667
2.66666666666667
2.36666666666667
2.2
2.2
2.23333333333333
2.23333333333333
2.3
2.36666666666667
2.3
2.33333333333333
2.23333333333333
2.2
2.73333333333333
2.3
2.2
2.23333333333333
2.2
2.2
2.2
2.3
2.23333333333333
2.2
2.23333333333333
2.2
2.7
2.3
2.23333333333333
2.26666666666667
2.2
2.2
2.2
2.3
2.23333333333333
2.43333333333333
2.23333333333333
2.2
2.76666666666667
2.3
2.2
2.2
2.36666666666667
2.23333333333333
3.86666666666667
3.06666666666667
2.2
2.9
2.3
2.9
2.93333333333333
3.13333333333333
2.2
2.86666666666667
2.2
2.8
2.2
3.03333333333333
2.23333333333333
2.93333333333333
2.3
2.93333333333333
2.96666666666667
3.06666666666667
2.23333333333333
3
2.26666666666667
2.9
2.46666666666667
3.03333333333333
2.2
2.93333333333333
2.3
2.96666666666667
2.73333333333333
3.03333333333333
2.23333333333333
2.96666666666667
2.26666666666667
3.06666666666667
2.26666666666667
3.03333333333333
2.23333333333333
3.13333333333333
2.2
2.96666666666667
2.9
3.1
2.26666666666667
3
2.2
2.96666666666667
2.3
3.06666666666667
2.26666666666667
3.03333333333333
2.3
3
2.73333333333333
3.06666666666667
2.23333333333333
2.9
2.3
3.1
2.3
3.16666666666667
2.26666666666667
3
2.26666666666667
2.96666666666667
2.73333333333333
3.1
2.23333333333333
3
2.23333333333333
2.9
2.23333333333333
3.26666666666667
2.4
3.03333333333333
2.53333333333333
3
2.76666666666667
3.06666666666667
2.3
2.9
2.26666666666667
2.9
2.36666666666667
3.06666666666667
2.23333333333333
2.96666666666667
2.56666666666667
3.06666666666667
2.76666666666667
3
