9.96666666666667
10.5666666666667
10.3
9.06666666666667
8.6
9.66666666666667
10.1666666666667
10.0333333333333
10.1333333333333
10.6
11.2
11.4
9.7
10.8666666666667
10.1666666666667
8.3
9
11.7666666666667
9.36666666666667
10.4666666666667
9.3
9.86666666666667
11.9666666666667
9.33333333333333
9.13333333333333
10.6
12.8666666666667
8.73333333333333
10.8666666666667
9.16666666666667
12.0333333333333
11.1666666666667
9.33333333333333
9.86666666666667
11.2333333333333
12.3666666666667
11.9
11.9
10.0666666666667
10.9333333333333
11.1
9.76666666666667
10.6666666666667
10.6
10.1666666666667
9.23333333333333
10.4666666666667
9.83333333333333
8.96666666666667
8.03333333333333
7.3
9.26666666666667
8.06666666666667
8.8
9.83333333333333
9.7
7.6
8.76666666666667
7.73333333333333
8.16666666666667
8.96666666666667
7.43333333333333
9.56666666666667
8.46666666666667
10.4
10.1333333333333
8.7
10.6333333333333
10.2333333333333
7.9
6.13333333333333
7.23333333333333
7.53333333333333
8.3
7.86666666666667
7.36666666666667
9.36666666666667
6.93333333333333
7.56666666666667
9.6
10.7
9.9
8.23333333333333
8.83333333333333
8.3
10.1333333333333
8.2
8.03333333333333
7.2
8.3
9.3
7.6
7.1
6.36666666666667
6.6
6.66666666666667
7.66666666666667
7.06666666666667
8.03333333333333
8.2
6.4
5.23333333333333
6.13333333333333
5.6
6.23333333333333
5.23333333333333
5.7
5.3
5.6
5.06666666666667
4.56666666666667
5.46666666666667
5.3
4.53333333333333
4.56666666666667
5.26666666666667
6.03333333333333
5.8
5.33333333333333
5.1
5.16666666666667
4.5
5.73333333333333
5.23333333333333
5.6
5.2
4.33333333333333
6.23333333333333
6.8
4.3
4.4
4.76666666666667
3.76666666666667
4.36666666666667
4.36666666666667
4.13333333333333
5.2
4.53333333333333
4.63333333333333
6.16666666666667
6.2
6.26666666666667
5.4
5.2
4.8
4.8
5.23333333333333
4.43333333333333
5.13333333333333
4.63333333333333
4.03333333333333
5.1
5.13333333333333
4.26666666666667
4.56666666666667
4.76666666666667
4.5
4.83333333333333
4.6
4.16666666666667
4.2
4.7
4.53333333333333
4.56666666666667
4.5
3.46666666666667
3.5
4.8
4.56666666666667
4.76666666666667
4.66666666666667
3.5
4.26666666666667
6
4.86666666666667
6.1
5.2
4.56666666666667
4.33333333333333
4
4.43333333333333
4.46666666666667
5.03333333333333
5.46666666666667
6.56666666666667
7.03333333333333
7.06666666666667
5.53333333333333
6.63333333333333
5.9
5.76666666666667
5.4
4.63333333333333
5.53333333333333
5.93333333333333
6.53333333333333
6.53333333333333
5.7
6.03333333333333
6.3
5.7
6.06666666666667
6.5
6.63333333333333
6.4
6.83333333333333
5.53333333333333
4.4
7.56666666666667
7.13333333333333
5.76666666666667
6.76666666666667
7.73333333333333
6.36666666666667
6.73333333333333
7.3
7.1
7.6
7.43333333333333
7.26666666666667
8.1
8
9.6
8.5
10.7666666666667
10.9
9.76666666666667
12.4333333333333
11.1
11.7333333333333
11.9
12.0333333333333
10
10.0333333333333
9.86666666666667
10.6666666666667
9.4
8.53333333333333
11.7333333333333
12.4
10.5
9.63333333333333
9.6
9.76666666666667
9.26666666666667
9
8.63333333333333
9.66666666666667
8.2
10.5666666666667
12.6333333333333
13.8333333333333
11.2333333333333
11.1
10.4
9.46666666666667
7.9
8.16666666666667
8.56666666666667
9.93333333333333
9.83333333333333
9.4
9.33333333333333
12
10.3333333333333
10.8666666666667
11.2
10.8
13.2333333333333
15.3
12.2666666666667
11.6666666666667
11.5666666666667
13.3
12.9666666666667
8.93333333333333
8.9
9.96666666666667
9.9
9.06666666666667
10
13.6
12.0333333333333
11.5
10.9666666666667
12.1333333333333
13.2333333333333
11
