1.75
1.95
1.76666666666667
1.76666666666667
1.78333333333333
1.83333333333333
1.8
1.83333333333333
1.8
1.81666666666667
1.78333333333333
1.83333333333333
1.81666666666667
2.03333333333333
1.81666666666667
1.8
1.81666666666667
1.81666666666667
1.8
1.81666666666667
1.8
1.85
1.8
1.78333333333333
1.8
2.01666666666667
1.76666666666667
1.76666666666667
1.76666666666667
1.95
1.78333333333333
1.78333333333333
1.78333333333333
1.78333333333333
1.75
1.76666666666667
1.76666666666667
2.03333333333333
1.8
1.81666666666667
1.78333333333333
1.81666666666667
1.76666666666667
1.78333333333333
1.76666666666667
1.81666666666667
1.8
1.8
1.76666666666667
2
1.78333333333333
1.76666666666667
1.75
1.8
1.75
1.8
1.76666666666667
1.81666666666667
1.75
1.78333333333333
1.78333333333333
1.95
1.8
1.8
1.8
1.85
1.76666666666667
1.75
1.76666666666667
1.8
1.78333333333333
1.76666666666667
1.76666666666667
2
1.8
1.78333333333333
1.75
1.8
1.76666666666667
1.8
1.76666666666667
1.81666666666667
1.91666666666667
1.8
1.8
2.01666666666667
1.76666666666667
1.75
1.78333333333333
1.81666666666667
1.76666666666667
1.8
1.75
1.83333333333333
1.76666666666667
1.78333333333333
1.8
2
1.76666666666667
1.8
1.75
1.63333333333333
1.56666666666667
1.61666666666667
1.53333333333333
1.61666666666667
1.6
1.61666666666667
1.56666666666667
1.8
1.55
1.6
1.55
1.65
1.6
1.61666666666667
1.56666666666667
1.66666666666667
1.55
1.58333333333333
1.55
1.8
1.56666666666667
1.63333333333333
1.56666666666667
1.65
1.56666666666667
1.6
1.55
1.66666666666667
1.55
1.61666666666667
1.61666666666667
1.83333333333333
1.6
1.58333333333333
1.73333333333333
1.68333333333333
1.63333333333333
1.58333333333333
1.53333333333333
1.5
1.55
1.56666666666667
1.58333333333333
1.85
1.61666666666667
1.6
2.38333333333333
2.28333333333333
1.78333333333333
1.71666666666667
1.61666666666667
1.6
1.56666666666667
1.65
1.6
1.83333333333333
1.6
1.6
1.6
1.6
1.6
1.61666666666667
1.6
1.63333333333333
1.63333333333333
1.6
1.56666666666667
1.81666666666667
1.6
1.6
1.6
1.61666666666667
1.63333333333333
1.63333333333333
1.73333333333333
1.8
1.76666666666667
1.8
1.76666666666667
1.88333333333333
1.55
1.61666666666667
1.6
1.61666666666667
1.58333333333333
1.65
1.6
1.61666666666667
1.58333333333333
1.6
1.6
1.81666666666667
1.56666666666667
1.61666666666667
1.61666666666667
1.66666666666667
1.56666666666667
1.56666666666667
1.56666666666667
1.65
1.6
1.75
1.6
1.78333333333333
1.58333333333333
1.6
1.56666666666667
1.65
1.76666666666667
1.61666666666667
1.63333333333333
1.61666666666667
1.76666666666667
1.61666666666667
1.6
1.76666666666667
1.65
1.58333333333333
1.58333333333333
1.63333333333333
1.6
1.58333333333333
1.63333333333333
1.6
1.58333333333333
1.61666666666667
1.6
1.81666666666667
1.61666666666667
1.56666666666667
1.6
1.63333333333333
1.56666666666667
1.61666666666667
1.6
1.6
1.61666666666667
1.61666666666667
1.61666666666667
1.8
1.68333333333333
1.76666666666667
1.78333333333333
1.63333333333333
1.56666666666667
1.63333333333333
1.61666666666667
1.8
1.76666666666667
1.6
1.61666666666667
1.8
1.6
1.63333333333333
1.63333333333333
1.61666666666667
1.63333333333333
1.65
1.58333333333333
1.71666666666667
1.78333333333333
1.6
1.6
1.86666666666667
1.63333333333333
1.61666666666667
1.63333333333333
1.61666666666667
1.63333333333333
1.66666666666667
1.65
1.68333333333333
1.61666666666667
1.73333333333333
1.91666666666667
2.03333333333333
1.81666666666667
1.76666666666667
1.78333333333333
1.75
1.75
1.76666666666667
1.78333333333333
1.76666666666667
1.73333333333333
1.76666666666667
