1.4
1.06666666666667
1.2
1.13333333333333
1.2
1.93333333333333
1.66666666666667
1.8
1.73333333333333
1
1.2
1.33333333333333
1.26666666666667
1
1
1.2
1.26666666666667
1
1.13333333333333
1.26666666666667
1.06666666666667
1.06666666666667
1.2
1
1
1.4
1.13333333333333
1
1
1
1.2
1.13333333333333
1.2
1
1.2
1.13333333333333
1.2
1.13333333333333
1
1.06666666666667
1
1
1
1
1.2
1
1.2
1
1.26666666666667
1
1
1
1.06666666666667
1.13333333333333
1.26666666666667
1.33333333333333
1.2
1.2
1.2
1.2
1.2
1.06666666666667
1.13333333333333
1.4
1
1.2
1.46666666666667
1.33333333333333
1.4
1.33333333333333
1.4
1.33333333333333
1.33333333333333
1.46666666666667
1.6
1.26666666666667
1.4
1.26666666666667
1.66666666666667
1.46666666666667
1.33333333333333
1.33333333333333
1.6
1.53333333333333
1.6
1.53333333333333
1.2
1.8
1.4
1.13333333333333
1.06666666666667
1.13333333333333
1.4
1.2
1.2
1.2
1.33333333333333
1.13333333333333
1.06666666666667
1.53333333333333
1.26666666666667
1.13333333333333
1.33333333333333
1.26666666666667
1.4
1
1.93333333333333
6
1.4
1.26666666666667
1.73333333333333
1.53333333333333
3.73333333333333
1.6
1.06666666666667
1.26666666666667
1.13333333333333
1
1.33333333333333
1.53333333333333
1.46666666666667
1.6
1.26666666666667
1.2
1.13333333333333
1.46666666666667
1
1
1.33333333333333
1.33333333333333
1.4
1.4
1.46666666666667
1.06666666666667
1.26666666666667
1.4
1.4
1.13333333333333
1.66666666666667
1.2
1.06666666666667
1.06666666666667
1.4
1.6
1.86666666666667
1.06666666666667
1.13333333333333
1.26666666666667
1.13333333333333
1.13333333333333
1
1.4
1.13333333333333
1.26666666666667
1.46666666666667
1.26666666666667
1.4
1.4
1
1
1.33333333333333
1
1.53333333333333
1.2
1.06666666666667
1.2
1.33333333333333
1
1.2
1.13333333333333
1.26666666666667
1.4
1.26666666666667
5.73333333333333
9.46666666666667
1.86666666666667
1.46666666666667
1.2
1.53333333333333
1.33333333333333
1.66666666666667
1.2
1.2
1.13333333333333
1.13333333333333
1.2
1.2
1.13333333333333
1.2
1.53333333333333
1.2
1
1.73333333333333
1.06666666666667
1.06666666666667
1.2
1.06666666666667
1.13333333333333
1.46666666666667
1.13333333333333
1.06666666666667
1.26666666666667
1.2
1
1.06666666666667
1.46666666666667
1.4
1.2
1.13333333333333
1.2
1.4
1.13333333333333
1.2
1.2
1.4
1.2
1.53333333333333
1.4
1.2
1.2
1
2.66666666666667
3.26666666666667
11.5333333333333
2.2
1.8
1.33333333333333
1.26666666666667
1.13333333333333
1.26666666666667
1.4
1.13333333333333
1
1.53333333333333
1
1.06666666666667
1.13333333333333
1
1.26666666666667
2
1
1.33333333333333
1.33333333333333
1
1.06666666666667
1.13333333333333
1.06666666666667
1
1
1.13333333333333
1.2
1.13333333333333
1
1.06666666666667
1.13333333333333
1
1.13333333333333
2.33333333333333
1.73333333333333
2
2
1.2
1.2
1.13333333333333
1.53333333333333
1.6
1.6
1.53333333333333
1.93333333333333
1.4
1.13333333333333
1.26666666666667
1
1.06666666666667
1.4
1.53333333333333
1.33333333333333
1.33333333333333
1
1.13333333333333
1.13333333333333
1
1.4
1.26666666666667
1.13333333333333
1.4
1.33333333333333
1.2
