2
2
2.03333333333333
2
2
2.78571428571429
2.5
2.4
2.3
2.36666666666667
2.26666666666667
2.3
2.36666666666667
2.4
2.36666666666667
2.5
2.5
2.4
2.4
2.5
2.5
2.46666666666667
2.5
2.5
2.23333333333333
2.36666666666667
2.5
2.5
2.5
2.5
2.4
2.26666666666667
2.46666666666667
2.46666666666667
2.4
2.46666666666667
2.46666666666667
2.26666666666667
2.46666666666667
2.5
2.5
2.4
2.43333333333333
2.26666666666667
2.5
2.46666666666667
2.5
2.43333333333333
2.33333333333333
2.46666666666667
2.43333333333333
2.33333333333333
2.4
2.5
2.5
2.5
2.5
2.5
2.5
2.5
2.5
2.5
2.5
2.5
2.5
2.5
2.5
2.5
2.5
2.5
2.5
2.4
2.4
2.5
2.5
2.5
2.5
2.5
2.46666666666667
2.43333333333333
2.5
2.5
2.5
2.5
2.5
2.5
2.57142857142857
2.33333333333333
2.2
2.2
2.3
2.2
2.3
2.26666666666667
2.3
2.13333333333333
2.3
2.2
2.26666666666667
2.1
3.63333333333333
2.2
2.3
2.16666666666667
2.26666666666667
2.13333333333333
2.2
2.23333333333333
2.26666666666667
2.13333333333333
2.16666666666667
2.13333333333333
2.23333333333333
2.13333333333333
2.2
2.13333333333333
2.16666666666667
2.23333333333333
2.13333333333333
2.06666666666667
2.06666666666667
2.03333333333333
2.1
2
2.06666666666667
2.23333333333333
2.1
2
2
2.13333333333333
2.2
2.23333333333333
2.1
2.1
2
2.03333333333333
2
2
2.06666666666667
2
2.16666666666667
2.06666666666667
2.16666666666667
2.2
2
2.33333333333333
2.3
2.23333333333333
2.26666666666667
2.23333333333333
2.23333333333333
2.26666666666667
2.23333333333333
2.3
2.23333333333333
2.26666666666667
2.33333333333333
2
2.03333333333333
2
2
2.03333333333333
2.13333333333333
2.46666666666667
2.23333333333333
2.26666666666667
2.23333333333333
2.26666666666667
2.23333333333333
2.26666666666667
2.13333333333333
2.06666666666667
2.1
2
2
2.03333333333333
2.23333333333333
2.26666666666667
2.23333333333333
2.06666666666667
2.46666666666667
2.26666666666667
2.26666666666667
2.26666666666667
2.84615384615385
2.5
2.5
2.53333333333333
2.53571428571429
2.3
2.23333333333333
2.3
2.33333333333333
2.43333333333333
2.3
2.3
2.33333333333333
2.3
2.26666666666667
2.36666666666667
2.23333333333333
2.33333333333333
2.26666666666667
2.33333333333333
2.23333333333333
2.3
2.26666666666667
2.3
2.23333333333333
2.36666666666667
2.2
2.3
2.2
2.3
2.2
2.3
2.23333333333333
2.33333333333333
2.3
2.33333333333333
2.5
2.3
2.2
2.33333333333333
2.2
2.36666666666667
2.2
2.3
2.1
2.1
2.7
2.5
2.46666666666667
2.53333333333333
2.1
2
2
2.06666666666667
2.16666666666667
2.30769230769231
2.23333333333333
2.03333333333333
2.16666666666667
2.03333333333333
2.1
2.23333333333333
2.53333333333333
2.26666666666667
2.23333333333333
2.26666666666667
2.23333333333333
2.26666666666667
2.23333333333333
2.26666666666667
2.23333333333333
2.26666666666667
2.26666666666667
2.1
2.13333333333333
2.06666666666667
2.03333333333333
2.1
2.26666666666667
2.23333333333333
2.26666666666667
2.23333333333333
2.23333333333333
2.16666666666667
2.2
3.8
5.86666666666667
4.5
4.36666666666667
4.33333333333333
4.33333333333333
4.33333333333333
5.03571428571429
4.8
4.53333333333333
4.5
4.5
4.5
4.5
4.5
4.5
4.5
4.5
4.5
