1.2
1.13333333333333
1.2
1.06666666666667
1.13333333333333
1.33333333333333
1.2
1.13333333333333
1.2
1.2
1.2
1.4
1.2
1.06666666666667
1.13333333333333
1.13333333333333
1.13333333333333
1.26666666666667
1.26666666666667
1.13333333333333
1.2
1.13333333333333
1.13333333333333
1.33333333333333
1.2
1.2
1.13333333333333
1.2
1.2
1.33333333333333
1.2
1.06666666666667
1.13333333333333
1.06666666666667
1.13333333333333
1.4
1.2
1.2
1.2
1.2
1.2
1.2
1.06666666666667
1.13333333333333
1.13333333333333
1.2
1.13333333333333
1.4
1.2
1.13333333333333
1.13333333333333
1.2
1
1.33333333333333
1.13333333333333
1.2
1.13333333333333
1.2
1
1.33333333333333
1.13333333333333
1.13333333333333
1.2
1.13333333333333
1.13333333333333
1.26666666666667
1.2
1.2
1.2
1.13333333333333
1.06666666666667
1.33333333333333
1.2
1.2
1.2
1.2
1.06666666666667
1.33333333333333
1.06666666666667
1.13333333333333
1.13333333333333
1.2
1.2
1.4
1.2
1.2
1.13333333333333
1.06666666666667
1.06666666666667
1.2
1.2
1.2
1.2
1.2
1.2
1.33333333333333
1.13333333333333
1.06666666666667
1.2
1.06666666666667
1.2
1.33333333333333
1.2
1.2
1.13333333333333
1.13333333333333
1.2
1.33333333333333
1.2
1.13333333333333
1.2
1.13333333333333
1.2
1.13333333333333
1.13333333333333
1.06666666666667
1.13333333333333
1.13333333333333
1.2
1.33333333333333
1.13333333333333
1.06666666666667
1.13333333333333
1.06666666666667
1.13333333333333
1.13333333333333
1.2
2.66666666666667
1.2
1.13333333333333
1.2
1.26666666666667
1.2
1
1.2
1.06666666666667
1.13333333333333
1.2
1.2
1.06666666666667
1.13333333333333
1.13333333333333
1.2
1.33333333333333
1.26666666666667
1.13333333333333
1.2
1.13333333333333
1.2
1.26666666666667
1.13333333333333
1
1.13333333333333
1.06666666666667
1.2
1.4
1.2
1.13333333333333
1.2
1.06666666666667
1.2
1.26666666666667
1.2
1.06666666666667
1.2
1.13333333333333
1.2
1.33333333333333
1.2
1.06666666666667
1.13333333333333
1.06666666666667
1.13333333333333
1.2
1.2
1.06666666666667
1.13333333333333
1.13333333333333
1.2
1.4
1.13333333333333
1.06666666666667
1.13333333333333
1.13333333333333
1.2
1.2
1.2
1.13333333333333
1.13333333333333
1.06666666666667
1.13333333333333
1.33333333333333
1.2
1.2
1.13333333333333
1.13333333333333
1.06666666666667
1.2
1.06666666666667
1.13333333333333
1.13333333333333
1.2
1.2
1.33333333333333
1.2
1.2
1.06666666666667
1.13333333333333
1.13333333333333
1.2
1.13333333333333
1.2
1.13333333333333
1.13333333333333
1.06666666666667
1.26666666666667
1.2
1
1.13333333333333
1.13333333333333
1.2
1.2
1.13333333333333
1.2
1.06666666666667
1.2
1.06666666666667
1.4
1.2
1.13333333333333
1.13333333333333
1.2
1.06666666666667
1.26666666666667
1.06666666666667
1.06666666666667
1.13333333333333
1.13333333333333
1.2
1.4
1.26666666666667
1.13333333333333
1.13333333333333
1.06666666666667
1.13333333333333
1.2
1.06666666666667
1.2
1.2
1.13333333333333
1.2
1.33333333333333
1.2
1.06666666666667
1.2
1.13333333333333
1.2
1.26666666666667
1.2
1.06666666666667
1.2
1.06666666666667
1.13333333333333
1.26666666666667
1.26666666666667
1.13333333333333
1.2
1.13333333333333
1.13333333333333
1.2
1.2
1.13333333333333
1.13333333333333
1.06666666666667
1.2
1.33333333333333
1.26666666666667
1.13333333333333
1.2
1.06666666666667
1.13333333333333
1.2
1.13333333333333
1.2
1.2
1.13333333333333
1.2
1.26666666666667
