1.45
1.28333333333333
1.4
1.28333333333333
1.33333333333333
1.26666666666667
1.35
1.28333333333333
1.65
1.73333333333333
1.38333333333333
1.3
1.51666666666667
1.41666666666667
1.31666666666667
1.25
1.31666666666667
1.26666666666667
1.35
1.3
1.65
1.31666666666667
1.51666666666667
1.28333333333333
1.45
1.4
1.45
1.26666666666667
1.31666666666667
1.25
1.36666666666667
1.31666666666667
1.63333333333333
1.26666666666667
1.33333333333333
1.3
1.45
1.31666666666667
1.35
1.28333333333333
1.33333333333333
1.46666666666667
1.38333333333333
1.3
1.68333333333333
1.28333333333333
1.35
1.25
3.28333333333333
1.38333333333333
1.36666666666667
1.28333333333333
1.66666666666667
1.31666666666667
1.36666666666667
1.25
1.66666666666667
1.28333333333333
1.36666666666667
1.31666666666667
1.45
1.28333333333333
1.36666666666667
1.31666666666667
1.31666666666667
1.26666666666667
1.38333333333333
1.31666666666667
1.66666666666667
1.3
1.5
1.25
1.61666666666667
1.3
1.33333333333333
1.26666666666667
1.38333333333333
1.33333333333333
1.38333333333333
1.3
1.61666666666667
1.3
1.38333333333333
1.3
1.45
1.33333333333333
1.31666666666667
1.26666666666667
1.31666666666667
1.25
1.36666666666667
1.25
1.63333333333333
1.28333333333333
1.35
1.33333333333333
1.48333333333333
1.33333333333333
1.36666666666667
1.28333333333333
1.33333333333333
1.3
1.38333333333333
1.3
1.63333333333333
1.3
1.36666666666667
1.25
1.45
1.3
1.33333333333333
1.3
1.36666666666667
1.26666666666667
1.4
1.31666666666667
1.65
1.26666666666667
1.36666666666667
1.31666666666667
1.46666666666667
1.28333333333333
1.31666666666667
1.33333333333333
1.31666666666667
1.41666666666667
1.41666666666667
1.38333333333333
1.63333333333333
1.31666666666667
1.36666666666667
1.33333333333333
1.41666666666667
1.35
1.38333333333333
1.36666666666667
1.36666666666667
1.35
1.43333333333333
1.3
1.61666666666667
1.36666666666667
1.33333333333333
1.35
1.48333333333333
1.38333333333333
1.36666666666667
1.4
1.38333333333333
1.36666666666667
1.43333333333333
1.35
1.65
1.3
1.41666666666667
1.4
1.48333333333333
1.43333333333333
1.46666666666667
1.41666666666667
1.41666666666667
1.36666666666667
1.4
1.36666666666667
1.61666666666667
1.35
1.31666666666667
1.4
1.43333333333333
1.3
1.35
1.33333333333333
1.75
1.31666666666667
1.41666666666667
1.36666666666667
1.65
1.31666666666667
4.15
1.5
1.46666666666667
1.31666666666667
1.33333333333333
1.36666666666667
1.35
1.35
1.38333333333333
1.35
1.63333333333333
1.31666666666667
1.28333333333333
1.33333333333333
1.46666666666667
1.36666666666667
1.33333333333333
1.35
1.36666666666667
1.4
1.45
1.36666666666667
1.63333333333333
1.41666666666667
1.43333333333333
1.4
1.48333333333333
1.35
1.35
1.38333333333333
1.38333333333333
1.33333333333333
1.36666666666667
1.33333333333333
1.63333333333333
1.35
1.33333333333333
1.36666666666667
1.46666666666667
1.33333333333333
1.33333333333333
1.33333333333333
1.33333333333333
1.26666666666667
1.38333333333333
1.33333333333333
1.65
1.33333333333333
1.38333333333333
1.36666666666667
1.45
1.35
1.45
1.4
1.36666666666667
1.35
1.43333333333333
1.43333333333333
1.63333333333333
1.31666666666667
1.38333333333333
1.38333333333333
1.46666666666667
1.38333333333333
1.36666666666667
1.4
1.33333333333333
1.35
1.38333333333333
1.55
1.61666666666667
1.4
1.38333333333333
1.36666666666667
1.45
1.35
1.31666666666667
1.31666666666667
1.31666666666667
1.31666666666667
1.4
1.28333333333333
1.6
1.55
1.31666666666667
1.31666666666667
1.45
1.33333333333333
1.38333333333333
1.35
1.4
1.38333333333333
1.35
1.31666666666667
1.58333333333333
1.33333333333333
1.33333333333333
1.33333333333333
1.46666666666667
1.31666666666667
1.33333333333333
1.28333333333333
1.33333333333333
1.31666666666667
1.36666666666667
1.31666666666667
1.6
1.28333333333333
1.31666666666667
1.31666666666667
