1.76666666666667
1.8
1.73333333333333
1.76666666666667
2.01666666666667
1.78333333333333
1.73333333333333
1.78333333333333
1.73333333333333
1.76666666666667
2.4
1.75
1.76666666666667
1.78333333333333
1.73333333333333
1.75
2
1.75
1.73333333333333
1.76666666666667
1.71666666666667
1.75
1.75
1.7
1.71666666666667
1.76666666666667
1.7
1.76666666666667
2.01666666666667
1.75
1.73333333333333
1.76666666666667
1.71666666666667
1.78333333333333
1.75
1.75
1.71666666666667
1.56666666666667
1.51666666666667
1.6
1.9
1.6
1.68333333333333
1.73333333333333
1.73333333333333
1.8
1.76666666666667
1.78333333333333
3.5
2.01666666666667
1.76666666666667
1.81666666666667
2.06666666666667
1.81666666666667
1.76666666666667
1.73333333333333
1.7
1.78333333333333
1.7
1.75
1.86666666666667
1.78333333333333
1.71666666666667
1.78333333333333
2
1.8
1.75
1.73333333333333
2.25
1.9
6.11666666666667
1.76666666666667
1.76666666666667
1.75
1.73333333333333
1.76666666666667
1.98333333333333
1.81666666666667
1.71666666666667
1.75
1.75
1.75
1.75
1.78333333333333
1.8
1.71666666666667
1.75
1.71666666666667
2
1.78333333333333
1.75
1.73333333333333
1.73333333333333
1.75
1.73333333333333
1.78333333333333
1.9
1.76666666666667
1.7
1.75
2.01666666666667
1.78333333333333
1.73333333333333
1.78333333333333
1.76666666666667
1.75
1.75
1.76666666666667
1.76666666666667
1.76666666666667
1.76666666666667
1.73333333333333
2.03333333333333
1.78333333333333
1.73333333333333
1.76666666666667
1.7
1.75
1.71666666666667
1.76666666666667
1.73333333333333
1.8
1.8
1.83333333333333
2.05
1.78333333333333
1.76666666666667
1.76666666666667
1.78333333333333
1.76666666666667
1.76666666666667
1.75
1.81666666666667
1.76666666666667
1.78333333333333
1.76666666666667
1.98333333333333
1.81666666666667
1.83333333333333
1.8
1.75
1.76666666666667
1.73333333333333
1.75
1.81666666666667
1.73333333333333
1.85
1.8
2.06666666666667
1.83333333333333
1.8
1.78333333333333
1.78333333333333
1.76666666666667
1.76666666666667
1.76666666666667
1.85
1.76666666666667
1.75
1.76666666666667
2.01666666666667
1.75
1.75
1.75
1.76666666666667
1.76666666666667
1.75
1.8
1.78333333333333
1.76666666666667
1.76666666666667
1.78333333333333
2.38333333333333
1.78333333333333
1.8
4.71666666666667
1.75
1.76666666666667
1.75
1.76666666666667
1.81666666666667
1.73333333333333
1.78333333333333
1.75
2.05
1.83333333333333
1.8
1.76666666666667
1.76666666666667
1.76666666666667
1.73333333333333
1.71666666666667
1.78333333333333
1.78333333333333
1.8
1.76666666666667
2.01666666666667
1.78333333333333
1.73333333333333
1.76666666666667
1.75
1.75
1.76666666666667
1.73333333333333
1.8
1.73333333333333
1.76666666666667
1.75
2.01666666666667
1.8
1.76666666666667
1.78333333333333
1.75
1.73333333333333
1.71666666666667
1.75
1.78333333333333
1.75
1.76666666666667
1.75
2
1.78333333333333
1.76666666666667
1.75
1.75
1.78333333333333
1.8
1.75
1.81666666666667
1.8
1.81666666666667
1.75
2
1.78333333333333
1.78333333333333
1.71666666666667
1.8
1.78333333333333
1.76666666666667
1.8
1.8
1.8
1.75
1.78333333333333
2.05
1.75
1.78333333333333
1.75
1.8
1.8
1.73333333333333
1.8
1.86666666666667
1.86666666666667
1.8
1.75
2.03333333333333
1.8
1.71666666666667
1.73333333333333
1.78333333333333
1.78333333333333
1.78333333333333
1.75
1.75
1.7
1.65
1.65
1.93333333333333
1.66666666666667
1.66666666666667
1.6
1.6
1.66666666666667
1.63333333333333
1.6
1.73333333333333
1.63333333333333
1.63333333333333
1.8
2.06666666666667
1.78333333333333
1.78333333333333
1.76666666666667
1.78333333333333
1.76666666666667
1.75
1.76666666666667
