9.53333333333333
9.6
9.46666666666667
9.73333333333333
9
10.3333333333333
10
10.2
10
9.13333333333333
9.86666666666667
9.26666666666667
9
10.2
9.93333333333333
10.2
10
9.33333333333333
9.4
9.66666666666667
9.26666666666667
9.86666666666667
10
10.1333333333333
10
9.26666666666667
9.66666666666667
9.33333333333333
9.73333333333333
9.53333333333333
10
10.2
10
9.8
9.33333333333333
9.13333333333333
10
9.2
10
10.2
9.93333333333333
10.2666666666667
9.06666666666667
9.26666666666667
9.93333333333333
9.2
10
10.2
10
10.2
8.93333333333333
9.6
9.46666666666667
9.4
9.73333333333333
10.2
10
10.2
9.13333333333333
9.8
9.13333333333333
9.73333333333333
9.33333333333333
10.0666666666667
10
10.1333333333333
9.6
9.6
9
9.6
9.6
10.1333333333333
9.93333333333333
10.1333333333333
10
9.2
9.13333333333333
9.86666666666667
9.2
10.2
10
10.2
10
9.2
9.53333333333333
9.66666666666667
9
10.2
9.93333333333333
10.4
10
9.46666666666667
9.66666666666667
9.26666666666667
9
10.1333333333333
10
10.2
10
9.93333333333333
9.26666666666667
9.06666666666667
9.53333333333333
9.46666666666667
10
10.2
10
10.2
8.93333333333333
9.33333333333333
9.73333333333333
9
10
10.7333333333333
10
10.0666666666667
9.13333333333333
9.86666666666667
9.26666666666667
9.06666666666667
10
10
10
10.2
9
10.2
8.93333333333333
9.26666666666667
9.66666666666667
10.0666666666667
10
10.2
9.26666666666667
9.86666666666667
9.13333333333333
9.73333333333333
9.2
10.0666666666667
10
10.1333333333333
9.73333333333333
9.46666666666667
9.6
9.46666666666667
9
10.0666666666667
10
10.1333333333333
9.93333333333333
9.2
10
9.13333333333333
9.06666666666667
10.0666666666667
9.93333333333333
10.0666666666667
10
9.13333333333333
9.93333333333333
9.2
9.66666666666667
9.46666666666667
10
10.0666666666667
10
9.8
9.26666666666667
9.2
10
9.06666666666667
10
10
10
10.2666666666667
9
9.4
9.73333333333333
9.13333333333333
9.86666666666667
10.0666666666667
10
10.1333333333333
9
9.86666666666667
9.2
9.8
9.33333333333333
10
10
10.1333333333333
9.6
9.6
9
10.1333333333333
9
10
10
10.2
10
9.2
9.2
10
9.06666666666667
10
10
10.1333333333333
10
9.13333333333333
9.73333333333333
9.53333333333333
9
10.2
9.93333333333333
10.0666666666667
10
9.53333333333333
9.6
9.26666666666667
9.13333333333333
10
10
10.2666666666667
10
9.8
9.2
9.2
9.53333333333333
9.6
9.93333333333333
10.1333333333333
10
10.1333333333333
9
9.53333333333333
9.66666666666667
9.13333333333333
10
10.1333333333333
10
10.1333333333333
9.06666666666667
9.8
9.06666666666667
9.13333333333333
10
10.3333333333333
10
10.1333333333333
9.53333333333333
9.53333333333333
9
9.4
9.66666666666667
10.1333333333333
10
10.0666666666667
9.2
10
9
9.86666666666667
9.2
10.2
10.1333333333333
10.1333333333333
9.6
9.6
9.46666666666667
9.73333333333333
9
10.2
10
10.1333333333333
10
9.13333333333333
9.8
9.4
9
10.2
10
10.2
10
9.2
10
9.2
9.2
9.93333333333333
9.86666666666667
10.1333333333333
