1.4625
1.46666666666667
1.49583333333333
1.48333333333333
1.47916666666667
1.45
1.50833333333333
1.45416666666667
1.46666666666667
1.47916666666667
1.51666666666667
1.50416666666667
1.42916666666667
1.4625
1.44583333333333
1.425
1.4875
1.4875
1.50416666666667
1.5
1.50416666666667
1.45
1.4375
1.42916666666667
1.37916666666667
1.4
1.475
1.4375
1.50416666666667
1.46666666666667
1.4375
1.4625
1.4375
1.4375
1.46666666666667
1.45833333333333
1.4625
1.60416666666667
1.71666666666667
1.625
1.5875
1.56666666666667
1.625
1.61666666666667
1.59166666666667
1.55
1.51666666666667
1.5
1.5
1.51666666666667
1.50416666666667
1.50416666666667
1.56666666666667
1.525
1.51666666666667
1.53333333333333
1.5125
1.51666666666667
1.56666666666667
1.59583333333333
1.5375
1.50833333333333
1.5
1.52916666666667
1.575
1.575
1.7125
1.6
1.60833333333333
1.58333333333333
1.525
1.51666666666667
1.52083333333333
1.5375
1.55
1.7
1.65416666666667
1.64583333333333
1.61666666666667
1.71666666666667
1.6125
1.60416666666667
1.55416666666667
1.52916666666667
1.54583333333333
1.53333333333333
1.55
1.62916666666667
1.65
1.60416666666667
1.59166666666667
1.65416666666667
1.6125
1.60416666666667
1.6125
1.59166666666667
1.5375
1.5
1.5
1.50416666666667
1.58333333333333
1.54583333333333
1.525
1.51666666666667
1.52083333333333
1.525
1.55416666666667
1.5375
1.5125
1.52916666666667
1.50833333333333
1.50833333333333
1.55416666666667
1.53333333333333
1.52916666666667
1.52916666666667
1.52916666666667
1.54583333333333
1.525
1.525
1.525
1.53333333333333
1.53333333333333
1.54166666666667
1.57916666666667
1.52083333333333
1.5125
1.52916666666667
1.5125
1.525
1.52916666666667
1.5
1.52083333333333
1.525
1.52083333333333
1.50833333333333
1.57916666666667
1.52083333333333
1.53333333333333
1.53333333333333
1.5125
1.52916666666667
1.525
1.52916666666667
1.54583333333333
1.52083333333333
1.51666666666667
1.5375
1.56666666666667
1.52916666666667
1.53333333333333
1.5125
1.51666666666667
1.5125
1.51666666666667
1.52916666666667
1.54583333333333
1.53333333333333
1.54166666666667
1.55
1.58333333333333
1.74166666666667
1.5375
1.50833333333333
1.52083333333333
1.55
1.52083333333333
1.55
1.53333333333333
1.52083333333333
1.52083333333333
1.525
1.5875
1.5375
1.5125
1.50833333333333
1.525
1.5375
1.525
1.525
1.52083333333333
1.52083333333333
1.52916666666667
1.51666666666667
1.56666666666667
1.5375
1.51666666666667
1.525
1.525
1.525
1.525
1.51666666666667
1.53333333333333
1.55
1.55833333333333
1.51666666666667
1.5875
1.52916666666667
1.52916666666667
1.52916666666667
1.52083333333333
1.5375
1.525
1.51666666666667
1.525
1.58333333333333
1.7375
1.7875
1.8375
1.74583333333333
1.77916666666667
1.7625
1.7625
1.7625
1.79166666666667
1.75833333333333
1.77083333333333
1.76666666666667
1.7625
1.80416666666667
1.825
1.77083333333333
1.79166666666667
1.76666666666667
1.74166666666667
1.78333333333333
1.7625
1.77916666666667
1.7875
1.76666666666667
1.77083333333333
1.775
1.8
1.77083333333333
1.77916666666667
1.75
1.77916666666667
1.7625
1.75833333333333
1.7625
1.8
1.74166666666667
1.7875
1.75416666666667
1.82916666666667
1.7875
1.74583333333333
1.775
1.75
1.76666666666667
1.80416666666667
1.77916666666667
1.77083333333333
1.75
1.7625
1.74166666666667
1.81666666666667
1.79166666666667
1.7875
1.75416666666667
1.77916666666667
1.75416666666667
1.78333333333333
1.7875
1.7875
1.7625
1.77916666666667
1.7125
1.81666666666667
1.77916666666667
1.75833333333333
1.78333333333333
1.76666666666667
1.75833333333333
1.79583333333333
1.6125
1.51666666666667
1.59166666666667
1.70416666666667
1.59583333333333
1.63333333333333
1.62083333333333
1.675
1.6375
1.64166666666667
1.61666666666667
1.64583333333333
1.55833333333333
